225 812 3
4 2 1
0 2 1
15
param Vertices :=
1 0.0
2 0.1
3 0.2
4 0.3
5 0.4
6 0.5
7 0.6
8 0.7
9 0.8
10 0.9
11 0.10
12 0.11
13 0.12
14 0.13
15 0.14
16 1.0
17 1.1
18 1.2
19 1.3
20 1.4
21 1.5
22 1.6
23 1.7
24 1.8
25 1.9
26 1.10
27 1.11
28 1.12
29 1.13
30 1.14
31 2.0
32 2.1
33 2.2
34 2.3
35 2.4
36 2.5
37 2.6
38 2.7
39 2.8
40 2.9
41 2.10
42 2.11
43 2.12
44 2.13
45 2.14
46 3.0
47 3.1
48 3.2
49 3.3
50 3.4
51 3.5
52 3.6
53 3.7
54 3.8
55 3.9
56 3.10
57 3.11
58 3.12
59 3.13
60 3.14
61 4.0
62 4.1
63 4.2
64 4.3
65 4.4
66 4.5
67 4.6
68 4.7
69 4.8
70 4.9
71 4.10
72 4.11
73 4.12
74 4.13
75 4.14
76 5.0
77 5.1
78 5.2
79 5.3
80 5.4
81 5.5
82 5.6
83 5.7
84 5.8
85 5.9
86 5.10
87 5.11
88 5.12
89 5.13
90 5.14
91 6.0
92 6.1
93 6.2
94 6.3
95 6.4
96 6.5
97 6.6
98 6.7
99 6.8
100 6.9
101 6.10
102 6.11
103 6.12
104 6.13
105 6.14
106 7.0
107 7.1
108 7.2
109 7.3
110 7.4
111 7.5
112 7.6
113 7.7
114 7.8
115 7.9
116 7.10
117 7.11
118 7.12
119 7.13
120 7.14
121 8.0
122 8.1
123 8.2
124 8.3
125 8.4
126 8.5
127 8.6
128 8.7
129 8.8
130 8.9
131 8.10
132 8.11
133 8.12
134 8.13
135 8.14
136 9.0
137 9.1
138 9.2
139 9.3
140 9.4
141 9.5
142 9.6
143 9.7
144 9.8
145 9.9
146 9.10
147 9.11
148 9.12
149 9.13
150 9.14
151 10.0
152 10.1
153 10.2
154 10.3
155 10.4
156 10.5
157 10.6
158 10.7
159 10.8
160 10.9
161 10.10
162 10.11
163 10.12
164 10.13
165 10.14
166 11.0
167 11.1
168 11.2
169 11.3
170 11.4
171 11.5
172 11.6
173 11.7
174 11.8
175 11.9
176 11.10
177 11.11
178 11.12
179 11.13
180 11.14
181 12.0
182 12.1
183 12.2
184 12.3
185 12.4
186 12.5
187 12.6
188 12.7
189 12.8
190 12.9
191 12.10
192 12.11
193 12.12
194 12.13
195 12.14
196 13.0
197 13.1
198 13.2
199 13.3
200 13.4
201 13.5
202 13.6
203 13.7
204 13.8
205 13.9
206 13.10
207 13.11
208 13.12
209 13.13
210 13.14
211 14.0
212 14.1
213 14.2
214 14.3
215 14.4
216 14.5
217 14.6
218 14.7
219 14.8
220 14.9
221 14.10
222 14.11
223 14.12
224 14.13
225 14.14
;
param Edges :=
1 16
1 2
1 17
2 17
2 3
2 18
2 16
3 18
3 4
3 19
3 17
4 19
4 5
4 20
4 18
5 20
5 6
5 21
5 19
6 21
6 7
6 22
6 20
7 22
7 8
7 23
7 21
8 23
8 9
8 24
8 22
9 24
9 10
9 25
9 23
10 25
10 11
10 26
10 24
11 26
11 12
11 27
11 25
12 27
12 13
12 28
12 26
13 28
13 14
13 29
13 27
14 29
14 15
14 30
14 28
15 30
15 29
16 31
16 17
16 32
17 32
17 18
17 33
17 31
18 33
18 19
18 34
18 32
19 34
19 20
19 35
19 33
20 35
20 21
20 36
20 34
21 36
21 22
21 37
21 35
22 37
22 23
22 38
22 36
23 38
23 24
23 39
23 37
24 39
24 25
24 40
24 38
25 40
25 26
25 41
25 39
26 41
26 27
26 42
26 40
27 42
27 28
27 43
27 41
28 43
28 29
28 44
28 42
29 44
29 30
29 45
29 43
30 45
30 44
31 46
31 32
31 47
32 47
32 33
32 48
32 46
33 48
33 34
33 49
33 47
34 49
34 35
34 50
34 48
35 50
35 36
35 51
35 49
36 51
36 37
36 52
36 50
37 52
37 38
37 53
37 51
38 53
38 39
38 54
38 52
39 54
39 40
39 55
39 53
40 55
40 41
40 56
40 54
41 56
41 42
41 57
41 55
42 57
42 43
42 58
42 56
43 58
43 44
43 59
43 57
44 59
44 45
44 60
44 58
45 60
45 59
46 61
46 47
46 62
47 62
47 48
47 63
47 61
48 63
48 49
48 64
48 62
49 64
49 50
49 65
49 63
50 65
50 51
50 66
50 64
51 66
51 52
51 67
51 65
52 67
52 53
52 68
52 66
53 68
53 54
53 69
53 67
54 69
54 55
54 70
54 68
55 70
55 56
55 71
55 69
56 71
56 57
56 72
56 70
57 72
57 58
57 73
57 71
58 73
58 59
58 74
58 72
59 74
59 60
59 75
59 73
60 75
60 74
61 76
61 62
61 77
62 77
62 63
62 78
62 76
63 78
63 64
63 79
63 77
64 79
64 65
64 80
64 78
65 80
65 66
65 81
65 79
66 81
66 67
66 82
66 80
67 82
67 68
67 83
67 81
68 83
68 69
68 84
68 82
69 84
69 70
69 85
69 83
70 85
70 71
70 86
70 84
71 86
71 72
71 87
71 85
72 87
72 73
72 88
72 86
73 88
73 74
73 89
73 87
74 89
74 75
74 90
74 88
75 90
75 89
76 91
76 77
76 92
77 92
77 78
77 93
77 91
78 93
78 79
78 94
78 92
79 94
79 80
79 95
79 93
80 95
80 81
80 96
80 94
81 96
81 82
81 97
81 95
82 97
82 83
82 98
82 96
83 98
83 84
83 99
83 97
84 99
84 85
84 100
84 98
85 100
85 86
85 101
85 99
86 101
86 87
86 102
86 100
87 102
87 88
87 103
87 101
88 103
88 89
88 104
88 102
89 104
89 90
89 105
89 103
90 105
90 104
91 106
91 92
91 107
92 107
92 93
92 108
92 106
93 108
93 94
93 109
93 107
94 109
94 95
94 110
94 108
95 110
95 96
95 111
95 109
96 111
96 97
96 112
96 110
97 112
97 98
97 113
97 111
98 113
98 99
98 114
98 112
99 114
99 100
99 115
99 113
100 115
100 101
100 116
100 114
101 116
101 102
101 117
101 115
102 117
102 103
102 118
102 116
103 118
103 104
103 119
103 117
104 119
104 105
104 120
104 118
105 120
105 119
106 121
106 107
106 122
107 122
107 108
107 123
107 121
108 123
108 109
108 124
108 122
109 124
109 110
109 125
109 123
110 125
110 111
110 126
110 124
111 126
111 112
111 127
111 125
112 127
112 113
112 128
112 126
113 128
113 114
113 129
113 127
114 129
114 115
114 130
114 128
115 130
115 116
115 131
115 129
116 131
116 117
116 132
116 130
117 132
117 118
117 133
117 131
118 133
118 119
118 134
118 132
119 134
119 120
119 135
119 133
120 135
120 134
121 136
121 122
121 137
122 137
122 123
122 138
122 136
123 138
123 124
123 139
123 137
124 139
124 125
124 140
124 138
125 140
125 126
125 141
125 139
126 141
126 127
126 142
126 140
127 142
127 128
127 143
127 141
128 143
128 129
128 144
128 142
129 144
129 130
129 145
129 143
130 145
130 131
130 146
130 144
131 146
131 132
131 147
131 145
132 147
132 133
132 148
132 146
133 148
133 134
133 149
133 147
134 149
134 135
134 150
134 148
135 150
135 149
136 151
136 137
136 152
137 152
137 138
137 153
137 151
138 153
138 139
138 154
138 152
139 154
139 140
139 155
139 153
140 155
140 141
140 156
140 154
141 156
141 142
141 157
141 155
142 157
142 143
142 158
142 156
143 158
143 144
143 159
143 157
144 159
144 145
144 160
144 158
145 160
145 146
145 161
145 159
146 161
146 147
146 162
146 160
147 162
147 148
147 163
147 161
148 163
148 149
148 164
148 162
149 164
149 150
149 165
149 163
150 165
150 164
151 166
151 152
151 167
152 167
152 153
152 168
152 166
153 168
153 154
153 169
153 167
154 169
154 155
154 170
154 168
155 170
155 156
155 171
155 169
156 171
156 157
156 172
156 170
157 172
157 158
157 173
157 171
158 173
158 159
158 174
158 172
159 174
159 160
159 175
159 173
160 175
160 161
160 176
160 174
161 176
161 162
161 177
161 175
162 177
162 163
162 178
162 176
163 178
163 164
163 179
163 177
164 179
164 165
164 180
164 178
165 180
165 179
166 181
166 167
166 182
167 182
167 168
167 183
167 181
168 183
168 169
168 184
168 182
169 184
169 170
169 185
169 183
170 185
170 171
170 186
170 184
171 186
171 172
171 187
171 185
172 187
172 173
172 188
172 186
173 188
173 174
173 189
173 187
174 189
174 175
174 190
174 188
175 190
175 176
175 191
175 189
176 191
176 177
176 192
176 190
177 192
177 178
177 193
177 191
178 193
178 179
178 194
178 192
179 194
179 180
179 195
179 193
180 195
180 194
181 196
181 182
181 197
182 197
182 183
182 198
182 196
183 198
183 184
183 199
183 197
184 199
184 185
184 200
184 198
185 200
185 186
185 201
185 199
186 201
186 187
186 202
186 200
187 202
187 188
187 203
187 201
188 203
188 189
188 204
188 202
189 204
189 190
189 205
189 203
190 205
190 191
190 206
190 204
191 206
191 192
191 207
191 205
192 207
192 193
192 208
192 206
193 208
193 194
193 209
193 207
194 209
194 195
194 210
194 208
195 210
195 209
196 211
196 197
196 212
197 212
197 198
197 213
197 211
198 213
198 199
198 214
198 212
199 214
199 200
199 215
199 213
200 215
200 201
200 216
200 214
201 216
201 202
201 217
201 215
202 217
202 203
202 218
202 216
203 218
203 204
203 219
203 217
204 219
204 205
204 220
204 218
205 220
205 206
205 221
205 219
206 221
206 207
206 222
206 220
207 222
207 208
207 223
207 221
208 223
208 209
208 224
208 222
209 224
209 210
209 225
209 223
210 225
210 224
211 212
212 213
213 214
214 215
215 216
216 217
217 218
218 219
219 220
220 221
221 222
222 223
223 224
224 225
;
param Grid_Label_Edges :=
0 0 1 0
0 0 0 1
0 0 1 1
0 1 1 1
0 1 0 2
0 1 1 2
0 1 1 0
0 2 1 2
0 2 0 3
0 2 1 3
0 2 1 1
0 3 1 3
0 3 0 4
0 3 1 4
0 3 1 2
0 4 1 4
0 4 0 5
0 4 1 5
0 4 1 3
0 5 1 5
0 5 0 6
0 5 1 6
0 5 1 4
0 6 1 6
0 6 0 7
0 6 1 7
0 6 1 5
0 7 1 7
0 7 0 8
0 7 1 8
0 7 1 6
0 8 1 8
0 8 0 9
0 8 1 9
0 8 1 7
0 9 1 9
0 9 0 10
0 9 1 10
0 9 1 8
0 10 1 10
0 10 0 11
0 10 1 11
0 10 1 9
0 11 1 11
0 11 0 12
0 11 1 12
0 11 1 10
0 12 1 12
0 12 0 13
0 12 1 13
0 12 1 11
0 13 1 13
0 13 0 14
0 13 1 14
0 13 1 12
0 14 1 14
0 14 1 13
1 0 2 0
1 0 1 1
1 0 2 1
1 1 2 1
1 1 1 2
1 1 2 2
1 1 2 0
1 2 2 2
1 2 1 3
1 2 2 3
1 2 2 1
1 3 2 3
1 3 1 4
1 3 2 4
1 3 2 2
1 4 2 4
1 4 1 5
1 4 2 5
1 4 2 3
1 5 2 5
1 5 1 6
1 5 2 6
1 5 2 4
1 6 2 6
1 6 1 7
1 6 2 7
1 6 2 5
1 7 2 7
1 7 1 8
1 7 2 8
1 7 2 6
1 8 2 8
1 8 1 9
1 8 2 9
1 8 2 7
1 9 2 9
1 9 1 10
1 9 2 10
1 9 2 8
1 10 2 10
1 10 1 11
1 10 2 11
1 10 2 9
1 11 2 11
1 11 1 12
1 11 2 12
1 11 2 10
1 12 2 12
1 12 1 13
1 12 2 13
1 12 2 11
1 13 2 13
1 13 1 14
1 13 2 14
1 13 2 12
1 14 2 14
1 14 2 13
2 0 3 0
2 0 2 1
2 0 3 1
2 1 3 1
2 1 2 2
2 1 3 2
2 1 3 0
2 2 3 2
2 2 2 3
2 2 3 3
2 2 3 1
2 3 3 3
2 3 2 4
2 3 3 4
2 3 3 2
2 4 3 4
2 4 2 5
2 4 3 5
2 4 3 3
2 5 3 5
2 5 2 6
2 5 3 6
2 5 3 4
2 6 3 6
2 6 2 7
2 6 3 7
2 6 3 5
2 7 3 7
2 7 2 8
2 7 3 8
2 7 3 6
2 8 3 8
2 8 2 9
2 8 3 9
2 8 3 7
2 9 3 9
2 9 2 10
2 9 3 10
2 9 3 8
2 10 3 10
2 10 2 11
2 10 3 11
2 10 3 9
2 11 3 11
2 11 2 12
2 11 3 12
2 11 3 10
2 12 3 12
2 12 2 13
2 12 3 13
2 12 3 11
2 13 3 13
2 13 2 14
2 13 3 14
2 13 3 12
2 14 3 14
2 14 3 13
3 0 4 0
3 0 3 1
3 0 4 1
3 1 4 1
3 1 3 2
3 1 4 2
3 1 4 0
3 2 4 2
3 2 3 3
3 2 4 3
3 2 4 1
3 3 4 3
3 3 3 4
3 3 4 4
3 3 4 2
3 4 4 4
3 4 3 5
3 4 4 5
3 4 4 3
3 5 4 5
3 5 3 6
3 5 4 6
3 5 4 4
3 6 4 6
3 6 3 7
3 6 4 7
3 6 4 5
3 7 4 7
3 7 3 8
3 7 4 8
3 7 4 6
3 8 4 8
3 8 3 9
3 8 4 9
3 8 4 7
3 9 4 9
3 9 3 10
3 9 4 10
3 9 4 8
3 10 4 10
3 10 3 11
3 10 4 11
3 10 4 9
3 11 4 11
3 11 3 12
3 11 4 12
3 11 4 10
3 12 4 12
3 12 3 13
3 12 4 13
3 12 4 11
3 13 4 13
3 13 3 14
3 13 4 14
3 13 4 12
3 14 4 14
3 14 4 13
4 0 5 0
4 0 4 1
4 0 5 1
4 1 5 1
4 1 4 2
4 1 5 2
4 1 5 0
4 2 5 2
4 2 4 3
4 2 5 3
4 2 5 1
4 3 5 3
4 3 4 4
4 3 5 4
4 3 5 2
4 4 5 4
4 4 4 5
4 4 5 5
4 4 5 3
4 5 5 5
4 5 4 6
4 5 5 6
4 5 5 4
4 6 5 6
4 6 4 7
4 6 5 7
4 6 5 5
4 7 5 7
4 7 4 8
4 7 5 8
4 7 5 6
4 8 5 8
4 8 4 9
4 8 5 9
4 8 5 7
4 9 5 9
4 9 4 10
4 9 5 10
4 9 5 8
4 10 5 10
4 10 4 11
4 10 5 11
4 10 5 9
4 11 5 11
4 11 4 12
4 11 5 12
4 11 5 10
4 12 5 12
4 12 4 13
4 12 5 13
4 12 5 11
4 13 5 13
4 13 4 14
4 13 5 14
4 13 5 12
4 14 5 14
4 14 5 13
5 0 6 0
5 0 5 1
5 0 6 1
5 1 6 1
5 1 5 2
5 1 6 2
5 1 6 0
5 2 6 2
5 2 5 3
5 2 6 3
5 2 6 1
5 3 6 3
5 3 5 4
5 3 6 4
5 3 6 2
5 4 6 4
5 4 5 5
5 4 6 5
5 4 6 3
5 5 6 5
5 5 5 6
5 5 6 6
5 5 6 4
5 6 6 6
5 6 5 7
5 6 6 7
5 6 6 5
5 7 6 7
5 7 5 8
5 7 6 8
5 7 6 6
5 8 6 8
5 8 5 9
5 8 6 9
5 8 6 7
5 9 6 9
5 9 5 10
5 9 6 10
5 9 6 8
5 10 6 10
5 10 5 11
5 10 6 11
5 10 6 9
5 11 6 11
5 11 5 12
5 11 6 12
5 11 6 10
5 12 6 12
5 12 5 13
5 12 6 13
5 12 6 11
5 13 6 13
5 13 5 14
5 13 6 14
5 13 6 12
5 14 6 14
5 14 6 13
6 0 7 0
6 0 6 1
6 0 7 1
6 1 7 1
6 1 6 2
6 1 7 2
6 1 7 0
6 2 7 2
6 2 6 3
6 2 7 3
6 2 7 1
6 3 7 3
6 3 6 4
6 3 7 4
6 3 7 2
6 4 7 4
6 4 6 5
6 4 7 5
6 4 7 3
6 5 7 5
6 5 6 6
6 5 7 6
6 5 7 4
6 6 7 6
6 6 6 7
6 6 7 7
6 6 7 5
6 7 7 7
6 7 6 8
6 7 7 8
6 7 7 6
6 8 7 8
6 8 6 9
6 8 7 9
6 8 7 7
6 9 7 9
6 9 6 10
6 9 7 10
6 9 7 8
6 10 7 10
6 10 6 11
6 10 7 11
6 10 7 9
6 11 7 11
6 11 6 12
6 11 7 12
6 11 7 10
6 12 7 12
6 12 6 13
6 12 7 13
6 12 7 11
6 13 7 13
6 13 6 14
6 13 7 14
6 13 7 12
6 14 7 14
6 14 7 13
7 0 8 0
7 0 7 1
7 0 8 1
7 1 8 1
7 1 7 2
7 1 8 2
7 1 8 0
7 2 8 2
7 2 7 3
7 2 8 3
7 2 8 1
7 3 8 3
7 3 7 4
7 3 8 4
7 3 8 2
7 4 8 4
7 4 7 5
7 4 8 5
7 4 8 3
7 5 8 5
7 5 7 6
7 5 8 6
7 5 8 4
7 6 8 6
7 6 7 7
7 6 8 7
7 6 8 5
7 7 8 7
7 7 7 8
7 7 8 8
7 7 8 6
7 8 8 8
7 8 7 9
7 8 8 9
7 8 8 7
7 9 8 9
7 9 7 10
7 9 8 10
7 9 8 8
7 10 8 10
7 10 7 11
7 10 8 11
7 10 8 9
7 11 8 11
7 11 7 12
7 11 8 12
7 11 8 10
7 12 8 12
7 12 7 13
7 12 8 13
7 12 8 11
7 13 8 13
7 13 7 14
7 13 8 14
7 13 8 12
7 14 8 14
7 14 8 13
8 0 9 0
8 0 8 1
8 0 9 1
8 1 9 1
8 1 8 2
8 1 9 2
8 1 9 0
8 2 9 2
8 2 8 3
8 2 9 3
8 2 9 1
8 3 9 3
8 3 8 4
8 3 9 4
8 3 9 2
8 4 9 4
8 4 8 5
8 4 9 5
8 4 9 3
8 5 9 5
8 5 8 6
8 5 9 6
8 5 9 4
8 6 9 6
8 6 8 7
8 6 9 7
8 6 9 5
8 7 9 7
8 7 8 8
8 7 9 8
8 7 9 6
8 8 9 8
8 8 8 9
8 8 9 9
8 8 9 7
8 9 9 9
8 9 8 10
8 9 9 10
8 9 9 8
8 10 9 10
8 10 8 11
8 10 9 11
8 10 9 9
8 11 9 11
8 11 8 12
8 11 9 12
8 11 9 10
8 12 9 12
8 12 8 13
8 12 9 13
8 12 9 11
8 13 9 13
8 13 8 14
8 13 9 14
8 13 9 12
8 14 9 14
8 14 9 13
9 0 10 0
9 0 9 1
9 0 10 1
9 1 10 1
9 1 9 2
9 1 10 2
9 1 10 0
9 2 10 2
9 2 9 3
9 2 10 3
9 2 10 1
9 3 10 3
9 3 9 4
9 3 10 4
9 3 10 2
9 4 10 4
9 4 9 5
9 4 10 5
9 4 10 3
9 5 10 5
9 5 9 6
9 5 10 6
9 5 10 4
9 6 10 6
9 6 9 7
9 6 10 7
9 6 10 5
9 7 10 7
9 7 9 8
9 7 10 8
9 7 10 6
9 8 10 8
9 8 9 9
9 8 10 9
9 8 10 7
9 9 10 9
9 9 9 10
9 9 10 10
9 9 10 8
9 10 10 10
9 10 9 11
9 10 10 11
9 10 10 9
9 11 10 11
9 11 9 12
9 11 10 12
9 11 10 10
9 12 10 12
9 12 9 13
9 12 10 13
9 12 10 11
9 13 10 13
9 13 9 14
9 13 10 14
9 13 10 12
9 14 10 14
9 14 10 13
10 0 11 0
10 0 10 1
10 0 11 1
10 1 11 1
10 1 10 2
10 1 11 2
10 1 11 0
10 2 11 2
10 2 10 3
10 2 11 3
10 2 11 1
10 3 11 3
10 3 10 4
10 3 11 4
10 3 11 2
10 4 11 4
10 4 10 5
10 4 11 5
10 4 11 3
10 5 11 5
10 5 10 6
10 5 11 6
10 5 11 4
10 6 11 6
10 6 10 7
10 6 11 7
10 6 11 5
10 7 11 7
10 7 10 8
10 7 11 8
10 7 11 6
10 8 11 8
10 8 10 9
10 8 11 9
10 8 11 7
10 9 11 9
10 9 10 10
10 9 11 10
10 9 11 8
10 10 11 10
10 10 10 11
10 10 11 11
10 10 11 9
10 11 11 11
10 11 10 12
10 11 11 12
10 11 11 10
10 12 11 12
10 12 10 13
10 12 11 13
10 12 11 11
10 13 11 13
10 13 10 14
10 13 11 14
10 13 11 12
10 14 11 14
10 14 11 13
11 0 12 0
11 0 11 1
11 0 12 1
11 1 12 1
11 1 11 2
11 1 12 2
11 1 12 0
11 2 12 2
11 2 11 3
11 2 12 3
11 2 12 1
11 3 12 3
11 3 11 4
11 3 12 4
11 3 12 2
11 4 12 4
11 4 11 5
11 4 12 5
11 4 12 3
11 5 12 5
11 5 11 6
11 5 12 6
11 5 12 4
11 6 12 6
11 6 11 7
11 6 12 7
11 6 12 5
11 7 12 7
11 7 11 8
11 7 12 8
11 7 12 6
11 8 12 8
11 8 11 9
11 8 12 9
11 8 12 7
11 9 12 9
11 9 11 10
11 9 12 10
11 9 12 8
11 10 12 10
11 10 11 11
11 10 12 11
11 10 12 9
11 11 12 11
11 11 11 12
11 11 12 12
11 11 12 10
11 12 12 12
11 12 11 13
11 12 12 13
11 12 12 11
11 13 12 13
11 13 11 14
11 13 12 14
11 13 12 12
11 14 12 14
11 14 12 13
12 0 13 0
12 0 12 1
12 0 13 1
12 1 13 1
12 1 12 2
12 1 13 2
12 1 13 0
12 2 13 2
12 2 12 3
12 2 13 3
12 2 13 1
12 3 13 3
12 3 12 4
12 3 13 4
12 3 13 2
12 4 13 4
12 4 12 5
12 4 13 5
12 4 13 3
12 5 13 5
12 5 12 6
12 5 13 6
12 5 13 4
12 6 13 6
12 6 12 7
12 6 13 7
12 6 13 5
12 7 13 7
12 7 12 8
12 7 13 8
12 7 13 6
12 8 13 8
12 8 12 9
12 8 13 9
12 8 13 7
12 9 13 9
12 9 12 10
12 9 13 10
12 9 13 8
12 10 13 10
12 10 12 11
12 10 13 11
12 10 13 9
12 11 13 11
12 11 12 12
12 11 13 12
12 11 13 10
12 12 13 12
12 12 12 13
12 12 13 13
12 12 13 11
12 13 13 13
12 13 12 14
12 13 13 14
12 13 13 12
12 14 13 14
12 14 13 13
13 0 14 0
13 0 13 1
13 0 14 1
13 1 14 1
13 1 13 2
13 1 14 2
13 1 14 0
13 2 14 2
13 2 13 3
13 2 14 3
13 2 14 1
13 3 14 3
13 3 13 4
13 3 14 4
13 3 14 2
13 4 14 4
13 4 13 5
13 4 14 5
13 4 14 3
13 5 14 5
13 5 13 6
13 5 14 6
13 5 14 4
13 6 14 6
13 6 13 7
13 6 14 7
13 6 14 5
13 7 14 7
13 7 13 8
13 7 14 8
13 7 14 6
13 8 14 8
13 8 13 9
13 8 14 9
13 8 14 7
13 9 14 9
13 9 13 10
13 9 14 10
13 9 14 8
13 10 14 10
13 10 13 11
13 10 14 11
13 10 14 9
13 11 14 11
13 11 13 12
13 11 14 12
13 11 14 10
13 12 14 12
13 12 13 13
13 12 14 13
13 12 14 11
13 13 14 13
13 13 13 14
13 13 14 14
13 13 14 12
13 14 14 14
13 14 14 13
14 0 14 1
14 1 14 2
14 2 14 3
14 3 14 4
14 4 14 5
14 5 14 6
14 6 14 7
14 7 14 8
14 8 14 9
14 9 14 10
14 10 14 11
14 11 14 12
14 12 14 13
14 13 14 14
;
param Centralities :=
degree centrality: {(0, 0): 0.013392857142857142, (0, 1): 0.02232142857142857, (0, 2): 0.02232142857142857, (0, 3): 0.02232142857142857, (0, 4): 0.02232142857142857, (0, 5): 0.02232142857142857, (0, 6): 0.02232142857142857, (0, 7): 0.02232142857142857, (0, 8): 0.02232142857142857, (0, 9): 0.02232142857142857, (0, 10): 0.02232142857142857, (0, 11): 0.02232142857142857, (0, 12): 0.02232142857142857, (0, 13): 0.02232142857142857, (0, 14): 0.013392857142857142, (1, 0): 0.02232142857142857, (1, 1): 0.03571428571428571, (1, 2): 0.03571428571428571, (1, 3): 0.03571428571428571, (1, 4): 0.03571428571428571, (1, 5): 0.03571428571428571, (1, 6): 0.03571428571428571, (1, 7): 0.03571428571428571, (1, 8): 0.03571428571428571, (1, 9): 0.03571428571428571, (1, 10): 0.03571428571428571, (1, 11): 0.03571428571428571, (1, 12): 0.03571428571428571, (1, 13): 0.03571428571428571, (1, 14): 0.02232142857142857, (2, 0): 0.02232142857142857, (2, 1): 0.03571428571428571, (2, 2): 0.03571428571428571, (2, 3): 0.03571428571428571, (2, 4): 0.03571428571428571, (2, 5): 0.03571428571428571, (2, 6): 0.03571428571428571, (2, 7): 0.03571428571428571, (2, 8): 0.03571428571428571, (2, 9): 0.03571428571428571, (2, 10): 0.03571428571428571, (2, 11): 0.03571428571428571, (2, 12): 0.03571428571428571, (2, 13): 0.03571428571428571, (2, 14): 0.02232142857142857, (3, 0): 0.02232142857142857, (3, 1): 0.03571428571428571, (3, 2): 0.03571428571428571, (3, 3): 0.03571428571428571, (3, 4): 0.03571428571428571, (3, 5): 0.03571428571428571, (3, 6): 0.03571428571428571, (3, 7): 0.03571428571428571, (3, 8): 0.03571428571428571, (3, 9): 0.03571428571428571, (3, 10): 0.03571428571428571, (3, 11): 0.03571428571428571, (3, 12): 0.03571428571428571, (3, 13): 0.03571428571428571, (3, 14): 0.02232142857142857, (4, 0): 0.02232142857142857, (4, 1): 0.03571428571428571, (4, 2): 0.03571428571428571, (4, 3): 0.03571428571428571, (4, 4): 0.03571428571428571, (4, 5): 0.03571428571428571, (4, 6): 0.03571428571428571, (4, 7): 0.03571428571428571, (4, 8): 0.03571428571428571, (4, 9): 0.03571428571428571, (4, 10): 0.03571428571428571, (4, 11): 0.03571428571428571, (4, 12): 0.03571428571428571, (4, 13): 0.03571428571428571, (4, 14): 0.02232142857142857, (5, 0): 0.02232142857142857, (5, 1): 0.03571428571428571, (5, 2): 0.03571428571428571, (5, 3): 0.03571428571428571, (5, 4): 0.03571428571428571, (5, 5): 0.03571428571428571, (5, 6): 0.03571428571428571, (5, 7): 0.03571428571428571, (5, 8): 0.03571428571428571, (5, 9): 0.03571428571428571, (5, 10): 0.03571428571428571, (5, 11): 0.03571428571428571, (5, 12): 0.03571428571428571, (5, 13): 0.03571428571428571, (5, 14): 0.02232142857142857, (6, 0): 0.02232142857142857, (6, 1): 0.03571428571428571, (6, 2): 0.03571428571428571, (6, 3): 0.03571428571428571, (6, 4): 0.03571428571428571, (6, 5): 0.03571428571428571, (6, 6): 0.03571428571428571, (6, 7): 0.03571428571428571, (6, 8): 0.03571428571428571, (6, 9): 0.03571428571428571, (6, 10): 0.03571428571428571, (6, 11): 0.03571428571428571, (6, 12): 0.03571428571428571, (6, 13): 0.03571428571428571, (6, 14): 0.02232142857142857, (7, 0): 0.02232142857142857, (7, 1): 0.03571428571428571, (7, 2): 0.03571428571428571, (7, 3): 0.03571428571428571, (7, 4): 0.03571428571428571, (7, 5): 0.03571428571428571, (7, 6): 0.03571428571428571, (7, 7): 0.03571428571428571, (7, 8): 0.03571428571428571, (7, 9): 0.03571428571428571, (7, 10): 0.03571428571428571, (7, 11): 0.03571428571428571, (7, 12): 0.03571428571428571, (7, 13): 0.03571428571428571, (7, 14): 0.02232142857142857, (8, 0): 0.02232142857142857, (8, 1): 0.03571428571428571, (8, 2): 0.03571428571428571, (8, 3): 0.03571428571428571, (8, 4): 0.03571428571428571, (8, 5): 0.03571428571428571, (8, 6): 0.03571428571428571, (8, 7): 0.03571428571428571, (8, 8): 0.03571428571428571, (8, 9): 0.03571428571428571, (8, 10): 0.03571428571428571, (8, 11): 0.03571428571428571, (8, 12): 0.03571428571428571, (8, 13): 0.03571428571428571, (8, 14): 0.02232142857142857, (9, 0): 0.02232142857142857, (9, 1): 0.03571428571428571, (9, 2): 0.03571428571428571, (9, 3): 0.03571428571428571, (9, 4): 0.03571428571428571, (9, 5): 0.03571428571428571, (9, 6): 0.03571428571428571, (9, 7): 0.03571428571428571, (9, 8): 0.03571428571428571, (9, 9): 0.03571428571428571, (9, 10): 0.03571428571428571, (9, 11): 0.03571428571428571, (9, 12): 0.03571428571428571, (9, 13): 0.03571428571428571, (9, 14): 0.02232142857142857, (10, 0): 0.02232142857142857, (10, 1): 0.03571428571428571, (10, 2): 0.03571428571428571, (10, 3): 0.03571428571428571, (10, 4): 0.03571428571428571, (10, 5): 0.03571428571428571, (10, 6): 0.03571428571428571, (10, 7): 0.03571428571428571, (10, 8): 0.03571428571428571, (10, 9): 0.03571428571428571, (10, 10): 0.03571428571428571, (10, 11): 0.03571428571428571, (10, 12): 0.03571428571428571, (10, 13): 0.03571428571428571, (10, 14): 0.02232142857142857, (11, 0): 0.02232142857142857, (11, 1): 0.03571428571428571, (11, 2): 0.03571428571428571, (11, 3): 0.03571428571428571, (11, 4): 0.03571428571428571, (11, 5): 0.03571428571428571, (11, 6): 0.03571428571428571, (11, 7): 0.03571428571428571, (11, 8): 0.03571428571428571, (11, 9): 0.03571428571428571, (11, 10): 0.03571428571428571, (11, 11): 0.03571428571428571, (11, 12): 0.03571428571428571, (11, 13): 0.03571428571428571, (11, 14): 0.02232142857142857, (12, 0): 0.02232142857142857, (12, 1): 0.03571428571428571, (12, 2): 0.03571428571428571, (12, 3): 0.03571428571428571, (12, 4): 0.03571428571428571, (12, 5): 0.03571428571428571, (12, 6): 0.03571428571428571, (12, 7): 0.03571428571428571, (12, 8): 0.03571428571428571, (12, 9): 0.03571428571428571, (12, 10): 0.03571428571428571, (12, 11): 0.03571428571428571, (12, 12): 0.03571428571428571, (12, 13): 0.03571428571428571, (12, 14): 0.02232142857142857, (13, 0): 0.02232142857142857, (13, 1): 0.03571428571428571, (13, 2): 0.03571428571428571, (13, 3): 0.03571428571428571, (13, 4): 0.03571428571428571, (13, 5): 0.03571428571428571, (13, 6): 0.03571428571428571, (13, 7): 0.03571428571428571, (13, 8): 0.03571428571428571, (13, 9): 0.03571428571428571, (13, 10): 0.03571428571428571, (13, 11): 0.03571428571428571, (13, 12): 0.03571428571428571, (13, 13): 0.03571428571428571, (13, 14): 0.02232142857142857, (14, 0): 0.013392857142857142, (14, 1): 0.02232142857142857, (14, 2): 0.02232142857142857, (14, 3): 0.02232142857142857, (14, 4): 0.02232142857142857, (14, 5): 0.02232142857142857, (14, 6): 0.02232142857142857, (14, 7): 0.02232142857142857, (14, 8): 0.02232142857142857, (14, 9): 0.02232142857142857, (14, 10): 0.02232142857142857, (14, 11): 0.02232142857142857, (14, 12): 0.02232142857142857, (14, 13): 0.02232142857142857, (14, 14): 0.013392857142857142}
eigenvector centrality: {(0, 0): 0.004760259486476856, (0, 1): 0.009337177132919018, (0, 2): 0.013554594255732813, (0, 3): 0.017250396116468794, (0, 4): 0.020282755977157795, (0, 5): 0.022535517721989473, (0, 6): 0.0239225330133359, (0, 7): 0.024390828999217115, (0, 8): 0.023922533013335898, (0, 9): 0.02253551772198947, (0, 10): 0.020282755977157795, (0, 11): 0.01725039611646879, (0, 12): 0.013554594255732811, (0, 13): 0.009337177132919015, (0, 14): 0.004760259486476857, (1, 0): 0.009337177132919016, (1, 1): 0.018314732013911955, (1, 2): 0.02658713204399161, (1, 3): 0.03383639161059639, (1, 4): 0.039784319707886366, (1, 5): 0.04420307786792209, (1, 6): 0.04692368742674132, (1, 7): 0.047842242934740334, (1, 8): 0.04692368742674132, (1, 9): 0.04420307786792209, (1, 10): 0.039784319707886366, (1, 11): 0.03383639161059639, (1, 12): 0.02658713204399161, (1, 13): 0.018314732013911955, (1, 14): 0.009337177132919016, (2, 0): 0.013554594255732817, (2, 1): 0.02658713204399161, (2, 2): 0.03859601056612237, (2, 3): 0.049119616435544154, (2, 4): 0.057754105304433624, (2, 5): 0.06416872860233909, (2, 6): 0.06811818336506933, (2, 7): 0.06945163211891159, (2, 8): 0.06811818336506935, (2, 9): 0.06416872860233909, (2, 10): 0.0577541053044336, (2, 11): 0.04911961643554415, (2, 12): 0.03859601056612236, (2, 13): 0.026587132043991605, (2, 14): 0.013554594255732813, (3, 0): 0.017250396116468798, (3, 1): 0.0338363916105964, (3, 2): 0.049119616435544154, (3, 3): 0.0625125934879072, (3, 4): 0.07350136603553159, (3, 5): 0.08166500345167914, (3, 6): 0.08669131835390176, (3, 7): 0.08838834585401019, (3, 8): 0.08669131835390176, (3, 9): 0.08166500345167912, (3, 10): 0.07350136603553159, (3, 11): 0.0625125934879072, (3, 12): 0.049119616435544154, (3, 13): 0.03383639161059639, (3, 14): 0.017250396116468794, (4, 0): 0.020282755977157802, (4, 1): 0.03978431970788637, (4, 2): 0.057754105304433624, (4, 3): 0.07350136603553159, (4, 4): 0.08642179931527362, (4, 5): 0.09602048125160531, (4, 6): 0.10193034662152602, (4, 7): 0.10392568600033393, (4, 8): 0.101930346621526, (4, 9): 0.09602048125160531, (4, 10): 0.0864217993152736, (4, 11): 0.07350136603553158, (4, 12): 0.05775410530443362, (4, 13): 0.039784319707886366, (4, 14): 0.020282755977157795, (5, 0): 0.022535517721989473, (5, 1): 0.04420307786792209, (5, 2): 0.06416872860233909, (5, 3): 0.08166500345167914, (5, 4): 0.09602048125160531, (5, 5): 0.10668526798608806, (5, 6): 0.11325152929339795, (5, 7): 0.11546848669224206, (5, 8): 0.11325152929339796, (5, 9): 0.10668526798608806, (5, 10): 0.09602048125160531, (5, 11): 0.08166500345167912, (5, 12): 0.06416872860233909, (5, 13): 0.04420307786792209, (5, 14): 0.022535517721989473, (6, 0): 0.023922533013335905, (6, 1): 0.04692368742674133, (6, 2): 0.06811818336506935, (6, 3): 0.08669131835390176, (6, 4): 0.10193034662152602, (6, 5): 0.11325152929339796, (6, 6): 0.12022193063212717, (6, 7): 0.12257533725083807, (6, 8): 0.12022193063212717, (6, 9): 0.11325152929339796, (6, 10): 0.10193034662152602, (6, 11): 0.08669131835390174, (6, 12): 0.06811818336506933, (6, 13): 0.04692368742674132, (6, 14): 0.0239225330133359, (7, 0): 0.024390828999217115, (7, 1): 0.04784224293474034, (7, 2): 0.06945163211891159, (7, 3): 0.0883883458540102, (7, 4): 0.10392568600033394, (7, 5): 0.11546848669224206, (7, 6): 0.12257533725083809, (7, 7): 0.12497481302418552, (7, 8): 0.12257533725083807, (7, 9): 0.11546848669224206, (7, 10): 0.10392568600033392, (7, 11): 0.08838834585401019, (7, 12): 0.06945163211891157, (7, 13): 0.047842242934740334, (7, 14): 0.024390828999217115, (8, 0): 0.023922533013335898, (8, 1): 0.04692368742674133, (8, 2): 0.06811818336506935, (8, 3): 0.08669131835390177, (8, 4): 0.10193034662152603, (8, 5): 0.11325152929339795, (8, 6): 0.12022193063212715, (8, 7): 0.12257533725083809, (8, 8): 0.12022193063212717, (8, 9): 0.11325152929339795, (8, 10): 0.10193034662152602, (8, 11): 0.08669131835390174, (8, 12): 0.06811818336506933, (8, 13): 0.04692368742674132, (8, 14): 0.023922533013335898, (9, 0): 0.02253551772198947, (9, 1): 0.044203077867922096, (9, 2): 0.06416872860233909, (9, 3): 0.08166500345167914, (9, 4): 0.09602048125160531, (9, 5): 0.10668526798608807, (9, 6): 0.11325152929339796, (9, 7): 0.11546848669224206, (9, 8): 0.11325152929339796, (9, 9): 0.10668526798608806, (9, 10): 0.0960204812516053, (9, 11): 0.08166500345167912, (9, 12): 0.06416872860233909, (9, 13): 0.044203077867922075, (9, 14): 0.02253551772198947, (10, 0): 0.020282755977157795, (10, 1): 0.03978431970788637, (10, 2): 0.05775410530443362, (10, 3): 0.07350136603553159, (10, 4): 0.08642179931527359, (10, 5): 0.09602048125160531, (10, 6): 0.101930346621526, (10, 7): 0.10392568600033393, (10, 8): 0.10193034662152602, (10, 9): 0.09602048125160531, (10, 10): 0.0864217993152736, (10, 11): 0.07350136603553159, (10, 12): 0.05775410530443362, (10, 13): 0.039784319707886366, (10, 14): 0.02028275597715779, (11, 0): 0.017250396116468794, (11, 1): 0.03383639161059639, (11, 2): 0.049119616435544154, (11, 3): 0.0625125934879072, (11, 4): 0.07350136603553158, (11, 5): 0.08166500345167911, (11, 6): 0.08669131835390173, (11, 7): 0.08838834585401016, (11, 8): 0.08669131835390174, (11, 9): 0.08166500345167912, (11, 10): 0.07350136603553159, (11, 11): 0.0625125934879072, (11, 12): 0.04911961643554415, (11, 13): 0.0338363916105964, (11, 14): 0.017250396116468794, (12, 0): 0.013554594255732815, (12, 1): 0.02658713204399161, (12, 2): 0.03859601056612237, (12, 3): 0.049119616435544154, (12, 4): 0.05775410530443362, (12, 5): 0.06416872860233909, (12, 6): 0.0681181833650693, (12, 7): 0.06945163211891157, (12, 8): 0.06811818336506933, (12, 9): 0.06416872860233909, (12, 10): 0.05775410530443362, (12, 11): 0.04911961643554414, (12, 12): 0.038596010566122364, (12, 13): 0.02658713204399161, (12, 14): 0.013554594255732813, (13, 0): 0.009337177132919018, (13, 1): 0.01831473201391196, (13, 2): 0.026587132043991605, (13, 3): 0.03383639161059639, (13, 4): 0.039784319707886366, (13, 5): 0.044203077867922075, (13, 6): 0.04692368742674131, (13, 7): 0.047842242934740334, (13, 8): 0.04692368742674132, (13, 9): 0.044203077867922075, (13, 10): 0.039784319707886366, (13, 11): 0.03383639161059639, (13, 12): 0.026587132043991605, (13, 13): 0.01831473201391196, (13, 14): 0.009337177132919015, (14, 0): 0.004760259486476857, (14, 1): 0.009337177132919018, (14, 2): 0.013554594255732817, (14, 3): 0.017250396116468798, (14, 4): 0.020282755977157795, (14, 5): 0.022535517721989466, (14, 6): 0.023922533013335898, (14, 7): 0.024390828999217115, (14, 8): 0.023922533013335898, (14, 9): 0.022535517721989466, (14, 10): 0.02028275597715779, (14, 11): 0.017250396116468794, (14, 12): 0.013554594255732815, (14, 13): 0.009337177132919015, (14, 14): 0.004760259486476856}
closeness centrality: {(0, 0): 0.10491803278688525, (0, 1): 0.11029049729197439, (0, 2): 0.1152856407617087, (0, 3): 0.11972207375734902, (0, 4): 0.12341597796143251, (0, 5): 0.12619718309859154, (0, 6): 0.12792689891490577, (0, 7): 0.1285140562248996, (0, 8): 0.12792689891490577, (0, 9): 0.12619718309859154, (0, 10): 0.12341597796143251, (0, 11): 0.11972207375734902, (0, 12): 0.1152856407617087, (0, 13): 0.11029049729197439, (0, 14): 0.10491803278688525, (1, 0): 0.11029049729197439, (1, 1): 0.11703239289446186, (1, 2): 0.12341597796143251, (1, 3): 0.12918108419838523, (1, 4): 0.13405146618791142, (1, 5): 0.13776137761377613, (1, 6): 0.14008755472170106, (1, 7): 0.14088050314465408, (1, 8): 0.14008755472170106, (1, 9): 0.13776137761377613, (1, 10): 0.13405146618791142, (1, 11): 0.12918108419838523, (1, 12): 0.12341597796143251, (1, 13): 0.11703239289446186, (1, 14): 0.11029049729197439, (2, 0): 0.1152856407617087, (2, 1): 0.12341597796143251, (2, 2): 0.1313782991202346, (2, 3): 0.1386996904024768, (2, 4): 0.14498381877022654, (2, 5): 0.14983277591973243, (2, 6): 0.15290102389078497, (2, 7): 0.15395189003436427, (2, 8): 0.15290102389078497, (2, 9): 0.14983277591973243, (2, 10): 0.14498381877022654, (2, 11): 0.1386996904024768, (2, 12): 0.1313782991202346, (2, 13): 0.12341597796143251, (2, 14): 0.1152856407617087, (3, 0): 0.11972207375734902, (3, 1): 0.12918108419838523, (3, 2): 0.1386996904024768, (3, 3): 0.14775725593667546, (3, 4): 0.1556636553161918, (3, 5): 0.16184971098265896, (3, 6): 0.16580310880829016, (3, 7): 0.16716417910447762, (3, 8): 0.16580310880829016, (3, 9): 0.16184971098265896, (3, 10): 0.1556636553161918, (3, 11): 0.14775725593667546, (3, 12): 0.1386996904024768, (3, 13): 0.12918108419838523, (3, 14): 0.11972207375734902, (4, 0): 0.12341597796143251, (4, 1): 0.13405146618791142, (4, 2): 0.14498381877022654, (4, 3): 0.1556636553161918, (4, 4): 0.16531365313653137, (4, 5): 0.17297297297297298, (4, 6): 0.17791898332009531, (4, 7): 0.17963111467522053, (4, 8): 0.17791898332009531, (4, 9): 0.17297297297297298, (4, 10): 0.16531365313653137, (4, 11): 0.1556636553161918, (4, 12): 0.14498381877022654, (4, 13): 0.13405146618791142, (4, 14): 0.12341597796143251, (5, 0): 0.12619718309859154, (5, 1): 0.13776137761377613, (5, 2): 0.14983277591973243, (5, 3): 0.16184971098265896, (5, 4): 0.17297297297297298, (5, 5): 0.1821138211382114, (5, 6): 0.18807724601175482, (5, 7): 0.19015280135823429, (5, 8): 0.18807724601175482, (5, 9): 0.1821138211382114, (5, 10): 0.17297297297297298, (5, 11): 0.16184971098265896, (5, 12): 0.14983277591973243, (5, 13): 0.13776137761377613, (5, 14): 0.12619718309859154, (6, 0): 0.12792689891490577, (6, 1): 0.14008755472170106, (6, 2): 0.15290102389078497, (6, 3): 0.16580310880829016, (6, 4): 0.17791898332009531, (6, 5): 0.18807724601175482, (6, 6): 0.19495213228894692, (6, 7): 0.1973568281938326, (6, 8): 0.19495213228894692, (6, 9): 0.18807724601175482, (6, 10): 0.17791898332009531, (6, 11): 0.16580310880829016, (6, 12): 0.15290102389078497, (6, 13): 0.14008755472170106, (6, 14): 0.12792689891490577, (7, 0): 0.1285140562248996, (7, 1): 0.14088050314465408, (7, 2): 0.15395189003436427, (7, 3): 0.16716417910447762, (7, 4): 0.17963111467522053, (7, 5): 0.19015280135823429, (7, 6): 0.1973568281938326, (7, 7): 0.2, (7, 8): 0.1973568281938326, (7, 9): 0.19015280135823429, (7, 10): 0.17963111467522053, (7, 11): 0.16716417910447762, (7, 12): 0.15395189003436427, (7, 13): 0.14088050314465408, (7, 14): 0.1285140562248996, (8, 0): 0.12792689891490577, (8, 1): 0.14008755472170106, (8, 2): 0.15290102389078497, (8, 3): 0.16580310880829016, (8, 4): 0.17791898332009531, (8, 5): 0.18807724601175482, (8, 6): 0.19495213228894692, (8, 7): 0.1973568281938326, (8, 8): 0.19495213228894692, (8, 9): 0.18807724601175482, (8, 10): 0.17791898332009531, (8, 11): 0.16580310880829016, (8, 12): 0.15290102389078497, (8, 13): 0.14008755472170106, (8, 14): 0.12792689891490577, (9, 0): 0.12619718309859154, (9, 1): 0.13776137761377613, (9, 2): 0.14983277591973243, (9, 3): 0.16184971098265896, (9, 4): 0.17297297297297298, (9, 5): 0.1821138211382114, (9, 6): 0.18807724601175482, (9, 7): 0.19015280135823429, (9, 8): 0.18807724601175482, (9, 9): 0.1821138211382114, (9, 10): 0.17297297297297298, (9, 11): 0.16184971098265896, (9, 12): 0.14983277591973243, (9, 13): 0.13776137761377613, (9, 14): 0.12619718309859154, (10, 0): 0.12341597796143251, (10, 1): 0.13405146618791142, (10, 2): 0.14498381877022654, (10, 3): 0.1556636553161918, (10, 4): 0.16531365313653137, (10, 5): 0.17297297297297298, (10, 6): 0.17791898332009531, (10, 7): 0.17963111467522053, (10, 8): 0.17791898332009531, (10, 9): 0.17297297297297298, (10, 10): 0.16531365313653137, (10, 11): 0.1556636553161918, (10, 12): 0.14498381877022654, (10, 13): 0.13405146618791142, (10, 14): 0.12341597796143251, (11, 0): 0.11972207375734902, (11, 1): 0.12918108419838523, (11, 2): 0.1386996904024768, (11, 3): 0.14775725593667546, (11, 4): 0.1556636553161918, (11, 5): 0.16184971098265896, (11, 6): 0.16580310880829016, (11, 7): 0.16716417910447762, (11, 8): 0.16580310880829016, (11, 9): 0.16184971098265896, (11, 10): 0.1556636553161918, (11, 11): 0.14775725593667546, (11, 12): 0.1386996904024768, (11, 13): 0.12918108419838523, (11, 14): 0.11972207375734902, (12, 0): 0.1152856407617087, (12, 1): 0.12341597796143251, (12, 2): 0.1313782991202346, (12, 3): 0.1386996904024768, (12, 4): 0.14498381877022654, (12, 5): 0.14983277591973243, (12, 6): 0.15290102389078497, (12, 7): 0.15395189003436427, (12, 8): 0.15290102389078497, (12, 9): 0.14983277591973243, (12, 10): 0.14498381877022654, (12, 11): 0.1386996904024768, (12, 12): 0.1313782991202346, (12, 13): 0.12341597796143251, (12, 14): 0.1152856407617087, (13, 0): 0.11029049729197439, (13, 1): 0.11703239289446186, (13, 2): 0.12341597796143251, (13, 3): 0.12918108419838523, (13, 4): 0.13405146618791142, (13, 5): 0.13776137761377613, (13, 6): 0.14008755472170106, (13, 7): 0.14088050314465408, (13, 8): 0.14008755472170106, (13, 9): 0.13776137761377613, (13, 10): 0.13405146618791142, (13, 11): 0.12918108419838523, (13, 12): 0.12341597796143251, (13, 13): 0.11703239289446186, (13, 14): 0.11029049729197439, (14, 0): 0.10491803278688525, (14, 1): 0.11029049729197439, (14, 2): 0.1152856407617087, (14, 3): 0.11972207375734902, (14, 4): 0.12341597796143251, (14, 5): 0.12619718309859154, (14, 6): 0.12792689891490577, (14, 7): 0.1285140562248996, (14, 8): 0.12792689891490577, (14, 9): 0.12619718309859154, (14, 10): 0.12341597796143251, (14, 11): 0.11972207375734902, (14, 12): 0.1152856407617087, (14, 13): 0.11029049729197439, (14, 14): 0.10491803278688525}
betweenness centrality: {(0, 0): 0.0, (0, 1): 0.0018749509958232494, (0, 2): 0.0029667296291862053, (0, 3): 0.0036364733165674904, (0, 4): 0.004067028740264414, (0, 5): 0.004335179861338772, (0, 6): 0.004482802891992665, (0, 7): 0.0045299465223727076, (0, 8): 0.004482802891992666, (0, 9): 0.004335179861338772, (0, 10): 0.004067028740264414, (0, 11): 0.003636473316567491, (0, 12): 0.002966729629186206, (0, 13): 0.0018749509958232492, (0, 14): 0.0, (1, 0): 0.0018749509958232498, (1, 1): 0.01111188060770034, (1, 2): 0.014413787645133942, (1, 3): 0.016798343188755015, (1, 4): 0.018419853368280725, (1, 5): 0.0194755641390027, (1, 6): 0.020071647543381126, (1, 7): 0.020264648256590467, (1, 8): 0.020071647543381126, (1, 9): 0.0194755641390027, (1, 10): 0.018419853368280725, (1, 11): 0.016798343188755015, (1, 12): 0.014413787645133942, (1, 13): 0.011111880607700342, (1, 14): 0.00187495099582325, (2, 0): 0.0029667296291862036, (2, 1): 0.014413787645133935, (2, 2): 0.022131213439313253, (2, 3): 0.026247544776773282, (2, 4): 0.029263957533537548, (2, 5): 0.03127707181096527, (2, 6): 0.03243285321300978, (2, 7): 0.03280961800531296, (2, 8): 0.03243285321300977, (2, 9): 0.03127707181096527, (2, 10): 0.02926395753353754, (2, 11): 0.02624754477677329, (2, 12): 0.022131213439313253, (2, 13): 0.014413787645133937, (2, 14): 0.0029667296291862036, (3, 0): 0.00363647331656749, (3, 1): 0.01679834318875503, (3, 2): 0.02624754477677329, (3, 3): 0.033192244175025365, (3, 4): 0.03749561572770079, (3, 5): 0.04045774689246912, (3, 6): 0.04217247239782848, (3, 7): 0.04273404995273743, (3, 8): 0.04217247239782848, (3, 9): 0.04045774689246912, (3, 10): 0.03749561572770079, (3, 11): 0.03319224417502537, (3, 12): 0.026247544776773286, (3, 13): 0.01679834318875503, (3, 14): 0.00363647331656749, (4, 0): 0.004067028740264413, (4, 1): 0.018419853368280732, (4, 2): 0.029263957533537527, (4, 3): 0.037495615727700785, (4, 4): 0.04382285211309897, (4, 5): 0.047738755245165805, (4, 6): 0.05003312323853993, (4, 7): 0.05078550886838132, (4, 8): 0.05003312323853993, (4, 9): 0.047738755245165805, (4, 10): 0.04382285211309897, (4, 11): 0.037495615727700785, (4, 12): 0.029263957533537537, (4, 13): 0.018419853368280732, (4, 14): 0.004067028740264413, (5, 0): 0.004335179861338773, (5, 1): 0.019475564139002692, (5, 2): 0.031277071810965264, (5, 3): 0.04045774689246911, (5, 4): 0.04773875524516582, (5, 5): 0.053131838269486475, (5, 6): 0.05604323762678665, (5, 7): 0.05700363995319478, (5, 8): 0.056043237626786646, (5, 9): 0.05313183826948644, (5, 10): 0.047738755245165826, (5, 11): 0.040457746892469115, (5, 12): 0.03127707181096526, (5, 13): 0.019475564139002692, (5, 14): 0.004335179861338773, (6, 0): 0.004482802891992666, (6, 1): 0.02007164754338112, (6, 2): 0.03243285321300978, (6, 3): 0.04217247239782846, (6, 4): 0.05003312323853995, (6, 5): 0.05604323762678673, (6, 6): 0.059942662578171074, (6, 7): 0.06112354669814861, (6, 8): 0.059942662578171074, (6, 9): 0.05604323762678672, (6, 10): 0.05003312323853996, (6, 11): 0.04217247239782846, (6, 12): 0.03243285321300979, (6, 13): 0.020071647543381116, (6, 14): 0.004482802891992666, (7, 0): 0.0045299465223727076, (7, 1): 0.020264648256590467, (7, 2): 0.03280961800531293, (7, 3): 0.042734049952737364, (7, 4): 0.050785508868381304, (7, 5): 0.05700363995319476, (7, 6): 0.06112354669814867, (7, 7): 0.06280775304013725, (7, 8): 0.061123546698148686, (7, 9): 0.05700363995319474, (7, 10): 0.050785508868381284, (7, 11): 0.042734049952737364, (7, 12): 0.03280961800531294, (7, 13): 0.020264648256590467, (7, 14): 0.0045299465223727076, (8, 0): 0.004482802891992667, (8, 1): 0.02007164754338111, (8, 2): 0.03243285321300978, (8, 3): 0.04217247239782851, (8, 4): 0.050033123238539895, (8, 5): 0.056043237626786764, (8, 6): 0.059942662578171046, (8, 7): 0.061123546698148686, (8, 8): 0.059942662578171046, (8, 9): 0.056043237626786764, (8, 10): 0.050033123238539895, (8, 11): 0.0421724723978285, (8, 12): 0.03243285321300978, (8, 13): 0.02007164754338111, (8, 14): 0.004482802891992667, (9, 0): 0.00433517986133877, (9, 1): 0.019475564139002696, (9, 2): 0.03127707181096527, (9, 3): 0.040457746892469136, (9, 4): 0.04773875524516582, (9, 5): 0.05313183826948646, (9, 6): 0.05604323762678671, (9, 7): 0.057003639953194706, (9, 8): 0.05604323762678671, (9, 9): 0.05313183826948646, (9, 10): 0.047738755245165826, (9, 11): 0.04045774689246914, (9, 12): 0.03127707181096527, (9, 13): 0.0194755641390027, (9, 14): 0.004335179861338771, (10, 0): 0.004067028740264414, (10, 1): 0.01841985336828071, (10, 2): 0.029263957533537527, (10, 3): 0.03749561572770079, (10, 4): 0.04382285211309898, (10, 5): 0.04773875524516583, (10, 6): 0.05003312323853993, (10, 7): 0.050785508868381304, (10, 8): 0.05003312323853993, (10, 9): 0.04773875524516583, (10, 10): 0.043822852113099, (10, 11): 0.03749561572770079, (10, 12): 0.029263957533537534, (10, 13): 0.01841985336828071, (10, 14): 0.0040670287402644134, (11, 0): 0.00363647331656749, (11, 1): 0.01679834318875502, (11, 2): 0.026247544776773293, (11, 3): 0.03319224417502534, (11, 4): 0.03749561572770078, (11, 5): 0.04045774689246912, (11, 6): 0.04217247239782848, (11, 7): 0.04273404995273735, (11, 8): 0.04217247239782848, (11, 9): 0.040457746892469115, (11, 10): 0.037495615727700785, (11, 11): 0.03319224417502534, (11, 12): 0.02624754477677329, (11, 13): 0.016798343188755022, (11, 14): 0.00363647331656749, (12, 0): 0.0029667296291862053, (12, 1): 0.01441378764513395, (12, 2): 0.022131213439313274, (12, 3): 0.026247544776773286, (12, 4): 0.029263957533537534, (12, 5): 0.03127707181096526, (12, 6): 0.03243285321300978, (12, 7): 0.0328096180053129, (12, 8): 0.032432853213009774, (12, 9): 0.03127707181096525, (12, 10): 0.029263957533537534, (12, 11): 0.0262475447767733, (12, 12): 0.022131213439313274, (12, 13): 0.014413787645133949, (12, 14): 0.002966729629186206, (13, 0): 0.0018749509958232503, (13, 1): 0.01111188060770034, (13, 2): 0.014413787645133952, (13, 3): 0.016798343188755026, (13, 4): 0.018419853368280725, (13, 5): 0.019475564139002692, (13, 6): 0.020071647543381112, (13, 7): 0.02026464825659046, (13, 8): 0.020071647543381112, (13, 9): 0.019475564139002692, (13, 10): 0.018419853368280722, (13, 11): 0.016798343188755026, (13, 12): 0.014413787645133956, (13, 13): 0.011111880607700334, (13, 14): 0.0018749509958232503, (14, 0): 0.0, (14, 1): 0.00187495099582325, (14, 2): 0.0029667296291862044, (14, 3): 0.003636473316567489, (14, 4): 0.0040670287402644134, (14, 5): 0.00433517986133877, (14, 6): 0.0044828028919926665, (14, 7): 0.004529946522372708, (14, 8): 0.004482802891992667, (14, 9): 0.00433517986133877, (14, 10): 0.0040670287402644134, (14, 11): 0.00363647331656749, (14, 12): 0.002966729629186206, (14, 13): 0.0018749509958232503, (14, 14): 0.0}
katz centrality: {(0, 0): 0.02944147845032912, (0, 1): 0.03877874849071437, (0, 2): 0.04226482795573141, (0, 3): 0.04363351574521922, (0, 4): 0.0441867051129891, (0, 5): 0.0444124984761513, (0, 6): 0.04450093248572855, (0, 7): 0.04452418471857484, (0, 8): 0.04450093248572856, (0, 9): 0.04441249847615133, (0, 10): 0.0441867051129891, (0, 11): 0.04363351574521923, (0, 12): 0.04226482795573141, (0, 13): 0.03877874849071437, (0, 14): 0.029441478450329125, (1, 0): 0.03877874849071437, (1, 1): 0.05431118021654877, (1, 2): 0.06044514248850626, (1, 3): 0.06293358531101184, (1, 4): 0.06395878927863992, (1, 5): 0.06438255501355494, (1, 6): 0.06454989556528691, (1, 7): 0.06459408377840375, (1, 8): 0.06454989556528691, (1, 9): 0.06438255501355497, (1, 10): 0.06395878927863992, (1, 11): 0.06293358531101184, (1, 12): 0.06044514248850625, (1, 13): 0.054311180216548786, (1, 14): 0.03877874849071436, (2, 0): 0.0422648279557314, (2, 1): 0.060445142488506236, (2, 2): 0.06814677853994076, (2, 3): 0.07139153883207612, (2, 4): 0.07276244785170177, (2, 5): 0.07333893913838115, (2, 6): 0.07356923492135715, (2, 7): 0.07363041981540377, (2, 8): 0.07356923492135717, (2, 9): 0.07333893913838117, (2, 10): 0.07276244785170179, (2, 11): 0.0713915388320761, (2, 12): 0.06814677853994078, (2, 13): 0.06044514248850624, (2, 14): 0.0422648279557314, (3, 0): 0.043633515745219224, (3, 1): 0.0629335853110118, (3, 2): 0.0713915388320761, (3, 3): 0.07506996461435682, (3, 4): 0.07666103409921385, (3, 5): 0.0773419649244693, (3, 6): 0.07761736242427399, (3, 7): 0.07769102124848405, (3, 8): 0.077617362424274, (3, 9): 0.0773419649244693, (3, 10): 0.07666103409921388, (3, 11): 0.07506996461435682, (3, 12): 0.07139153883207612, (3, 13): 0.06293358531101184, (3, 14): 0.043633515745219245, (4, 0): 0.04418670511298909, (4, 1): 0.0639587892786399, (4, 2): 0.07276244785170177, (4, 3): 0.07666103409921386, (4, 4): 0.07837671873233018, (4, 5): 0.07912162549429562, (4, 6): 0.0794261792778257, (4, 7): 0.07950813211720942, (4, 8): 0.0794261792778257, (4, 9): 0.07912162549429566, (4, 10): 0.07837671873233021, (4, 11): 0.07666103409921385, (4, 12): 0.07276244785170177, (4, 13): 0.06395878927863992, (4, 14): 0.04418670511298909, (5, 0): 0.044412498476151294, (5, 1): 0.06438255501355493, (5, 2): 0.07333893913838116, (5, 3): 0.0773419649244693, (5, 4): 0.07912162549429563, (5, 5): 0.07990186636767382, (5, 6): 0.08022339631756001, (5, 7): 0.08031031657897705, (5, 8): 0.08022339631756, (5, 9): 0.07990186636767384, (5, 10): 0.07912162549429562, (5, 11): 0.07734196492446929, (5, 12): 0.07333893913838115, (5, 13): 0.06438255501355494, (5, 14): 0.044412498476151294, (6, 0): 0.04450093248572853, (6, 1): 0.06454989556528691, (6, 2): 0.07356923492135717, (6, 3): 0.07761736242427401, (6, 4): 0.0794261792778257, (6, 5): 0.08022339631756001, (6, 6): 0.08055343545973166, (6, 7): 0.08064290425701291, (6, 8): 0.08055343545973168, (6, 9): 0.08022339631755998, (6, 10): 0.07942617927782568, (6, 11): 0.07761736242427401, (6, 12): 0.07356923492135718, (6, 13): 0.06454989556528691, (6, 14): 0.044500932485728534, (7, 0): 0.04452418471857485, (7, 1): 0.06459408377840375, (7, 2): 0.07363041981540377, (7, 3): 0.07769102124848407, (7, 4): 0.07950813211720943, (7, 5): 0.08031031657897707, (7, 6): 0.08064290425701293, (7, 7): 0.0807331466172292, (7, 8): 0.08064290425701291, (7, 9): 0.08031031657897708, (7, 10): 0.07950813211720942, (7, 11): 0.07769102124848405, (7, 12): 0.07363041981540377, (7, 13): 0.06459408377840374, (7, 14): 0.04452418471857483, (8, 0): 0.044500932485728555, (8, 1): 0.06454989556528691, (8, 2): 0.07356923492135717, (8, 3): 0.07761736242427401, (8, 4): 0.0794261792778257, (8, 5): 0.08022339631756002, (8, 6): 0.08055343545973168, (8, 7): 0.08064290425701291, (8, 8): 0.08055343545973168, (8, 9): 0.08022339631756, (8, 10): 0.0794261792778257, (8, 11): 0.077617362424274, (8, 12): 0.07356923492135718, (8, 13): 0.06454989556528691, (8, 14): 0.04450093248572854, (9, 0): 0.0444124984761513, (9, 1): 0.06438255501355496, (9, 2): 0.07333893913838115, (9, 3): 0.07734196492446932, (9, 4): 0.07912162549429566, (9, 5): 0.07990186636767381, (9, 6): 0.08022339631756, (9, 7): 0.08031031657897707, (9, 8): 0.08022339631756, (9, 9): 0.07990186636767384, (9, 10): 0.07912162549429563, (9, 11): 0.07734196492446932, (9, 12): 0.07333893913838117, (9, 13): 0.06438255501355497, (9, 14): 0.044412498476151294, (10, 0): 0.04418670511298908, (10, 1): 0.0639587892786399, (10, 2): 0.07276244785170179, (10, 3): 0.07666103409921386, (10, 4): 0.07837671873233021, (10, 5): 0.07912162549429565, (10, 6): 0.0794261792778257, (10, 7): 0.07950813211720946, (10, 8): 0.07942617927782572, (10, 9): 0.07912162549429563, (10, 10): 0.07837671873233021, (10, 11): 0.07666103409921385, (10, 12): 0.07276244785170176, (10, 13): 0.06395878927863989, (10, 14): 0.04418670511298909, (11, 0): 0.043633515745219224, (11, 1): 0.06293358531101181, (11, 2): 0.07139153883207609, (11, 3): 0.0750699646143568, (11, 4): 0.07666103409921386, (11, 5): 0.07734196492446932, (11, 6): 0.07761736242427399, (11, 7): 0.07769102124848407, (11, 8): 0.07761736242427399, (11, 9): 0.0773419649244693, (11, 10): 0.07666103409921386, (11, 11): 0.07506996461435682, (11, 12): 0.07139153883207608, (11, 13): 0.06293358531101181, (11, 14): 0.043633515745219204, (12, 0): 0.042264827955731395, (12, 1): 0.06044514248850622, (12, 2): 0.06814677853994078, (12, 3): 0.07139153883207612, (12, 4): 0.07276244785170176, (12, 5): 0.07333893913838115, (12, 6): 0.07356923492135717, (12, 7): 0.07363041981540377, (12, 8): 0.07356923492135717, (12, 9): 0.07333893913838116, (12, 10): 0.07276244785170173, (12, 11): 0.0713915388320761, (12, 12): 0.06814677853994078, (12, 13): 0.06044514248850622, (12, 14): 0.042264827955731395, (13, 0): 0.03877874849071436, (13, 1): 0.054311180216548766, (13, 2): 0.06044514248850625, (13, 3): 0.06293358531101184, (13, 4): 0.0639587892786399, (13, 5): 0.06438255501355496, (13, 6): 0.06454989556528692, (13, 7): 0.06459408377840377, (13, 8): 0.06454989556528691, (13, 9): 0.06438255501355496, (13, 10): 0.0639587892786399, (13, 11): 0.06293358531101183, (13, 12): 0.06044514248850623, (13, 13): 0.05431118021654875, (13, 14): 0.03877874849071436, (14, 0): 0.029441478450329114, (14, 1): 0.03877874849071437, (14, 2): 0.042264827955731395, (14, 3): 0.04363351574521922, (14, 4): 0.044186705112989076, (14, 5): 0.0444124984761513, (14, 6): 0.04450093248572855, (14, 7): 0.04452418471857483, (14, 8): 0.04450093248572857, (14, 9): 0.04441249847615132, (14, 10): 0.044186705112989104, (14, 11): 0.04363351574521923, (14, 12): 0.04226482795573141, (14, 13): 0.038778748490714346, (14, 14): 0.02944147845032911}
;
