169 600 3
4 2 1
0 2 1
13
param Vertices :=
1 0.0
2 0.1
3 0.2
4 0.3
5 0.4
6 0.5
7 0.6
8 0.7
9 0.8
10 0.9
11 0.10
12 0.11
13 0.12
14 1.0
15 1.1
16 1.2
17 1.3
18 1.4
19 1.5
20 1.6
21 1.7
22 1.8
23 1.9
24 1.10
25 1.11
26 1.12
27 2.0
28 2.1
29 2.2
30 2.3
31 2.4
32 2.5
33 2.6
34 2.7
35 2.8
36 2.9
37 2.10
38 2.11
39 2.12
40 3.0
41 3.1
42 3.2
43 3.3
44 3.4
45 3.5
46 3.6
47 3.7
48 3.8
49 3.9
50 3.10
51 3.11
52 3.12
53 4.0
54 4.1
55 4.2
56 4.3
57 4.4
58 4.5
59 4.6
60 4.7
61 4.8
62 4.9
63 4.10
64 4.11
65 4.12
66 5.0
67 5.1
68 5.2
69 5.3
70 5.4
71 5.5
72 5.6
73 5.7
74 5.8
75 5.9
76 5.10
77 5.11
78 5.12
79 6.0
80 6.1
81 6.2
82 6.3
83 6.4
84 6.5
85 6.6
86 6.7
87 6.8
88 6.9
89 6.10
90 6.11
91 6.12
92 7.0
93 7.1
94 7.2
95 7.3
96 7.4
97 7.5
98 7.6
99 7.7
100 7.8
101 7.9
102 7.10
103 7.11
104 7.12
105 8.0
106 8.1
107 8.2
108 8.3
109 8.4
110 8.5
111 8.6
112 8.7
113 8.8
114 8.9
115 8.10
116 8.11
117 8.12
118 9.0
119 9.1
120 9.2
121 9.3
122 9.4
123 9.5
124 9.6
125 9.7
126 9.8
127 9.9
128 9.10
129 9.11
130 9.12
131 10.0
132 10.1
133 10.2
134 10.3
135 10.4
136 10.5
137 10.6
138 10.7
139 10.8
140 10.9
141 10.10
142 10.11
143 10.12
144 11.0
145 11.1
146 11.2
147 11.3
148 11.4
149 11.5
150 11.6
151 11.7
152 11.8
153 11.9
154 11.10
155 11.11
156 11.12
157 12.0
158 12.1
159 12.2
160 12.3
161 12.4
162 12.5
163 12.6
164 12.7
165 12.8
166 12.9
167 12.10
168 12.11
169 12.12
;
param Edges :=
1 14
1 2
1 15
2 15
2 3
2 16
2 14
3 16
3 4
3 17
3 15
4 17
4 5
4 18
4 16
5 18
5 6
5 19
5 17
6 19
6 7
6 20
6 18
7 20
7 8
7 21
7 19
8 21
8 9
8 22
8 20
9 22
9 10
9 23
9 21
10 23
10 11
10 24
10 22
11 24
11 12
11 25
11 23
12 25
12 13
12 26
12 24
13 26
13 25
14 27
14 15
14 28
15 28
15 16
15 29
15 27
16 29
16 17
16 30
16 28
17 30
17 18
17 31
17 29
18 31
18 19
18 32
18 30
19 32
19 20
19 33
19 31
20 33
20 21
20 34
20 32
21 34
21 22
21 35
21 33
22 35
22 23
22 36
22 34
23 36
23 24
23 37
23 35
24 37
24 25
24 38
24 36
25 38
25 26
25 39
25 37
26 39
26 38
27 40
27 28
27 41
28 41
28 29
28 42
28 40
29 42
29 30
29 43
29 41
30 43
30 31
30 44
30 42
31 44
31 32
31 45
31 43
32 45
32 33
32 46
32 44
33 46
33 34
33 47
33 45
34 47
34 35
34 48
34 46
35 48
35 36
35 49
35 47
36 49
36 37
36 50
36 48
37 50
37 38
37 51
37 49
38 51
38 39
38 52
38 50
39 52
39 51
40 53
40 41
40 54
41 54
41 42
41 55
41 53
42 55
42 43
42 56
42 54
43 56
43 44
43 57
43 55
44 57
44 45
44 58
44 56
45 58
45 46
45 59
45 57
46 59
46 47
46 60
46 58
47 60
47 48
47 61
47 59
48 61
48 49
48 62
48 60
49 62
49 50
49 63
49 61
50 63
50 51
50 64
50 62
51 64
51 52
51 65
51 63
52 65
52 64
53 66
53 54
53 67
54 67
54 55
54 68
54 66
55 68
55 56
55 69
55 67
56 69
56 57
56 70
56 68
57 70
57 58
57 71
57 69
58 71
58 59
58 72
58 70
59 72
59 60
59 73
59 71
60 73
60 61
60 74
60 72
61 74
61 62
61 75
61 73
62 75
62 63
62 76
62 74
63 76
63 64
63 77
63 75
64 77
64 65
64 78
64 76
65 78
65 77
66 79
66 67
66 80
67 80
67 68
67 81
67 79
68 81
68 69
68 82
68 80
69 82
69 70
69 83
69 81
70 83
70 71
70 84
70 82
71 84
71 72
71 85
71 83
72 85
72 73
72 86
72 84
73 86
73 74
73 87
73 85
74 87
74 75
74 88
74 86
75 88
75 76
75 89
75 87
76 89
76 77
76 90
76 88
77 90
77 78
77 91
77 89
78 91
78 90
79 92
79 80
79 93
80 93
80 81
80 94
80 92
81 94
81 82
81 95
81 93
82 95
82 83
82 96
82 94
83 96
83 84
83 97
83 95
84 97
84 85
84 98
84 96
85 98
85 86
85 99
85 97
86 99
86 87
86 100
86 98
87 100
87 88
87 101
87 99
88 101
88 89
88 102
88 100
89 102
89 90
89 103
89 101
90 103
90 91
90 104
90 102
91 104
91 103
92 105
92 93
92 106
93 106
93 94
93 107
93 105
94 107
94 95
94 108
94 106
95 108
95 96
95 109
95 107
96 109
96 97
96 110
96 108
97 110
97 98
97 111
97 109
98 111
98 99
98 112
98 110
99 112
99 100
99 113
99 111
100 113
100 101
100 114
100 112
101 114
101 102
101 115
101 113
102 115
102 103
102 116
102 114
103 116
103 104
103 117
103 115
104 117
104 116
105 118
105 106
105 119
106 119
106 107
106 120
106 118
107 120
107 108
107 121
107 119
108 121
108 109
108 122
108 120
109 122
109 110
109 123
109 121
110 123
110 111
110 124
110 122
111 124
111 112
111 125
111 123
112 125
112 113
112 126
112 124
113 126
113 114
113 127
113 125
114 127
114 115
114 128
114 126
115 128
115 116
115 129
115 127
116 129
116 117
116 130
116 128
117 130
117 129
118 131
118 119
118 132
119 132
119 120
119 133
119 131
120 133
120 121
120 134
120 132
121 134
121 122
121 135
121 133
122 135
122 123
122 136
122 134
123 136
123 124
123 137
123 135
124 137
124 125
124 138
124 136
125 138
125 126
125 139
125 137
126 139
126 127
126 140
126 138
127 140
127 128
127 141
127 139
128 141
128 129
128 142
128 140
129 142
129 130
129 143
129 141
130 143
130 142
131 144
131 132
131 145
132 145
132 133
132 146
132 144
133 146
133 134
133 147
133 145
134 147
134 135
134 148
134 146
135 148
135 136
135 149
135 147
136 149
136 137
136 150
136 148
137 150
137 138
137 151
137 149
138 151
138 139
138 152
138 150
139 152
139 140
139 153
139 151
140 153
140 141
140 154
140 152
141 154
141 142
141 155
141 153
142 155
142 143
142 156
142 154
143 156
143 155
144 157
144 145
144 158
145 158
145 146
145 159
145 157
146 159
146 147
146 160
146 158
147 160
147 148
147 161
147 159
148 161
148 149
148 162
148 160
149 162
149 150
149 163
149 161
150 163
150 151
150 164
150 162
151 164
151 152
151 165
151 163
152 165
152 153
152 166
152 164
153 166
153 154
153 167
153 165
154 167
154 155
154 168
154 166
155 168
155 156
155 169
155 167
156 169
156 168
157 158
158 159
159 160
160 161
161 162
162 163
163 164
164 165
165 166
166 167
167 168
168 169
;
param Grid_Label_Edges :=
0 0 1 0
0 0 0 1
0 0 1 1
0 1 1 1
0 1 0 2
0 1 1 2
0 1 1 0
0 2 1 2
0 2 0 3
0 2 1 3
0 2 1 1
0 3 1 3
0 3 0 4
0 3 1 4
0 3 1 2
0 4 1 4
0 4 0 5
0 4 1 5
0 4 1 3
0 5 1 5
0 5 0 6
0 5 1 6
0 5 1 4
0 6 1 6
0 6 0 7
0 6 1 7
0 6 1 5
0 7 1 7
0 7 0 8
0 7 1 8
0 7 1 6
0 8 1 8
0 8 0 9
0 8 1 9
0 8 1 7
0 9 1 9
0 9 0 10
0 9 1 10
0 9 1 8
0 10 1 10
0 10 0 11
0 10 1 11
0 10 1 9
0 11 1 11
0 11 0 12
0 11 1 12
0 11 1 10
0 12 1 12
0 12 1 11
1 0 2 0
1 0 1 1
1 0 2 1
1 1 2 1
1 1 1 2
1 1 2 2
1 1 2 0
1 2 2 2
1 2 1 3
1 2 2 3
1 2 2 1
1 3 2 3
1 3 1 4
1 3 2 4
1 3 2 2
1 4 2 4
1 4 1 5
1 4 2 5
1 4 2 3
1 5 2 5
1 5 1 6
1 5 2 6
1 5 2 4
1 6 2 6
1 6 1 7
1 6 2 7
1 6 2 5
1 7 2 7
1 7 1 8
1 7 2 8
1 7 2 6
1 8 2 8
1 8 1 9
1 8 2 9
1 8 2 7
1 9 2 9
1 9 1 10
1 9 2 10
1 9 2 8
1 10 2 10
1 10 1 11
1 10 2 11
1 10 2 9
1 11 2 11
1 11 1 12
1 11 2 12
1 11 2 10
1 12 2 12
1 12 2 11
2 0 3 0
2 0 2 1
2 0 3 1
2 1 3 1
2 1 2 2
2 1 3 2
2 1 3 0
2 2 3 2
2 2 2 3
2 2 3 3
2 2 3 1
2 3 3 3
2 3 2 4
2 3 3 4
2 3 3 2
2 4 3 4
2 4 2 5
2 4 3 5
2 4 3 3
2 5 3 5
2 5 2 6
2 5 3 6
2 5 3 4
2 6 3 6
2 6 2 7
2 6 3 7
2 6 3 5
2 7 3 7
2 7 2 8
2 7 3 8
2 7 3 6
2 8 3 8
2 8 2 9
2 8 3 9
2 8 3 7
2 9 3 9
2 9 2 10
2 9 3 10
2 9 3 8
2 10 3 10
2 10 2 11
2 10 3 11
2 10 3 9
2 11 3 11
2 11 2 12
2 11 3 12
2 11 3 10
2 12 3 12
2 12 3 11
3 0 4 0
3 0 3 1
3 0 4 1
3 1 4 1
3 1 3 2
3 1 4 2
3 1 4 0
3 2 4 2
3 2 3 3
3 2 4 3
3 2 4 1
3 3 4 3
3 3 3 4
3 3 4 4
3 3 4 2
3 4 4 4
3 4 3 5
3 4 4 5
3 4 4 3
3 5 4 5
3 5 3 6
3 5 4 6
3 5 4 4
3 6 4 6
3 6 3 7
3 6 4 7
3 6 4 5
3 7 4 7
3 7 3 8
3 7 4 8
3 7 4 6
3 8 4 8
3 8 3 9
3 8 4 9
3 8 4 7
3 9 4 9
3 9 3 10
3 9 4 10
3 9 4 8
3 10 4 10
3 10 3 11
3 10 4 11
3 10 4 9
3 11 4 11
3 11 3 12
3 11 4 12
3 11 4 10
3 12 4 12
3 12 4 11
4 0 5 0
4 0 4 1
4 0 5 1
4 1 5 1
4 1 4 2
4 1 5 2
4 1 5 0
4 2 5 2
4 2 4 3
4 2 5 3
4 2 5 1
4 3 5 3
4 3 4 4
4 3 5 4
4 3 5 2
4 4 5 4
4 4 4 5
4 4 5 5
4 4 5 3
4 5 5 5
4 5 4 6
4 5 5 6
4 5 5 4
4 6 5 6
4 6 4 7
4 6 5 7
4 6 5 5
4 7 5 7
4 7 4 8
4 7 5 8
4 7 5 6
4 8 5 8
4 8 4 9
4 8 5 9
4 8 5 7
4 9 5 9
4 9 4 10
4 9 5 10
4 9 5 8
4 10 5 10
4 10 4 11
4 10 5 11
4 10 5 9
4 11 5 11
4 11 4 12
4 11 5 12
4 11 5 10
4 12 5 12
4 12 5 11
5 0 6 0
5 0 5 1
5 0 6 1
5 1 6 1
5 1 5 2
5 1 6 2
5 1 6 0
5 2 6 2
5 2 5 3
5 2 6 3
5 2 6 1
5 3 6 3
5 3 5 4
5 3 6 4
5 3 6 2
5 4 6 4
5 4 5 5
5 4 6 5
5 4 6 3
5 5 6 5
5 5 5 6
5 5 6 6
5 5 6 4
5 6 6 6
5 6 5 7
5 6 6 7
5 6 6 5
5 7 6 7
5 7 5 8
5 7 6 8
5 7 6 6
5 8 6 8
5 8 5 9
5 8 6 9
5 8 6 7
5 9 6 9
5 9 5 10
5 9 6 10
5 9 6 8
5 10 6 10
5 10 5 11
5 10 6 11
5 10 6 9
5 11 6 11
5 11 5 12
5 11 6 12
5 11 6 10
5 12 6 12
5 12 6 11
6 0 7 0
6 0 6 1
6 0 7 1
6 1 7 1
6 1 6 2
6 1 7 2
6 1 7 0
6 2 7 2
6 2 6 3
6 2 7 3
6 2 7 1
6 3 7 3
6 3 6 4
6 3 7 4
6 3 7 2
6 4 7 4
6 4 6 5
6 4 7 5
6 4 7 3
6 5 7 5
6 5 6 6
6 5 7 6
6 5 7 4
6 6 7 6
6 6 6 7
6 6 7 7
6 6 7 5
6 7 7 7
6 7 6 8
6 7 7 8
6 7 7 6
6 8 7 8
6 8 6 9
6 8 7 9
6 8 7 7
6 9 7 9
6 9 6 10
6 9 7 10
6 9 7 8
6 10 7 10
6 10 6 11
6 10 7 11
6 10 7 9
6 11 7 11
6 11 6 12
6 11 7 12
6 11 7 10
6 12 7 12
6 12 7 11
7 0 8 0
7 0 7 1
7 0 8 1
7 1 8 1
7 1 7 2
7 1 8 2
7 1 8 0
7 2 8 2
7 2 7 3
7 2 8 3
7 2 8 1
7 3 8 3
7 3 7 4
7 3 8 4
7 3 8 2
7 4 8 4
7 4 7 5
7 4 8 5
7 4 8 3
7 5 8 5
7 5 7 6
7 5 8 6
7 5 8 4
7 6 8 6
7 6 7 7
7 6 8 7
7 6 8 5
7 7 8 7
7 7 7 8
7 7 8 8
7 7 8 6
7 8 8 8
7 8 7 9
7 8 8 9
7 8 8 7
7 9 8 9
7 9 7 10
7 9 8 10
7 9 8 8
7 10 8 10
7 10 7 11
7 10 8 11
7 10 8 9
7 11 8 11
7 11 7 12
7 11 8 12
7 11 8 10
7 12 8 12
7 12 8 11
8 0 9 0
8 0 8 1
8 0 9 1
8 1 9 1
8 1 8 2
8 1 9 2
8 1 9 0
8 2 9 2
8 2 8 3
8 2 9 3
8 2 9 1
8 3 9 3
8 3 8 4
8 3 9 4
8 3 9 2
8 4 9 4
8 4 8 5
8 4 9 5
8 4 9 3
8 5 9 5
8 5 8 6
8 5 9 6
8 5 9 4
8 6 9 6
8 6 8 7
8 6 9 7
8 6 9 5
8 7 9 7
8 7 8 8
8 7 9 8
8 7 9 6
8 8 9 8
8 8 8 9
8 8 9 9
8 8 9 7
8 9 9 9
8 9 8 10
8 9 9 10
8 9 9 8
8 10 9 10
8 10 8 11
8 10 9 11
8 10 9 9
8 11 9 11
8 11 8 12
8 11 9 12
8 11 9 10
8 12 9 12
8 12 9 11
9 0 10 0
9 0 9 1
9 0 10 1
9 1 10 1
9 1 9 2
9 1 10 2
9 1 10 0
9 2 10 2
9 2 9 3
9 2 10 3
9 2 10 1
9 3 10 3
9 3 9 4
9 3 10 4
9 3 10 2
9 4 10 4
9 4 9 5
9 4 10 5
9 4 10 3
9 5 10 5
9 5 9 6
9 5 10 6
9 5 10 4
9 6 10 6
9 6 9 7
9 6 10 7
9 6 10 5
9 7 10 7
9 7 9 8
9 7 10 8
9 7 10 6
9 8 10 8
9 8 9 9
9 8 10 9
9 8 10 7
9 9 10 9
9 9 9 10
9 9 10 10
9 9 10 8
9 10 10 10
9 10 9 11
9 10 10 11
9 10 10 9
9 11 10 11
9 11 9 12
9 11 10 12
9 11 10 10
9 12 10 12
9 12 10 11
10 0 11 0
10 0 10 1
10 0 11 1
10 1 11 1
10 1 10 2
10 1 11 2
10 1 11 0
10 2 11 2
10 2 10 3
10 2 11 3
10 2 11 1
10 3 11 3
10 3 10 4
10 3 11 4
10 3 11 2
10 4 11 4
10 4 10 5
10 4 11 5
10 4 11 3
10 5 11 5
10 5 10 6
10 5 11 6
10 5 11 4
10 6 11 6
10 6 10 7
10 6 11 7
10 6 11 5
10 7 11 7
10 7 10 8
10 7 11 8
10 7 11 6
10 8 11 8
10 8 10 9
10 8 11 9
10 8 11 7
10 9 11 9
10 9 10 10
10 9 11 10
10 9 11 8
10 10 11 10
10 10 10 11
10 10 11 11
10 10 11 9
10 11 11 11
10 11 10 12
10 11 11 12
10 11 11 10
10 12 11 12
10 12 11 11
11 0 12 0
11 0 11 1
11 0 12 1
11 1 12 1
11 1 11 2
11 1 12 2
11 1 12 0
11 2 12 2
11 2 11 3
11 2 12 3
11 2 12 1
11 3 12 3
11 3 11 4
11 3 12 4
11 3 12 2
11 4 12 4
11 4 11 5
11 4 12 5
11 4 12 3
11 5 12 5
11 5 11 6
11 5 12 6
11 5 12 4
11 6 12 6
11 6 11 7
11 6 12 7
11 6 12 5
11 7 12 7
11 7 11 8
11 7 12 8
11 7 12 6
11 8 12 8
11 8 11 9
11 8 12 9
11 8 12 7
11 9 12 9
11 9 11 10
11 9 12 10
11 9 12 8
11 10 12 10
11 10 11 11
11 10 12 11
11 10 12 9
11 11 12 11
11 11 11 12
11 11 12 12
11 11 12 10
11 12 12 12
11 12 12 11
12 0 12 1
12 1 12 2
12 2 12 3
12 3 12 4
12 4 12 5
12 5 12 6
12 6 12 7
12 7 12 8
12 8 12 9
12 9 12 10
12 10 12 11
12 11 12 12
;
param Centralities :=
degree centrality: {(0, 0): 0.017857142857142856, (0, 1): 0.02976190476190476, (0, 2): 0.02976190476190476, (0, 3): 0.02976190476190476, (0, 4): 0.02976190476190476, (0, 5): 0.02976190476190476, (0, 6): 0.02976190476190476, (0, 7): 0.02976190476190476, (0, 8): 0.02976190476190476, (0, 9): 0.02976190476190476, (0, 10): 0.02976190476190476, (0, 11): 0.02976190476190476, (0, 12): 0.017857142857142856, (1, 0): 0.02976190476190476, (1, 1): 0.047619047619047616, (1, 2): 0.047619047619047616, (1, 3): 0.047619047619047616, (1, 4): 0.047619047619047616, (1, 5): 0.047619047619047616, (1, 6): 0.047619047619047616, (1, 7): 0.047619047619047616, (1, 8): 0.047619047619047616, (1, 9): 0.047619047619047616, (1, 10): 0.047619047619047616, (1, 11): 0.047619047619047616, (1, 12): 0.02976190476190476, (2, 0): 0.02976190476190476, (2, 1): 0.047619047619047616, (2, 2): 0.047619047619047616, (2, 3): 0.047619047619047616, (2, 4): 0.047619047619047616, (2, 5): 0.047619047619047616, (2, 6): 0.047619047619047616, (2, 7): 0.047619047619047616, (2, 8): 0.047619047619047616, (2, 9): 0.047619047619047616, (2, 10): 0.047619047619047616, (2, 11): 0.047619047619047616, (2, 12): 0.02976190476190476, (3, 0): 0.02976190476190476, (3, 1): 0.047619047619047616, (3, 2): 0.047619047619047616, (3, 3): 0.047619047619047616, (3, 4): 0.047619047619047616, (3, 5): 0.047619047619047616, (3, 6): 0.047619047619047616, (3, 7): 0.047619047619047616, (3, 8): 0.047619047619047616, (3, 9): 0.047619047619047616, (3, 10): 0.047619047619047616, (3, 11): 0.047619047619047616, (3, 12): 0.02976190476190476, (4, 0): 0.02976190476190476, (4, 1): 0.047619047619047616, (4, 2): 0.047619047619047616, (4, 3): 0.047619047619047616, (4, 4): 0.047619047619047616, (4, 5): 0.047619047619047616, (4, 6): 0.047619047619047616, (4, 7): 0.047619047619047616, (4, 8): 0.047619047619047616, (4, 9): 0.047619047619047616, (4, 10): 0.047619047619047616, (4, 11): 0.047619047619047616, (4, 12): 0.02976190476190476, (5, 0): 0.02976190476190476, (5, 1): 0.047619047619047616, (5, 2): 0.047619047619047616, (5, 3): 0.047619047619047616, (5, 4): 0.047619047619047616, (5, 5): 0.047619047619047616, (5, 6): 0.047619047619047616, (5, 7): 0.047619047619047616, (5, 8): 0.047619047619047616, (5, 9): 0.047619047619047616, (5, 10): 0.047619047619047616, (5, 11): 0.047619047619047616, (5, 12): 0.02976190476190476, (6, 0): 0.02976190476190476, (6, 1): 0.047619047619047616, (6, 2): 0.047619047619047616, (6, 3): 0.047619047619047616, (6, 4): 0.047619047619047616, (6, 5): 0.047619047619047616, (6, 6): 0.047619047619047616, (6, 7): 0.047619047619047616, (6, 8): 0.047619047619047616, (6, 9): 0.047619047619047616, (6, 10): 0.047619047619047616, (6, 11): 0.047619047619047616, (6, 12): 0.02976190476190476, (7, 0): 0.02976190476190476, (7, 1): 0.047619047619047616, (7, 2): 0.047619047619047616, (7, 3): 0.047619047619047616, (7, 4): 0.047619047619047616, (7, 5): 0.047619047619047616, (7, 6): 0.047619047619047616, (7, 7): 0.047619047619047616, (7, 8): 0.047619047619047616, (7, 9): 0.047619047619047616, (7, 10): 0.047619047619047616, (7, 11): 0.047619047619047616, (7, 12): 0.02976190476190476, (8, 0): 0.02976190476190476, (8, 1): 0.047619047619047616, (8, 2): 0.047619047619047616, (8, 3): 0.047619047619047616, (8, 4): 0.047619047619047616, (8, 5): 0.047619047619047616, (8, 6): 0.047619047619047616, (8, 7): 0.047619047619047616, (8, 8): 0.047619047619047616, (8, 9): 0.047619047619047616, (8, 10): 0.047619047619047616, (8, 11): 0.047619047619047616, (8, 12): 0.02976190476190476, (9, 0): 0.02976190476190476, (9, 1): 0.047619047619047616, (9, 2): 0.047619047619047616, (9, 3): 0.047619047619047616, (9, 4): 0.047619047619047616, (9, 5): 0.047619047619047616, (9, 6): 0.047619047619047616, (9, 7): 0.047619047619047616, (9, 8): 0.047619047619047616, (9, 9): 0.047619047619047616, (9, 10): 0.047619047619047616, (9, 11): 0.047619047619047616, (9, 12): 0.02976190476190476, (10, 0): 0.02976190476190476, (10, 1): 0.047619047619047616, (10, 2): 0.047619047619047616, (10, 3): 0.047619047619047616, (10, 4): 0.047619047619047616, (10, 5): 0.047619047619047616, (10, 6): 0.047619047619047616, (10, 7): 0.047619047619047616, (10, 8): 0.047619047619047616, (10, 9): 0.047619047619047616, (10, 10): 0.047619047619047616, (10, 11): 0.047619047619047616, (10, 12): 0.02976190476190476, (11, 0): 0.02976190476190476, (11, 1): 0.047619047619047616, (11, 2): 0.047619047619047616, (11, 3): 0.047619047619047616, (11, 4): 0.047619047619047616, (11, 5): 0.047619047619047616, (11, 6): 0.047619047619047616, (11, 7): 0.047619047619047616, (11, 8): 0.047619047619047616, (11, 9): 0.047619047619047616, (11, 10): 0.047619047619047616, (11, 11): 0.047619047619047616, (11, 12): 0.02976190476190476, (12, 0): 0.017857142857142856, (12, 1): 0.02976190476190476, (12, 2): 0.02976190476190476, (12, 3): 0.02976190476190476, (12, 4): 0.02976190476190476, (12, 5): 0.02976190476190476, (12, 6): 0.02976190476190476, (12, 7): 0.02976190476190476, (12, 8): 0.02976190476190476, (12, 9): 0.02976190476190476, (12, 10): 0.02976190476190476, (12, 11): 0.02976190476190476, (12, 12): 0.017857142857142856}
eigenvector centrality: {(0, 0): 0.007076099610450769, (0, 1): 0.013796901424815107, (0, 2): 0.01982512998126565, (0, 3): 0.02485856079033455, (0, 4): 0.028645150670846005, (0, 5): 0.030995521759116573, (0, 6): 0.03179224060006225, (0, 7): 0.030995521759116573, (0, 8): 0.02864515067084601, (0, 9): 0.02485856079033455, (0, 10): 0.01982512998126565, (0, 11): 0.013796901424815105, (0, 12): 0.007076099610450768, (1, 0): 0.013796901424815107, (1, 1): 0.026901047102973016, (1, 2): 0.03865482103752414, (1, 3): 0.048468949233060804, (1, 4): 0.05585200065880111, (1, 5): 0.06043472843282953, (1, 6): 0.061988162092184176, (1, 7): 0.06043472843282953, (1, 8): 0.055852000658801124, (1, 9): 0.048468949233060804, (1, 10): 0.038654821037524136, (1, 11): 0.026901047102973013, (1, 12): 0.013796901424815105, (2, 0): 0.019825129981265652, (2, 1): 0.03865482103752414, (2, 2): 0.055544127472937126, (2, 3): 0.06964630600842853, (2, 4): 0.08025520649027218, (2, 5): 0.08684024837695704, (2, 6): 0.08907241799720142, (2, 7): 0.08684024837695703, (2, 8): 0.08025520649027218, (2, 9): 0.06964630600842851, (2, 10): 0.05554412747293712, (2, 11): 0.03865482103752414, (2, 12): 0.01982512998126565, (3, 0): 0.02485856079033455, (3, 1): 0.048468949233060804, (3, 2): 0.06964630600842853, (3, 3): 0.08732890696650226, (3, 4): 0.10063131647381605, (3, 5): 0.1088882441308727, (3, 6): 0.11168714251144415, (3, 7): 0.1088882441308727, (3, 8): 0.10063131647381607, (3, 9): 0.08732890696650226, (3, 10): 0.06964630600842854, (3, 11): 0.04846894923306081, (3, 12): 0.02485856079033455, (4, 0): 0.02864515067084601, (4, 1): 0.05585200065880111, (4, 2): 0.0802552064902722, (4, 3): 0.10063131647381607, (4, 4): 0.11596002065086788, (4, 5): 0.12547468800468453, (4, 6): 0.1286999296628834, (4, 7): 0.12547468800468453, (4, 8): 0.11596002065086788, (4, 9): 0.10063131647381607, (4, 10): 0.0802552064902722, (4, 11): 0.05585200065880112, (4, 12): 0.02864515067084601, (5, 0): 0.030995521759116573, (5, 1): 0.06043472843282954, (5, 2): 0.08684024837695704, (5, 3): 0.10888824413087271, (5, 4): 0.12547468800468456, (5, 5): 0.13577004593052472, (5, 6): 0.13925992277368815, (5, 7): 0.13577004593052472, (5, 8): 0.12547468800468456, (5, 9): 0.10888824413087271, (5, 10): 0.08684024837695706, (5, 11): 0.06043472843282954, (5, 12): 0.030995521759116573, (6, 0): 0.03179224060006225, (6, 1): 0.061988162092184176, (6, 2): 0.08907241799720145, (6, 3): 0.11168714251144417, (6, 4): 0.1286999296628834, (6, 5): 0.13925992277368815, (6, 6): 0.14283950453148847, (6, 7): 0.13925992277368812, (6, 8): 0.1286999296628834, (6, 9): 0.11168714251144417, (6, 10): 0.08907241799720145, (6, 11): 0.06198816209218419, (6, 12): 0.03179224060006225, (7, 0): 0.030995521759116573, (7, 1): 0.06043472843282953, (7, 2): 0.08684024837695704, (7, 3): 0.10888824413087271, (7, 4): 0.12547468800468453, (7, 5): 0.13577004593052472, (7, 6): 0.13925992277368815, (7, 7): 0.13577004593052472, (7, 8): 0.12547468800468456, (7, 9): 0.10888824413087271, (7, 10): 0.08684024837695706, (7, 11): 0.06043472843282954, (7, 12): 0.030995521759116573, (8, 0): 0.02864515067084601, (8, 1): 0.055852000658801124, (8, 2): 0.08025520649027217, (8, 3): 0.10063131647381605, (8, 4): 0.11596002065086788, (8, 5): 0.12547468800468456, (8, 6): 0.1286999296628834, (8, 7): 0.12547468800468456, (8, 8): 0.11596002065086788, (8, 9): 0.10063131647381605, (8, 10): 0.08025520649027218, (8, 11): 0.05585200065880112, (8, 12): 0.028645150670846005, (9, 0): 0.024858560790334546, (9, 1): 0.048468949233060804, (9, 2): 0.06964630600842853, (9, 3): 0.08732890696650228, (9, 4): 0.10063131647381605, (9, 5): 0.10888824413087271, (9, 6): 0.11168714251144418, (9, 7): 0.10888824413087271, (9, 8): 0.10063131647381607, (9, 9): 0.08732890696650226, (9, 10): 0.06964630600842853, (9, 11): 0.048468949233060804, (9, 12): 0.024858560790334546, (10, 0): 0.01982512998126565, (10, 1): 0.03865482103752414, (10, 2): 0.05554412747293712, (10, 3): 0.06964630600842851, (10, 4): 0.0802552064902722, (10, 5): 0.08684024837695706, (10, 6): 0.08907241799720146, (10, 7): 0.08684024837695706, (10, 8): 0.08025520649027218, (10, 9): 0.06964630600842851, (10, 10): 0.05554412747293711, (10, 11): 0.03865482103752413, (10, 12): 0.01982512998126565, (11, 0): 0.013796901424815107, (11, 1): 0.026901047102973016, (11, 2): 0.03865482103752414, (11, 3): 0.04846894923306082, (11, 4): 0.05585200065880112, (11, 5): 0.06043472843282954, (11, 6): 0.06198816209218419, (11, 7): 0.06043472843282953, (11, 8): 0.05585200065880112, (11, 9): 0.048468949233060804, (11, 10): 0.03865482103752414, (11, 11): 0.026901047102973016, (11, 12): 0.013796901424815105, (12, 0): 0.007076099610450768, (12, 1): 0.013796901424815107, (12, 2): 0.019825129981265652, (12, 3): 0.024858560790334546, (12, 4): 0.028645150670846005, (12, 5): 0.030995521759116573, (12, 6): 0.03179224060006225, (12, 7): 0.030995521759116573, (12, 8): 0.028645150670846005, (12, 9): 0.024858560790334546, (12, 10): 0.01982512998126565, (12, 11): 0.013796901424815105, (12, 12): 0.007076099610450768}
closeness centrality: {(0, 0): 0.12191582002902758, (0, 1): 0.1291314373558801, (0, 2): 0.13570274636510501, (0, 3): 0.14129520605550883, (0, 4): 0.14558058925476602, (0, 5): 0.14827890556045895, (0, 6): 0.1492007104795737, (0, 7): 0.14827890556045895, (0, 8): 0.14558058925476602, (0, 9): 0.14129520605550883, (0, 10): 0.13570274636510501, (0, 11): 0.1291314373558801, (0, 12): 0.12191582002902758, (1, 0): 0.1291314373558801, (1, 1): 0.13849958779884583, (1, 2): 0.147239263803681, (1, 3): 0.15483870967741936, (1, 4): 0.16076555023923444, (1, 5): 0.16454456415279137, (1, 6): 0.16584402764067127, (1, 7): 0.16454456415279137, (1, 8): 0.16076555023923444, (1, 9): 0.15483870967741936, (1, 10): 0.147239263803681, (1, 11): 0.13849958779884583, (1, 12): 0.1291314373558801, (2, 0): 0.13570274636510501, (2, 1): 0.147239263803681, (2, 2): 0.15849056603773584, (2, 3): 0.16850551654964896, (2, 4): 0.17647058823529413, (2, 5): 0.18162162162162163, (2, 6): 0.18340611353711792, (2, 7): 0.18162162162162163, (2, 8): 0.17647058823529413, (2, 9): 0.16850551654964896, (2, 10): 0.15849056603773584, (2, 11): 0.147239263803681, (2, 12): 0.13570274636510501, (3, 0): 0.14129520605550883, (3, 1): 0.15483870967741936, (3, 2): 0.16850551654964896, (3, 3): 0.18122977346278318, (3, 4): 0.19156214367160776, (3, 5): 0.19834710743801653, (3, 6): 0.2007168458781362, (3, 7): 0.19834710743801653, (3, 8): 0.19156214367160776, (3, 9): 0.18122977346278318, (3, 10): 0.16850551654964896, (3, 11): 0.15483870967741936, (3, 12): 0.14129520605550883, (4, 0): 0.14558058925476602, (4, 1): 0.16076555023923444, (4, 2): 0.17647058823529413, (4, 3): 0.19156214367160776, (4, 4): 0.20437956204379562, (4, 5): 0.21292775665399238, (4, 6): 0.2159383033419023, (4, 7): 0.21292775665399238, (4, 8): 0.20437956204379562, (4, 9): 0.19156214367160776, (4, 10): 0.17647058823529413, (4, 11): 0.16076555023923444, (4, 12): 0.14558058925476602, (5, 0): 0.14827890556045895, (5, 1): 0.16454456415279137, (5, 2): 0.18162162162162163, (5, 3): 0.19834710743801653, (5, 4): 0.21292775665399238, (5, 5): 0.22310756972111553, (5, 6): 0.22672064777327935, (5, 7): 0.22310756972111553, (5, 8): 0.21292775665399238, (5, 9): 0.19834710743801653, (5, 10): 0.18162162162162163, (5, 11): 0.16454456415279137, (5, 12): 0.14827890556045895, (6, 0): 0.1492007104795737, (6, 1): 0.16584402764067127, (6, 2): 0.18340611353711792, (6, 3): 0.2007168458781362, (6, 4): 0.2159383033419023, (6, 5): 0.22672064777327935, (6, 6): 0.23076923076923078, (6, 7): 0.22672064777327935, (6, 8): 0.2159383033419023, (6, 9): 0.2007168458781362, (6, 10): 0.18340611353711792, (6, 11): 0.16584402764067127, (6, 12): 0.1492007104795737, (7, 0): 0.14827890556045895, (7, 1): 0.16454456415279137, (7, 2): 0.18162162162162163, (7, 3): 0.19834710743801653, (7, 4): 0.21292775665399238, (7, 5): 0.22310756972111553, (7, 6): 0.22672064777327935, (7, 7): 0.22310756972111553, (7, 8): 0.21292775665399238, (7, 9): 0.19834710743801653, (7, 10): 0.18162162162162163, (7, 11): 0.16454456415279137, (7, 12): 0.14827890556045895, (8, 0): 0.14558058925476602, (8, 1): 0.16076555023923444, (8, 2): 0.17647058823529413, (8, 3): 0.19156214367160776, (8, 4): 0.20437956204379562, (8, 5): 0.21292775665399238, (8, 6): 0.2159383033419023, (8, 7): 0.21292775665399238, (8, 8): 0.20437956204379562, (8, 9): 0.19156214367160776, (8, 10): 0.17647058823529413, (8, 11): 0.16076555023923444, (8, 12): 0.14558058925476602, (9, 0): 0.14129520605550883, (9, 1): 0.15483870967741936, (9, 2): 0.16850551654964896, (9, 3): 0.18122977346278318, (9, 4): 0.19156214367160776, (9, 5): 0.19834710743801653, (9, 6): 0.2007168458781362, (9, 7): 0.19834710743801653, (9, 8): 0.19156214367160776, (9, 9): 0.18122977346278318, (9, 10): 0.16850551654964896, (9, 11): 0.15483870967741936, (9, 12): 0.14129520605550883, (10, 0): 0.13570274636510501, (10, 1): 0.147239263803681, (10, 2): 0.15849056603773584, (10, 3): 0.16850551654964896, (10, 4): 0.17647058823529413, (10, 5): 0.18162162162162163, (10, 6): 0.18340611353711792, (10, 7): 0.18162162162162163, (10, 8): 0.17647058823529413, (10, 9): 0.16850551654964896, (10, 10): 0.15849056603773584, (10, 11): 0.147239263803681, (10, 12): 0.13570274636510501, (11, 0): 0.1291314373558801, (11, 1): 0.13849958779884583, (11, 2): 0.147239263803681, (11, 3): 0.15483870967741936, (11, 4): 0.16076555023923444, (11, 5): 0.16454456415279137, (11, 6): 0.16584402764067127, (11, 7): 0.16454456415279137, (11, 8): 0.16076555023923444, (11, 9): 0.15483870967741936, (11, 10): 0.147239263803681, (11, 11): 0.13849958779884583, (11, 12): 0.1291314373558801, (12, 0): 0.12191582002902758, (12, 1): 0.1291314373558801, (12, 2): 0.13570274636510501, (12, 3): 0.14129520605550883, (12, 4): 0.14558058925476602, (12, 5): 0.14827890556045895, (12, 6): 0.1492007104795737, (12, 7): 0.14827890556045895, (12, 8): 0.14558058925476602, (12, 9): 0.14129520605550883, (12, 10): 0.13570274636510501, (12, 11): 0.1291314373558801, (12, 12): 0.12191582002902758}
betweenness centrality: {(0, 0): 0.0, (0, 1): 0.002577104272862697, (0, 2): 0.004058007493703513, (0, 3): 0.004940520328393362, (0, 4): 0.005474948953007481, (0, 5): 0.0057629204025214514, (0, 6): 0.0058542211408763225, (0, 7): 0.0057629204025214514, (0, 8): 0.0054749489530074805, (0, 9): 0.0049405203283933614, (0, 10): 0.004058007493703513, (0, 11): 0.002577104272862697, (0, 12): 0.0, (1, 0): 0.002577104272862698, (1, 1): 0.015031235592713396, (1, 2): 0.019537976648261596, (1, 3): 0.022682667350339046, (1, 4): 0.024684581369953787, (1, 5): 0.025803776063256262, (1, 6): 0.026163635073819975, (1, 7): 0.025803776063256262, (1, 8): 0.02468458136995379, (1, 9): 0.02268266735033905, (1, 10): 0.019537976648261596, (1, 11): 0.015031235592713394, (1, 12): 0.002577104272862698, (2, 0): 0.004058007493703513, (2, 1): 0.019537976648261585, (2, 2): 0.029900102003270382, (2, 3): 0.035349483073812915, (2, 4): 0.039066553028374446, (2, 5): 0.04118485259013728, (2, 6): 0.04187368850839737, (2, 7): 0.04118485259013727, (2, 8): 0.03906655302837443, (2, 9): 0.035349483073812915, (2, 10): 0.029900102003270382, (2, 11): 0.019537976648261585, (2, 12): 0.004058007493703514, (3, 0): 0.0049405203283933614, (3, 1): 0.02268266735033906, (3, 2): 0.035349483073812915, (3, 3): 0.04447943233608586, (3, 4): 0.04981138007158708, (3, 5): 0.052934010193076995, (3, 6): 0.05395356737164643, (3, 7): 0.05293401019307701, (3, 8): 0.04981138007158708, (3, 9): 0.04447943233608585, (3, 10): 0.03534948307381292, (3, 11): 0.022682667350339053, (3, 12): 0.004940520328393364, (4, 0): 0.00547494895300748, (4, 1): 0.024684581369953787, (4, 2): 0.039066553028374446, (4, 3): 0.049811380071587086, (4, 4): 0.05766428993108075, (4, 5): 0.06181604135322022, (4, 6): 0.06318735252821145, (4, 7): 0.0618160413532202, (4, 8): 0.05766428993108074, (4, 9): 0.049811380071587065, (4, 10): 0.03906655302837443, (4, 11): 0.024684581369953787, (4, 12): 0.00547494895300748, (5, 0): 0.005762920402521454, (5, 1): 0.025803776063256262, (5, 2): 0.04118485259013727, (5, 3): 0.05293401019307699, (5, 4): 0.061816041353220226, (5, 5): 0.067616422478006, (5, 6): 0.06935882233280506, (5, 7): 0.067616422478006, (5, 8): 0.06181604135322022, (5, 9): 0.052934010193077, (5, 10): 0.04118485259013727, (5, 11): 0.025803776063256265, (5, 12): 0.005762920402521453, (6, 0): 0.005854221140876323, (6, 1): 0.02616363507381996, (6, 2): 0.04187368850839738, (6, 3): 0.05395356737164642, (6, 4): 0.0631873525282115, (6, 5): 0.06935882233280506, (6, 6): 0.07191488817048705, (6, 7): 0.06935882233280508, (6, 8): 0.0631873525282115, (6, 9): 0.05395356737164644, (6, 10): 0.04187368850839738, (6, 11): 0.02616363507381997, (6, 12): 0.0058542211408763225, (7, 0): 0.005762920402521451, (7, 1): 0.025803776063256255, (7, 2): 0.04118485259013727, (7, 3): 0.052934010193077016, (7, 4): 0.06181604135322018, (7, 5): 0.06761642247800603, (7, 6): 0.06935882233280505, (7, 7): 0.06761642247800602, (7, 8): 0.0618160413532202, (7, 9): 0.052934010193077, (7, 10): 0.04118485259013726, (7, 11): 0.025803776063256262, (7, 12): 0.00576292040252145, (8, 0): 0.0054749489530074805, (8, 1): 0.024684581369953773, (8, 2): 0.039066553028374446, (8, 3): 0.04981138007158709, (8, 4): 0.057664289931080734, (8, 5): 0.06181604135322023, (8, 6): 0.06318735252821153, (8, 7): 0.06181604135322021, (8, 8): 0.057664289931080734, (8, 9): 0.04981138007158709, (8, 10): 0.039066553028374446, (8, 11): 0.024684581369953777, (8, 12): 0.0054749489530074805, (9, 0): 0.004940520328393365, (9, 1): 0.022682667350339046, (9, 2): 0.03534948307381292, (9, 3): 0.04447943233608585, (9, 4): 0.049811380071587065, (9, 5): 0.052934010193077, (9, 6): 0.05395356737164643, (9, 7): 0.05293401019307701, (9, 8): 0.04981138007158708, (9, 9): 0.044479432336085825, (9, 10): 0.03534948307381293, (9, 11): 0.02268266735033905, (9, 12): 0.004940520328393366, (10, 0): 0.004058007493703512, (10, 1): 0.019537976648261596, (10, 2): 0.029900102003270403, (10, 3): 0.035349483073812915, (10, 4): 0.03906655302837445, (10, 5): 0.04118485259013727, (10, 6): 0.04187368850839739, (10, 7): 0.041184852590137266, (10, 8): 0.039066553028374446, (10, 9): 0.035349483073812915, (10, 10): 0.0299001020032704, (10, 11): 0.019537976648261603, (10, 12): 0.004058007493703513, (11, 0): 0.0025771042728626975, (11, 1): 0.015031235592713405, (11, 2): 0.019537976648261596, (11, 3): 0.022682667350339046, (11, 4): 0.024684581369953773, (11, 5): 0.025803776063256255, (11, 6): 0.026163635073819965, (11, 7): 0.02580377606325626, (11, 8): 0.024684581369953777, (11, 9): 0.022682667350339043, (11, 10): 0.019537976648261603, (11, 11): 0.015031235592713405, (11, 12): 0.0025771042728626975, (12, 0): 0.0, (12, 1): 0.0025771042728626966, (12, 2): 0.004058007493703513, (12, 3): 0.004940520328393364, (12, 4): 0.005474948953007479, (12, 5): 0.0057629204025214514, (12, 6): 0.005854221140876323, (12, 7): 0.0057629204025214514, (12, 8): 0.005474948953007481, (12, 9): 0.004940520328393366, (12, 10): 0.004058007493703513, (12, 11): 0.0025771042728626983, (12, 12): 0.0}
katz centrality: {(0, 0): 0.03509911077991397, (0, 1): 0.046229951712744966, (0, 2): 0.05038437742086959, (0, 3): 0.05201278542644394, (0, 4): 0.052664944804468455, (0, 5): 0.05291725696723766, (0, 6): 0.052983177603877794, (0, 7): 0.052917256967237675, (0, 8): 0.052664944804468455, (0, 9): 0.05201278542644394, (0, 10): 0.05038437742086958, (0, 11): 0.046229951712744966, (0, 12): 0.03509911077991397, (1, 0): 0.04622995171274496, (1, 1): 0.06474543664230617, (1, 2): 0.07205487284027128, (1, 3): 0.07501495985558594, (1, 4): 0.07622293161190058, (1, 5): 0.07669574645217266, (1, 6): 0.07682000146861365, (1, 7): 0.07669574645217267, (1, 8): 0.07622293161190058, (1, 9): 0.07501495985558594, (1, 10): 0.07205487284027129, (1, 11): 0.06474543664230618, (1, 12): 0.04622995171274496, (2, 0): 0.05038437742086958, (2, 1): 0.07205487284027129, (2, 2): 0.08123108396403247, (2, 3): 0.08508949280911483, (2, 4): 0.08670334194741464, (2, 5): 0.08734502012522391, (2, 6): 0.08751502226164634, (2, 7): 0.0873450201252239, (2, 8): 0.08670334194741464, (2, 9): 0.08508949280911485, (2, 10): 0.08123108396403249, (2, 11): 0.07205487284027129, (2, 12): 0.05038437742086959, (3, 0): 0.05201278542644394, (3, 1): 0.07501495985558594, (3, 2): 0.08508949280911483, (3, 3): 0.08946098425673074, (3, 4): 0.09133149307475429, (3, 5): 0.09208702355731985, (3, 6): 0.09228887314707337, (3, 7): 0.09208702355731983, (3, 8): 0.0913314930747543, (3, 9): 0.08946098425673074, (3, 10): 0.08508949280911485, (3, 11): 0.07501495985558594, (3, 12): 0.052012785426443955, (4, 0): 0.05266494480446844, (4, 1): 0.07622293161190057, (4, 2): 0.08670334194741465, (4, 3): 0.09133149307475429, (4, 4): 0.0933443352093636, (4, 5): 0.09416747203627751, (4, 6): 0.09438891004010115, (4, 7): 0.09416747203627748, (4, 8): 0.0933443352093636, (4, 9): 0.09133149307475429, (4, 10): 0.08670334194741464, (4, 11): 0.07622293161190058, (4, 12): 0.052664944804468455, (5, 0): 0.05291725696723768, (5, 1): 0.07669574645217266, (5, 2): 0.0873450201252239, (5, 3): 0.09208702355731986, (5, 4): 0.09416747203627751, (5, 5): 0.09502462276885824, (5, 6): 0.09525622279768341, (5, 7): 0.09502462276885822, (5, 8): 0.09416747203627754, (5, 9): 0.09208702355731985, (5, 10): 0.08734502012522387, (5, 11): 0.07669574645217266, (5, 12): 0.05291725696723769, (6, 0): 0.05298317760387781, (6, 1): 0.07682000146861363, (6, 2): 0.08751502226164637, (6, 3): 0.09228887314707337, (6, 4): 0.09438891004010116, (6, 5): 0.09525622279768341, (6, 6): 0.09549091499975103, (6, 7): 0.09525622279768342, (6, 8): 0.09438891004010116, (6, 9): 0.09228887314707339, (6, 10): 0.08751502226164638, (6, 11): 0.07682000146861363, (6, 12): 0.052983177603877794, (7, 0): 0.052917256967237675, (7, 1): 0.07669574645217267, (7, 2): 0.08734502012522391, (7, 3): 0.09208702355731989, (7, 4): 0.09416747203627752, (7, 5): 0.09502462276885827, (7, 6): 0.09525622279768343, (7, 7): 0.09502462276885824, (7, 8): 0.09416747203627752, (7, 9): 0.09208702355731985, (7, 10): 0.08734502012522391, (7, 11): 0.07669574645217266, (7, 12): 0.05291725696723768, (8, 0): 0.05266494480446844, (8, 1): 0.07622293161190055, (8, 2): 0.08670334194741465, (8, 3): 0.09133149307475433, (8, 4): 0.09334433520936362, (8, 5): 0.09416747203627751, (8, 6): 0.09438891004010118, (8, 7): 0.09416747203627751, (8, 8): 0.09334433520936358, (8, 9): 0.0913314930747543, (8, 10): 0.08670334194741464, (8, 11): 0.07622293161190057, (8, 12): 0.05266494480446846, (9, 0): 0.052012785426443955, (9, 1): 0.07501495985558594, (9, 2): 0.08508949280911483, (9, 3): 0.08946098425673074, (9, 4): 0.0913314930747543, (9, 5): 0.09208702355731985, (9, 6): 0.09228887314707335, (9, 7): 0.09208702355731985, (9, 8): 0.09133149307475429, (9, 9): 0.0894609842567307, (9, 10): 0.08508949280911485, (9, 11): 0.07501495985558596, (9, 12): 0.052012785426443976, (10, 0): 0.05038437742086959, (10, 1): 0.07205487284027129, (10, 2): 0.08123108396403247, (10, 3): 0.08508949280911485, (10, 4): 0.08670334194741465, (10, 5): 0.08734502012522392, (10, 6): 0.08751502226164633, (10, 7): 0.0873450201252239, (10, 8): 0.08670334194741464, (10, 9): 0.08508949280911488, (10, 10): 0.08123108396403247, (10, 11): 0.0720548728402713, (10, 12): 0.05038437742086959, (11, 0): 0.04622995171274497, (11, 1): 0.06474543664230618, (11, 2): 0.0720548728402713, (11, 3): 0.07501495985558594, (11, 4): 0.07622293161190057, (11, 5): 0.07669574645217267, (11, 6): 0.07682000146861363, (11, 7): 0.07669574645217267, (11, 8): 0.07622293161190058, (11, 9): 0.07501495985558594, (11, 10): 0.07205487284027129, (11, 11): 0.06474543664230617, (11, 12): 0.04622995171274497, (12, 0): 0.03509911077991398, (12, 1): 0.04622995171274496, (12, 2): 0.0503843774208696, (12, 3): 0.052012785426443955, (12, 4): 0.05266494480446846, (12, 5): 0.052917256967237654, (12, 6): 0.0529831776038778, (12, 7): 0.052917256967237675, (12, 8): 0.052664944804468455, (12, 9): 0.052012785426443935, (12, 10): 0.0503843774208696, (12, 11): 0.04622995171274496, (12, 12): 0.03509911077991398}
;
