196 702 3
4 2 1
0 2 1
14
param Vertices :=
1 0.0
2 0.1
3 0.2
4 0.3
5 0.4
6 0.5
7 0.6
8 0.7
9 0.8
10 0.9
11 0.10
12 0.11
13 0.12
14 0.13
15 1.0
16 1.1
17 1.2
18 1.3
19 1.4
20 1.5
21 1.6
22 1.7
23 1.8
24 1.9
25 1.10
26 1.11
27 1.12
28 1.13
29 2.0
30 2.1
31 2.2
32 2.3
33 2.4
34 2.5
35 2.6
36 2.7
37 2.8
38 2.9
39 2.10
40 2.11
41 2.12
42 2.13
43 3.0
44 3.1
45 3.2
46 3.3
47 3.4
48 3.5
49 3.6
50 3.7
51 3.8
52 3.9
53 3.10
54 3.11
55 3.12
56 3.13
57 4.0
58 4.1
59 4.2
60 4.3
61 4.4
62 4.5
63 4.6
64 4.7
65 4.8
66 4.9
67 4.10
68 4.11
69 4.12
70 4.13
71 5.0
72 5.1
73 5.2
74 5.3
75 5.4
76 5.5
77 5.6
78 5.7
79 5.8
80 5.9
81 5.10
82 5.11
83 5.12
84 5.13
85 6.0
86 6.1
87 6.2
88 6.3
89 6.4
90 6.5
91 6.6
92 6.7
93 6.8
94 6.9
95 6.10
96 6.11
97 6.12
98 6.13
99 7.0
100 7.1
101 7.2
102 7.3
103 7.4
104 7.5
105 7.6
106 7.7
107 7.8
108 7.9
109 7.10
110 7.11
111 7.12
112 7.13
113 8.0
114 8.1
115 8.2
116 8.3
117 8.4
118 8.5
119 8.6
120 8.7
121 8.8
122 8.9
123 8.10
124 8.11
125 8.12
126 8.13
127 9.0
128 9.1
129 9.2
130 9.3
131 9.4
132 9.5
133 9.6
134 9.7
135 9.8
136 9.9
137 9.10
138 9.11
139 9.12
140 9.13
141 10.0
142 10.1
143 10.2
144 10.3
145 10.4
146 10.5
147 10.6
148 10.7
149 10.8
150 10.9
151 10.10
152 10.11
153 10.12
154 10.13
155 11.0
156 11.1
157 11.2
158 11.3
159 11.4
160 11.5
161 11.6
162 11.7
163 11.8
164 11.9
165 11.10
166 11.11
167 11.12
168 11.13
169 12.0
170 12.1
171 12.2
172 12.3
173 12.4
174 12.5
175 12.6
176 12.7
177 12.8
178 12.9
179 12.10
180 12.11
181 12.12
182 12.13
183 13.0
184 13.1
185 13.2
186 13.3
187 13.4
188 13.5
189 13.6
190 13.7
191 13.8
192 13.9
193 13.10
194 13.11
195 13.12
196 13.13
;
param Edges :=
1 15
1 2
1 16
2 16
2 3
2 17
2 15
3 17
3 4
3 18
3 16
4 18
4 5
4 19
4 17
5 19
5 6
5 20
5 18
6 20
6 7
6 21
6 19
7 21
7 8
7 22
7 20
8 22
8 9
8 23
8 21
9 23
9 10
9 24
9 22
10 24
10 11
10 25
10 23
11 25
11 12
11 26
11 24
12 26
12 13
12 27
12 25
13 27
13 14
13 28
13 26
14 28
14 27
15 29
15 16
15 30
16 30
16 17
16 31
16 29
17 31
17 18
17 32
17 30
18 32
18 19
18 33
18 31
19 33
19 20
19 34
19 32
20 34
20 21
20 35
20 33
21 35
21 22
21 36
21 34
22 36
22 23
22 37
22 35
23 37
23 24
23 38
23 36
24 38
24 25
24 39
24 37
25 39
25 26
25 40
25 38
26 40
26 27
26 41
26 39
27 41
27 28
27 42
27 40
28 42
28 41
29 43
29 30
29 44
30 44
30 31
30 45
30 43
31 45
31 32
31 46
31 44
32 46
32 33
32 47
32 45
33 47
33 34
33 48
33 46
34 48
34 35
34 49
34 47
35 49
35 36
35 50
35 48
36 50
36 37
36 51
36 49
37 51
37 38
37 52
37 50
38 52
38 39
38 53
38 51
39 53
39 40
39 54
39 52
40 54
40 41
40 55
40 53
41 55
41 42
41 56
41 54
42 56
42 55
43 57
43 44
43 58
44 58
44 45
44 59
44 57
45 59
45 46
45 60
45 58
46 60
46 47
46 61
46 59
47 61
47 48
47 62
47 60
48 62
48 49
48 63
48 61
49 63
49 50
49 64
49 62
50 64
50 51
50 65
50 63
51 65
51 52
51 66
51 64
52 66
52 53
52 67
52 65
53 67
53 54
53 68
53 66
54 68
54 55
54 69
54 67
55 69
55 56
55 70
55 68
56 70
56 69
57 71
57 58
57 72
58 72
58 59
58 73
58 71
59 73
59 60
59 74
59 72
60 74
60 61
60 75
60 73
61 75
61 62
61 76
61 74
62 76
62 63
62 77
62 75
63 77
63 64
63 78
63 76
64 78
64 65
64 79
64 77
65 79
65 66
65 80
65 78
66 80
66 67
66 81
66 79
67 81
67 68
67 82
67 80
68 82
68 69
68 83
68 81
69 83
69 70
69 84
69 82
70 84
70 83
71 85
71 72
71 86
72 86
72 73
72 87
72 85
73 87
73 74
73 88
73 86
74 88
74 75
74 89
74 87
75 89
75 76
75 90
75 88
76 90
76 77
76 91
76 89
77 91
77 78
77 92
77 90
78 92
78 79
78 93
78 91
79 93
79 80
79 94
79 92
80 94
80 81
80 95
80 93
81 95
81 82
81 96
81 94
82 96
82 83
82 97
82 95
83 97
83 84
83 98
83 96
84 98
84 97
85 99
85 86
85 100
86 100
86 87
86 101
86 99
87 101
87 88
87 102
87 100
88 102
88 89
88 103
88 101
89 103
89 90
89 104
89 102
90 104
90 91
90 105
90 103
91 105
91 92
91 106
91 104
92 106
92 93
92 107
92 105
93 107
93 94
93 108
93 106
94 108
94 95
94 109
94 107
95 109
95 96
95 110
95 108
96 110
96 97
96 111
96 109
97 111
97 98
97 112
97 110
98 112
98 111
99 113
99 100
99 114
100 114
100 101
100 115
100 113
101 115
101 102
101 116
101 114
102 116
102 103
102 117
102 115
103 117
103 104
103 118
103 116
104 118
104 105
104 119
104 117
105 119
105 106
105 120
105 118
106 120
106 107
106 121
106 119
107 121
107 108
107 122
107 120
108 122
108 109
108 123
108 121
109 123
109 110
109 124
109 122
110 124
110 111
110 125
110 123
111 125
111 112
111 126
111 124
112 126
112 125
113 127
113 114
113 128
114 128
114 115
114 129
114 127
115 129
115 116
115 130
115 128
116 130
116 117
116 131
116 129
117 131
117 118
117 132
117 130
118 132
118 119
118 133
118 131
119 133
119 120
119 134
119 132
120 134
120 121
120 135
120 133
121 135
121 122
121 136
121 134
122 136
122 123
122 137
122 135
123 137
123 124
123 138
123 136
124 138
124 125
124 139
124 137
125 139
125 126
125 140
125 138
126 140
126 139
127 141
127 128
127 142
128 142
128 129
128 143
128 141
129 143
129 130
129 144
129 142
130 144
130 131
130 145
130 143
131 145
131 132
131 146
131 144
132 146
132 133
132 147
132 145
133 147
133 134
133 148
133 146
134 148
134 135
134 149
134 147
135 149
135 136
135 150
135 148
136 150
136 137
136 151
136 149
137 151
137 138
137 152
137 150
138 152
138 139
138 153
138 151
139 153
139 140
139 154
139 152
140 154
140 153
141 155
141 142
141 156
142 156
142 143
142 157
142 155
143 157
143 144
143 158
143 156
144 158
144 145
144 159
144 157
145 159
145 146
145 160
145 158
146 160
146 147
146 161
146 159
147 161
147 148
147 162
147 160
148 162
148 149
148 163
148 161
149 163
149 150
149 164
149 162
150 164
150 151
150 165
150 163
151 165
151 152
151 166
151 164
152 166
152 153
152 167
152 165
153 167
153 154
153 168
153 166
154 168
154 167
155 169
155 156
155 170
156 170
156 157
156 171
156 169
157 171
157 158
157 172
157 170
158 172
158 159
158 173
158 171
159 173
159 160
159 174
159 172
160 174
160 161
160 175
160 173
161 175
161 162
161 176
161 174
162 176
162 163
162 177
162 175
163 177
163 164
163 178
163 176
164 178
164 165
164 179
164 177
165 179
165 166
165 180
165 178
166 180
166 167
166 181
166 179
167 181
167 168
167 182
167 180
168 182
168 181
169 183
169 170
169 184
170 184
170 171
170 185
170 183
171 185
171 172
171 186
171 184
172 186
172 173
172 187
172 185
173 187
173 174
173 188
173 186
174 188
174 175
174 189
174 187
175 189
175 176
175 190
175 188
176 190
176 177
176 191
176 189
177 191
177 178
177 192
177 190
178 192
178 179
178 193
178 191
179 193
179 180
179 194
179 192
180 194
180 181
180 195
180 193
181 195
181 182
181 196
181 194
182 196
182 195
183 184
184 185
185 186
186 187
187 188
188 189
189 190
190 191
191 192
192 193
193 194
194 195
195 196
;
param Grid_Label_Edges :=
0 0 1 0
0 0 0 1
0 0 1 1
0 1 1 1
0 1 0 2
0 1 1 2
0 1 1 0
0 2 1 2
0 2 0 3
0 2 1 3
0 2 1 1
0 3 1 3
0 3 0 4
0 3 1 4
0 3 1 2
0 4 1 4
0 4 0 5
0 4 1 5
0 4 1 3
0 5 1 5
0 5 0 6
0 5 1 6
0 5 1 4
0 6 1 6
0 6 0 7
0 6 1 7
0 6 1 5
0 7 1 7
0 7 0 8
0 7 1 8
0 7 1 6
0 8 1 8
0 8 0 9
0 8 1 9
0 8 1 7
0 9 1 9
0 9 0 10
0 9 1 10
0 9 1 8
0 10 1 10
0 10 0 11
0 10 1 11
0 10 1 9
0 11 1 11
0 11 0 12
0 11 1 12
0 11 1 10
0 12 1 12
0 12 0 13
0 12 1 13
0 12 1 11
0 13 1 13
0 13 1 12
1 0 2 0
1 0 1 1
1 0 2 1
1 1 2 1
1 1 1 2
1 1 2 2
1 1 2 0
1 2 2 2
1 2 1 3
1 2 2 3
1 2 2 1
1 3 2 3
1 3 1 4
1 3 2 4
1 3 2 2
1 4 2 4
1 4 1 5
1 4 2 5
1 4 2 3
1 5 2 5
1 5 1 6
1 5 2 6
1 5 2 4
1 6 2 6
1 6 1 7
1 6 2 7
1 6 2 5
1 7 2 7
1 7 1 8
1 7 2 8
1 7 2 6
1 8 2 8
1 8 1 9
1 8 2 9
1 8 2 7
1 9 2 9
1 9 1 10
1 9 2 10
1 9 2 8
1 10 2 10
1 10 1 11
1 10 2 11
1 10 2 9
1 11 2 11
1 11 1 12
1 11 2 12
1 11 2 10
1 12 2 12
1 12 1 13
1 12 2 13
1 12 2 11
1 13 2 13
1 13 2 12
2 0 3 0
2 0 2 1
2 0 3 1
2 1 3 1
2 1 2 2
2 1 3 2
2 1 3 0
2 2 3 2
2 2 2 3
2 2 3 3
2 2 3 1
2 3 3 3
2 3 2 4
2 3 3 4
2 3 3 2
2 4 3 4
2 4 2 5
2 4 3 5
2 4 3 3
2 5 3 5
2 5 2 6
2 5 3 6
2 5 3 4
2 6 3 6
2 6 2 7
2 6 3 7
2 6 3 5
2 7 3 7
2 7 2 8
2 7 3 8
2 7 3 6
2 8 3 8
2 8 2 9
2 8 3 9
2 8 3 7
2 9 3 9
2 9 2 10
2 9 3 10
2 9 3 8
2 10 3 10
2 10 2 11
2 10 3 11
2 10 3 9
2 11 3 11
2 11 2 12
2 11 3 12
2 11 3 10
2 12 3 12
2 12 2 13
2 12 3 13
2 12 3 11
2 13 3 13
2 13 3 12
3 0 4 0
3 0 3 1
3 0 4 1
3 1 4 1
3 1 3 2
3 1 4 2
3 1 4 0
3 2 4 2
3 2 3 3
3 2 4 3
3 2 4 1
3 3 4 3
3 3 3 4
3 3 4 4
3 3 4 2
3 4 4 4
3 4 3 5
3 4 4 5
3 4 4 3
3 5 4 5
3 5 3 6
3 5 4 6
3 5 4 4
3 6 4 6
3 6 3 7
3 6 4 7
3 6 4 5
3 7 4 7
3 7 3 8
3 7 4 8
3 7 4 6
3 8 4 8
3 8 3 9
3 8 4 9
3 8 4 7
3 9 4 9
3 9 3 10
3 9 4 10
3 9 4 8
3 10 4 10
3 10 3 11
3 10 4 11
3 10 4 9
3 11 4 11
3 11 3 12
3 11 4 12
3 11 4 10
3 12 4 12
3 12 3 13
3 12 4 13
3 12 4 11
3 13 4 13
3 13 4 12
4 0 5 0
4 0 4 1
4 0 5 1
4 1 5 1
4 1 4 2
4 1 5 2
4 1 5 0
4 2 5 2
4 2 4 3
4 2 5 3
4 2 5 1
4 3 5 3
4 3 4 4
4 3 5 4
4 3 5 2
4 4 5 4
4 4 4 5
4 4 5 5
4 4 5 3
4 5 5 5
4 5 4 6
4 5 5 6
4 5 5 4
4 6 5 6
4 6 4 7
4 6 5 7
4 6 5 5
4 7 5 7
4 7 4 8
4 7 5 8
4 7 5 6
4 8 5 8
4 8 4 9
4 8 5 9
4 8 5 7
4 9 5 9
4 9 4 10
4 9 5 10
4 9 5 8
4 10 5 10
4 10 4 11
4 10 5 11
4 10 5 9
4 11 5 11
4 11 4 12
4 11 5 12
4 11 5 10
4 12 5 12
4 12 4 13
4 12 5 13
4 12 5 11
4 13 5 13
4 13 5 12
5 0 6 0
5 0 5 1
5 0 6 1
5 1 6 1
5 1 5 2
5 1 6 2
5 1 6 0
5 2 6 2
5 2 5 3
5 2 6 3
5 2 6 1
5 3 6 3
5 3 5 4
5 3 6 4
5 3 6 2
5 4 6 4
5 4 5 5
5 4 6 5
5 4 6 3
5 5 6 5
5 5 5 6
5 5 6 6
5 5 6 4
5 6 6 6
5 6 5 7
5 6 6 7
5 6 6 5
5 7 6 7
5 7 5 8
5 7 6 8
5 7 6 6
5 8 6 8
5 8 5 9
5 8 6 9
5 8 6 7
5 9 6 9
5 9 5 10
5 9 6 10
5 9 6 8
5 10 6 10
5 10 5 11
5 10 6 11
5 10 6 9
5 11 6 11
5 11 5 12
5 11 6 12
5 11 6 10
5 12 6 12
5 12 5 13
5 12 6 13
5 12 6 11
5 13 6 13
5 13 6 12
6 0 7 0
6 0 6 1
6 0 7 1
6 1 7 1
6 1 6 2
6 1 7 2
6 1 7 0
6 2 7 2
6 2 6 3
6 2 7 3
6 2 7 1
6 3 7 3
6 3 6 4
6 3 7 4
6 3 7 2
6 4 7 4
6 4 6 5
6 4 7 5
6 4 7 3
6 5 7 5
6 5 6 6
6 5 7 6
6 5 7 4
6 6 7 6
6 6 6 7
6 6 7 7
6 6 7 5
6 7 7 7
6 7 6 8
6 7 7 8
6 7 7 6
6 8 7 8
6 8 6 9
6 8 7 9
6 8 7 7
6 9 7 9
6 9 6 10
6 9 7 10
6 9 7 8
6 10 7 10
6 10 6 11
6 10 7 11
6 10 7 9
6 11 7 11
6 11 6 12
6 11 7 12
6 11 7 10
6 12 7 12
6 12 6 13
6 12 7 13
6 12 7 11
6 13 7 13
6 13 7 12
7 0 8 0
7 0 7 1
7 0 8 1
7 1 8 1
7 1 7 2
7 1 8 2
7 1 8 0
7 2 8 2
7 2 7 3
7 2 8 3
7 2 8 1
7 3 8 3
7 3 7 4
7 3 8 4
7 3 8 2
7 4 8 4
7 4 7 5
7 4 8 5
7 4 8 3
7 5 8 5
7 5 7 6
7 5 8 6
7 5 8 4
7 6 8 6
7 6 7 7
7 6 8 7
7 6 8 5
7 7 8 7
7 7 7 8
7 7 8 8
7 7 8 6
7 8 8 8
7 8 7 9
7 8 8 9
7 8 8 7
7 9 8 9
7 9 7 10
7 9 8 10
7 9 8 8
7 10 8 10
7 10 7 11
7 10 8 11
7 10 8 9
7 11 8 11
7 11 7 12
7 11 8 12
7 11 8 10
7 12 8 12
7 12 7 13
7 12 8 13
7 12 8 11
7 13 8 13
7 13 8 12
8 0 9 0
8 0 8 1
8 0 9 1
8 1 9 1
8 1 8 2
8 1 9 2
8 1 9 0
8 2 9 2
8 2 8 3
8 2 9 3
8 2 9 1
8 3 9 3
8 3 8 4
8 3 9 4
8 3 9 2
8 4 9 4
8 4 8 5
8 4 9 5
8 4 9 3
8 5 9 5
8 5 8 6
8 5 9 6
8 5 9 4
8 6 9 6
8 6 8 7
8 6 9 7
8 6 9 5
8 7 9 7
8 7 8 8
8 7 9 8
8 7 9 6
8 8 9 8
8 8 8 9
8 8 9 9
8 8 9 7
8 9 9 9
8 9 8 10
8 9 9 10
8 9 9 8
8 10 9 10
8 10 8 11
8 10 9 11
8 10 9 9
8 11 9 11
8 11 8 12
8 11 9 12
8 11 9 10
8 12 9 12
8 12 8 13
8 12 9 13
8 12 9 11
8 13 9 13
8 13 9 12
9 0 10 0
9 0 9 1
9 0 10 1
9 1 10 1
9 1 9 2
9 1 10 2
9 1 10 0
9 2 10 2
9 2 9 3
9 2 10 3
9 2 10 1
9 3 10 3
9 3 9 4
9 3 10 4
9 3 10 2
9 4 10 4
9 4 9 5
9 4 10 5
9 4 10 3
9 5 10 5
9 5 9 6
9 5 10 6
9 5 10 4
9 6 10 6
9 6 9 7
9 6 10 7
9 6 10 5
9 7 10 7
9 7 9 8
9 7 10 8
9 7 10 6
9 8 10 8
9 8 9 9
9 8 10 9
9 8 10 7
9 9 10 9
9 9 9 10
9 9 10 10
9 9 10 8
9 10 10 10
9 10 9 11
9 10 10 11
9 10 10 9
9 11 10 11
9 11 9 12
9 11 10 12
9 11 10 10
9 12 10 12
9 12 9 13
9 12 10 13
9 12 10 11
9 13 10 13
9 13 10 12
10 0 11 0
10 0 10 1
10 0 11 1
10 1 11 1
10 1 10 2
10 1 11 2
10 1 11 0
10 2 11 2
10 2 10 3
10 2 11 3
10 2 11 1
10 3 11 3
10 3 10 4
10 3 11 4
10 3 11 2
10 4 11 4
10 4 10 5
10 4 11 5
10 4 11 3
10 5 11 5
10 5 10 6
10 5 11 6
10 5 11 4
10 6 11 6
10 6 10 7
10 6 11 7
10 6 11 5
10 7 11 7
10 7 10 8
10 7 11 8
10 7 11 6
10 8 11 8
10 8 10 9
10 8 11 9
10 8 11 7
10 9 11 9
10 9 10 10
10 9 11 10
10 9 11 8
10 10 11 10
10 10 10 11
10 10 11 11
10 10 11 9
10 11 11 11
10 11 10 12
10 11 11 12
10 11 11 10
10 12 11 12
10 12 10 13
10 12 11 13
10 12 11 11
10 13 11 13
10 13 11 12
11 0 12 0
11 0 11 1
11 0 12 1
11 1 12 1
11 1 11 2
11 1 12 2
11 1 12 0
11 2 12 2
11 2 11 3
11 2 12 3
11 2 12 1
11 3 12 3
11 3 11 4
11 3 12 4
11 3 12 2
11 4 12 4
11 4 11 5
11 4 12 5
11 4 12 3
11 5 12 5
11 5 11 6
11 5 12 6
11 5 12 4
11 6 12 6
11 6 11 7
11 6 12 7
11 6 12 5
11 7 12 7
11 7 11 8
11 7 12 8
11 7 12 6
11 8 12 8
11 8 11 9
11 8 12 9
11 8 12 7
11 9 12 9
11 9 11 10
11 9 12 10
11 9 12 8
11 10 12 10
11 10 11 11
11 10 12 11
11 10 12 9
11 11 12 11
11 11 11 12
11 11 12 12
11 11 12 10
11 12 12 12
11 12 11 13
11 12 12 13
11 12 12 11
11 13 12 13
11 13 12 12
12 0 13 0
12 0 12 1
12 0 13 1
12 1 13 1
12 1 12 2
12 1 13 2
12 1 13 0
12 2 13 2
12 2 12 3
12 2 13 3
12 2 13 1
12 3 13 3
12 3 12 4
12 3 13 4
12 3 13 2
12 4 13 4
12 4 12 5
12 4 13 5
12 4 13 3
12 5 13 5
12 5 12 6
12 5 13 6
12 5 13 4
12 6 13 6
12 6 12 7
12 6 13 7
12 6 13 5
12 7 13 7
12 7 12 8
12 7 13 8
12 7 13 6
12 8 13 8
12 8 12 9
12 8 13 9
12 8 13 7
12 9 13 9
12 9 12 10
12 9 13 10
12 9 13 8
12 10 13 10
12 10 12 11
12 10 13 11
12 10 13 9
12 11 13 11
12 11 12 12
12 11 13 12
12 11 13 10
12 12 13 12
12 12 12 13
12 12 13 13
12 12 13 11
12 13 13 13
12 13 13 12
13 0 13 1
13 1 13 2
13 2 13 3
13 3 13 4
13 4 13 5
13 5 13 6
13 6 13 7
13 7 13 8
13 8 13 9
13 9 13 10
13 10 13 11
13 11 13 12
13 12 13 13
;
param Centralities :=
degree centrality: {(0, 0): 0.015384615384615385, (0, 1): 0.02564102564102564, (0, 2): 0.02564102564102564, (0, 3): 0.02564102564102564, (0, 4): 0.02564102564102564, (0, 5): 0.02564102564102564, (0, 6): 0.02564102564102564, (0, 7): 0.02564102564102564, (0, 8): 0.02564102564102564, (0, 9): 0.02564102564102564, (0, 10): 0.02564102564102564, (0, 11): 0.02564102564102564, (0, 12): 0.02564102564102564, (0, 13): 0.015384615384615385, (1, 0): 0.02564102564102564, (1, 1): 0.041025641025641026, (1, 2): 0.041025641025641026, (1, 3): 0.041025641025641026, (1, 4): 0.041025641025641026, (1, 5): 0.041025641025641026, (1, 6): 0.041025641025641026, (1, 7): 0.041025641025641026, (1, 8): 0.041025641025641026, (1, 9): 0.041025641025641026, (1, 10): 0.041025641025641026, (1, 11): 0.041025641025641026, (1, 12): 0.041025641025641026, (1, 13): 0.02564102564102564, (2, 0): 0.02564102564102564, (2, 1): 0.041025641025641026, (2, 2): 0.041025641025641026, (2, 3): 0.041025641025641026, (2, 4): 0.041025641025641026, (2, 5): 0.041025641025641026, (2, 6): 0.041025641025641026, (2, 7): 0.041025641025641026, (2, 8): 0.041025641025641026, (2, 9): 0.041025641025641026, (2, 10): 0.041025641025641026, (2, 11): 0.041025641025641026, (2, 12): 0.041025641025641026, (2, 13): 0.02564102564102564, (3, 0): 0.02564102564102564, (3, 1): 0.041025641025641026, (3, 2): 0.041025641025641026, (3, 3): 0.041025641025641026, (3, 4): 0.041025641025641026, (3, 5): 0.041025641025641026, (3, 6): 0.041025641025641026, (3, 7): 0.041025641025641026, (3, 8): 0.041025641025641026, (3, 9): 0.041025641025641026, (3, 10): 0.041025641025641026, (3, 11): 0.041025641025641026, (3, 12): 0.041025641025641026, (3, 13): 0.02564102564102564, (4, 0): 0.02564102564102564, (4, 1): 0.041025641025641026, (4, 2): 0.041025641025641026, (4, 3): 0.041025641025641026, (4, 4): 0.041025641025641026, (4, 5): 0.041025641025641026, (4, 6): 0.041025641025641026, (4, 7): 0.041025641025641026, (4, 8): 0.041025641025641026, (4, 9): 0.041025641025641026, (4, 10): 0.041025641025641026, (4, 11): 0.041025641025641026, (4, 12): 0.041025641025641026, (4, 13): 0.02564102564102564, (5, 0): 0.02564102564102564, (5, 1): 0.041025641025641026, (5, 2): 0.041025641025641026, (5, 3): 0.041025641025641026, (5, 4): 0.041025641025641026, (5, 5): 0.041025641025641026, (5, 6): 0.041025641025641026, (5, 7): 0.041025641025641026, (5, 8): 0.041025641025641026, (5, 9): 0.041025641025641026, (5, 10): 0.041025641025641026, (5, 11): 0.041025641025641026, (5, 12): 0.041025641025641026, (5, 13): 0.02564102564102564, (6, 0): 0.02564102564102564, (6, 1): 0.041025641025641026, (6, 2): 0.041025641025641026, (6, 3): 0.041025641025641026, (6, 4): 0.041025641025641026, (6, 5): 0.041025641025641026, (6, 6): 0.041025641025641026, (6, 7): 0.041025641025641026, (6, 8): 0.041025641025641026, (6, 9): 0.041025641025641026, (6, 10): 0.041025641025641026, (6, 11): 0.041025641025641026, (6, 12): 0.041025641025641026, (6, 13): 0.02564102564102564, (7, 0): 0.02564102564102564, (7, 1): 0.041025641025641026, (7, 2): 0.041025641025641026, (7, 3): 0.041025641025641026, (7, 4): 0.041025641025641026, (7, 5): 0.041025641025641026, (7, 6): 0.041025641025641026, (7, 7): 0.041025641025641026, (7, 8): 0.041025641025641026, (7, 9): 0.041025641025641026, (7, 10): 0.041025641025641026, (7, 11): 0.041025641025641026, (7, 12): 0.041025641025641026, (7, 13): 0.02564102564102564, (8, 0): 0.02564102564102564, (8, 1): 0.041025641025641026, (8, 2): 0.041025641025641026, (8, 3): 0.041025641025641026, (8, 4): 0.041025641025641026, (8, 5): 0.041025641025641026, (8, 6): 0.041025641025641026, (8, 7): 0.041025641025641026, (8, 8): 0.041025641025641026, (8, 9): 0.041025641025641026, (8, 10): 0.041025641025641026, (8, 11): 0.041025641025641026, (8, 12): 0.041025641025641026, (8, 13): 0.02564102564102564, (9, 0): 0.02564102564102564, (9, 1): 0.041025641025641026, (9, 2): 0.041025641025641026, (9, 3): 0.041025641025641026, (9, 4): 0.041025641025641026, (9, 5): 0.041025641025641026, (9, 6): 0.041025641025641026, (9, 7): 0.041025641025641026, (9, 8): 0.041025641025641026, (9, 9): 0.041025641025641026, (9, 10): 0.041025641025641026, (9, 11): 0.041025641025641026, (9, 12): 0.041025641025641026, (9, 13): 0.02564102564102564, (10, 0): 0.02564102564102564, (10, 1): 0.041025641025641026, (10, 2): 0.041025641025641026, (10, 3): 0.041025641025641026, (10, 4): 0.041025641025641026, (10, 5): 0.041025641025641026, (10, 6): 0.041025641025641026, (10, 7): 0.041025641025641026, (10, 8): 0.041025641025641026, (10, 9): 0.041025641025641026, (10, 10): 0.041025641025641026, (10, 11): 0.041025641025641026, (10, 12): 0.041025641025641026, (10, 13): 0.02564102564102564, (11, 0): 0.02564102564102564, (11, 1): 0.041025641025641026, (11, 2): 0.041025641025641026, (11, 3): 0.041025641025641026, (11, 4): 0.041025641025641026, (11, 5): 0.041025641025641026, (11, 6): 0.041025641025641026, (11, 7): 0.041025641025641026, (11, 8): 0.041025641025641026, (11, 9): 0.041025641025641026, (11, 10): 0.041025641025641026, (11, 11): 0.041025641025641026, (11, 12): 0.041025641025641026, (11, 13): 0.02564102564102564, (12, 0): 0.02564102564102564, (12, 1): 0.041025641025641026, (12, 2): 0.041025641025641026, (12, 3): 0.041025641025641026, (12, 4): 0.041025641025641026, (12, 5): 0.041025641025641026, (12, 6): 0.041025641025641026, (12, 7): 0.041025641025641026, (12, 8): 0.041025641025641026, (12, 9): 0.041025641025641026, (12, 10): 0.041025641025641026, (12, 11): 0.041025641025641026, (12, 12): 0.041025641025641026, (12, 13): 0.02564102564102564, (13, 0): 0.015384615384615385, (13, 1): 0.02564102564102564, (13, 2): 0.02564102564102564, (13, 3): 0.02564102564102564, (13, 4): 0.02564102564102564, (13, 5): 0.02564102564102564, (13, 6): 0.02564102564102564, (13, 7): 0.02564102564102564, (13, 8): 0.02564102564102564, (13, 9): 0.02564102564102564, (13, 10): 0.02564102564102564, (13, 11): 0.02564102564102564, (13, 12): 0.02564102564102564, (13, 13): 0.015384615384615385}
eigenvector centrality: {(0, 0): 0.0057663552503482264, (0, 1): 0.011280233163313343, (0, 2): 0.01630036655523909, (0, 3): 0.020607351507637678, (0, 4): 0.02401323637123245, (0, 5): 0.026369627577123914, (0, 6): 0.027573999465271476, (0, 7): 0.027573999465271476, (0, 8): 0.026369627577123907, (0, 9): 0.02401323637123245, (0, 10): 0.020607351507637674, (0, 11): 0.016300366555239094, (0, 12): 0.011280233163313344, (0, 13): 0.005766355250348227, (1, 0): 0.011280233163313343, (1, 1): 0.022066566261423105, (1, 2): 0.03188702870491161, (1, 3): 0.04031241916121486, (1, 4): 0.04697506371236849, (1, 5): 0.051584672567950456, (1, 6): 0.05394068344896998, (1, 7): 0.05394068344896998, (1, 8): 0.051584672567950456, (1, 9): 0.04697506371236849, (1, 10): 0.04031241916121487, (1, 11): 0.03188702870491162, (1, 12): 0.022066566261423108, (1, 13): 0.011280233163313346, (2, 0): 0.016300366555239094, (2, 1): 0.03188702870491162, (2, 2): 0.046077970971197375, (2, 3): 0.05825298108139761, (2, 4): 0.06788075622032662, (2, 5): 0.07454181658445405, (2, 6): 0.07794634204175138, (2, 7): 0.07794634204175138, (2, 8): 0.07454181658445404, (2, 9): 0.06788075622032662, (2, 10): 0.05825298108139763, (2, 11): 0.04607797097119738, (2, 12): 0.03188702870491162, (2, 13): 0.016300366555239098, (3, 0): 0.020607351507637678, (3, 1): 0.04031241916121486, (3, 2): 0.05825298108139763, (3, 3): 0.07364494862394953, (3, 4): 0.08581663481591656, (3, 5): 0.09423772227256937, (3, 6): 0.09854181277123841, (3, 7): 0.09854181277123841, (3, 8): 0.09423772227256938, (3, 9): 0.08581663481591656, (3, 10): 0.07364494862394955, (3, 11): 0.05825298108139763, (3, 12): 0.04031241916121487, (3, 13): 0.02060735150763768, (4, 0): 0.02401323637123245, (4, 1): 0.04697506371236848, (4, 2): 0.0678807562203266, (4, 3): 0.08581663481591656, (4, 4): 0.09999999930386846, (4, 5): 0.10981288396905589, (4, 6): 0.1148283340364461, (4, 7): 0.1148283340364461, (4, 8): 0.10981288396905589, (4, 9): 0.09999999930386845, (4, 10): 0.08581663481591657, (4, 11): 0.0678807562203266, (4, 12): 0.04697506371236848, (4, 13): 0.02401323637123245, (5, 0): 0.026369627577123914, (5, 1): 0.05158467256795046, (5, 2): 0.07454181658445404, (5, 3): 0.09423772227256937, (5, 4): 0.10981288396905588, (5, 5): 0.12058869569546929, (5, 6): 0.12609630609683864, (5, 7): 0.12609630609683867, (5, 8): 0.12058869569546929, (5, 9): 0.10981288396905589, (5, 10): 0.09423772227256937, (5, 11): 0.07454181658445404, (5, 12): 0.05158467256795046, (5, 13): 0.026369627577123907, (6, 0): 0.027573999465271476, (6, 1): 0.053940683448969975, (6, 2): 0.07794634204175138, (6, 3): 0.09854181277123841, (6, 4): 0.11482833403644613, (6, 5): 0.12609630609683864, (6, 6): 0.13185546389374397, (6, 7): 0.131855463893744, (6, 8): 0.12609630609683867, (6, 9): 0.1148283340364461, (6, 10): 0.09854181277123841, (6, 11): 0.07794634204175138, (6, 12): 0.053940683448969975, (6, 13): 0.027573999465271476, (7, 0): 0.027573999465271476, (7, 1): 0.05394068344896998, (7, 2): 0.07794634204175138, (7, 3): 0.09854181277123841, (7, 4): 0.11482833403644613, (7, 5): 0.12609630609683867, (7, 6): 0.131855463893744, (7, 7): 0.13185546389374397, (7, 8): 0.12609630609683864, (7, 9): 0.11482833403644613, (7, 10): 0.09854181277123841, (7, 11): 0.07794634204175138, (7, 12): 0.053940683448969975, (7, 13): 0.027573999465271476, (8, 0): 0.026369627577123914, (8, 1): 0.05158467256795045, (8, 2): 0.07454181658445404, (8, 3): 0.09423772227256938, (8, 4): 0.10981288396905589, (8, 5): 0.12058869569546929, (8, 6): 0.12609630609683864, (8, 7): 0.12609630609683864, (8, 8): 0.12058869569546926, (8, 9): 0.1098128839690559, (8, 10): 0.09423772227256938, (8, 11): 0.07454181658445404, (8, 12): 0.05158467256795045, (8, 13): 0.026369627577123914, (9, 0): 0.024013236371232455, (9, 1): 0.04697506371236848, (9, 2): 0.0678807562203266, (9, 3): 0.08581663481591655, (9, 4): 0.09999999930386845, (9, 5): 0.10981288396905588, (9, 6): 0.1148283340364461, (9, 7): 0.11482833403644613, (9, 8): 0.10981288396905589, (9, 9): 0.09999999930386845, (9, 10): 0.08581663481591656, (9, 11): 0.0678807562203266, (9, 12): 0.04697506371236848, (9, 13): 0.02401323637123245, (10, 0): 0.020607351507637674, (10, 1): 0.04031241916121486, (10, 2): 0.05825298108139761, (10, 3): 0.07364494862394952, (10, 4): 0.08581663481591655, (10, 5): 0.09423772227256937, (10, 6): 0.09854181277123843, (10, 7): 0.09854181277123841, (10, 8): 0.09423772227256938, (10, 9): 0.08581663481591657, (10, 10): 0.07364494862394953, (10, 11): 0.05825298108139763, (10, 12): 0.04031241916121487, (10, 13): 0.020607351507637674, (11, 0): 0.01630036655523909, (11, 1): 0.031887028704911606, (11, 2): 0.04607797097119737, (11, 3): 0.05825298108139763, (11, 4): 0.0678807562203266, (11, 5): 0.07454181658445404, (11, 6): 0.07794634204175137, (11, 7): 0.07794634204175138, (11, 8): 0.07454181658445404, (11, 9): 0.06788075622032662, (11, 10): 0.05825298108139763, (11, 11): 0.046077970971197375, (11, 12): 0.03188702870491162, (11, 13): 0.016300366555239094, (12, 0): 0.011280233163313341, (12, 1): 0.022066566261423105, (12, 2): 0.03188702870491161, (12, 3): 0.040312419161214856, (12, 4): 0.046975063712368474, (12, 5): 0.05158467256795045, (12, 6): 0.053940683448969975, (12, 7): 0.05394068344896998, (12, 8): 0.051584672567950456, (12, 9): 0.04697506371236848, (12, 10): 0.040312419161214856, (12, 11): 0.03188702870491162, (12, 12): 0.022066566261423105, (12, 13): 0.011280233163313343, (13, 0): 0.0057663552503482264, (13, 1): 0.011280233163313344, (13, 2): 0.016300366555239094, (13, 3): 0.020607351507637674, (13, 4): 0.02401323637123245, (13, 5): 0.026369627577123907, (13, 6): 0.027573999465271476, (13, 7): 0.027573999465271472, (13, 8): 0.02636962757712391, (13, 9): 0.024013236371232455, (13, 10): 0.02060735150763768, (13, 11): 0.016300366555239094, (13, 12): 0.011280233163313344, (13, 13): 0.0057663552503482264}
closeness centrality: {(0, 0): 0.11278195488721804, (0, 1): 0.11897498474679682, (0, 2): 0.12468030690537084, (0, 3): 0.12965425531914893, (0, 4): 0.13365318711446195, (0, 5): 0.1364590622813156, (0, 6): 0.1379066478076379, (0, 7): 0.1379066478076379, (0, 8): 0.1364590622813156, (0, 9): 0.13365318711446195, (0, 10): 0.12965425531914893, (0, 11): 0.12468030690537084, (0, 12): 0.11897498474679682, (0, 13): 0.11278195488721804, (1, 0): 0.11897498474679682, (1, 1): 0.12687052700065063, (1, 2): 0.13429752066115702, (1, 3): 0.14089595375722544, (1, 4): 0.14628657164291073, (1, 5): 0.15011547344110854, (1, 6): 0.15210608424336974, (1, 7): 0.15210608424336974, (1, 8): 0.15011547344110854, (1, 9): 0.14628657164291073, (1, 10): 0.14089595375722544, (1, 11): 0.13429752066115702, (1, 12): 0.12687052700065063, (1, 13): 0.11897498474679682, (2, 0): 0.12468030690537084, (2, 1): 0.13429752066115702, (2, 2): 0.14369933677229182, (2, 3): 0.1522248243559719, (2, 4): 0.15931372549019607, (2, 5): 0.16441821247892074, (2, 6): 0.16709511568123395, (2, 7): 0.16709511568123395, (2, 8): 0.16441821247892074, (2, 9): 0.15931372549019607, (2, 10): 0.1522248243559719, (2, 11): 0.14369933677229182, (2, 12): 0.13429752066115702, (2, 13): 0.12468030690537084, (3, 0): 0.12965425531914893, (3, 1): 0.14089595375722544, (3, 2): 0.1522248243559719, (3, 3): 0.16290726817042606, (3, 4): 0.17195767195767195, (3, 5): 0.17857142857142858, (3, 6): 0.18207282913165265, (3, 7): 0.18207282913165265, (3, 8): 0.17857142857142858, (3, 9): 0.17195767195767195, (3, 10): 0.16290726817042606, (3, 11): 0.1522248243559719, (3, 12): 0.14089595375722544, (3, 13): 0.12965425531914893, (4, 0): 0.13365318711446195, (4, 1): 0.14628657164291073, (4, 2): 0.15931372549019607, (4, 3): 0.17195767195767195, (4, 4): 0.18309859154929578, (4, 5): 0.19136408243375858, (4, 6): 0.19578313253012047, (4, 7): 0.19578313253012047, (4, 8): 0.19136408243375858, (4, 9): 0.18309859154929578, (4, 10): 0.17195767195767195, (4, 11): 0.15931372549019607, (4, 12): 0.14628657164291073, (4, 13): 0.13365318711446195, (5, 0): 0.1364590622813156, (5, 1): 0.15011547344110854, (5, 2): 0.16441821247892074, (5, 3): 0.17857142857142858, (5, 4): 0.19136408243375858, (5, 5): 0.20123839009287925, (5, 6): 0.2065677966101695, (5, 7): 0.2065677966101695, (5, 8): 0.20123839009287925, (5, 9): 0.19136408243375858, (5, 10): 0.17857142857142858, (5, 11): 0.16441821247892074, (5, 12): 0.15011547344110854, (5, 13): 0.1364590622813156, (6, 0): 0.1379066478076379, (6, 1): 0.15210608424336974, (6, 2): 0.16709511568123395, (6, 3): 0.18207282913165265, (6, 4): 0.19578313253012047, (6, 5): 0.2065677966101695, (6, 6): 0.21264994547437296, (6, 7): 0.21264994547437296, (6, 8): 0.2065677966101695, (6, 9): 0.19578313253012047, (6, 10): 0.18207282913165265, (6, 11): 0.16709511568123395, (6, 12): 0.15210608424336974, (6, 13): 0.1379066478076379, (7, 0): 0.1379066478076379, (7, 1): 0.15210608424336974, (7, 2): 0.16709511568123395, (7, 3): 0.18207282913165265, (7, 4): 0.19578313253012047, (7, 5): 0.2065677966101695, (7, 6): 0.21264994547437296, (7, 7): 0.21264994547437296, (7, 8): 0.2065677966101695, (7, 9): 0.19578313253012047, (7, 10): 0.18207282913165265, (7, 11): 0.16709511568123395, (7, 12): 0.15210608424336974, (7, 13): 0.1379066478076379, (8, 0): 0.1364590622813156, (8, 1): 0.15011547344110854, (8, 2): 0.16441821247892074, (8, 3): 0.17857142857142858, (8, 4): 0.19136408243375858, (8, 5): 0.20123839009287925, (8, 6): 0.2065677966101695, (8, 7): 0.2065677966101695, (8, 8): 0.20123839009287925, (8, 9): 0.19136408243375858, (8, 10): 0.17857142857142858, (8, 11): 0.16441821247892074, (8, 12): 0.15011547344110854, (8, 13): 0.1364590622813156, (9, 0): 0.13365318711446195, (9, 1): 0.14628657164291073, (9, 2): 0.15931372549019607, (9, 3): 0.17195767195767195, (9, 4): 0.18309859154929578, (9, 5): 0.19136408243375858, (9, 6): 0.19578313253012047, (9, 7): 0.19578313253012047, (9, 8): 0.19136408243375858, (9, 9): 0.18309859154929578, (9, 10): 0.17195767195767195, (9, 11): 0.15931372549019607, (9, 12): 0.14628657164291073, (9, 13): 0.13365318711446195, (10, 0): 0.12965425531914893, (10, 1): 0.14089595375722544, (10, 2): 0.1522248243559719, (10, 3): 0.16290726817042606, (10, 4): 0.17195767195767195, (10, 5): 0.17857142857142858, (10, 6): 0.18207282913165265, (10, 7): 0.18207282913165265, (10, 8): 0.17857142857142858, (10, 9): 0.17195767195767195, (10, 10): 0.16290726817042606, (10, 11): 0.1522248243559719, (10, 12): 0.14089595375722544, (10, 13): 0.12965425531914893, (11, 0): 0.12468030690537084, (11, 1): 0.13429752066115702, (11, 2): 0.14369933677229182, (11, 3): 0.1522248243559719, (11, 4): 0.15931372549019607, (11, 5): 0.16441821247892074, (11, 6): 0.16709511568123395, (11, 7): 0.16709511568123395, (11, 8): 0.16441821247892074, (11, 9): 0.15931372549019607, (11, 10): 0.1522248243559719, (11, 11): 0.14369933677229182, (11, 12): 0.13429752066115702, (11, 13): 0.12468030690537084, (12, 0): 0.11897498474679682, (12, 1): 0.12687052700065063, (12, 2): 0.13429752066115702, (12, 3): 0.14089595375722544, (12, 4): 0.14628657164291073, (12, 5): 0.15011547344110854, (12, 6): 0.15210608424336974, (12, 7): 0.15210608424336974, (12, 8): 0.15011547344110854, (12, 9): 0.14628657164291073, (12, 10): 0.14089595375722544, (12, 11): 0.13429752066115702, (12, 12): 0.12687052700065063, (12, 13): 0.11897498474679682, (13, 0): 0.11278195488721804, (13, 1): 0.11897498474679682, (13, 2): 0.12468030690537084, (13, 3): 0.12965425531914893, (13, 4): 0.13365318711446195, (13, 5): 0.1364590622813156, (13, 6): 0.1379066478076379, (13, 7): 0.1379066478076379, (13, 8): 0.1364590622813156, (13, 9): 0.13365318711446195, (13, 10): 0.12965425531914893, (13, 11): 0.12468030690537084, (13, 12): 0.11897498474679682, (13, 13): 0.11278195488721804}
betweenness centrality: {(0, 0): 0.0, (0, 1): 0.002184941455453476, (0, 2): 0.0034499364814564283, (0, 3): 0.004216383871556539, (0, 4): 0.004697122550504187, (0, 5): 0.004980407084799508, (0, 6): 0.005112515735229095, (0, 7): 0.005112515735229095, (0, 8): 0.004980407084799507, (0, 9): 0.004697122550504188, (0, 10): 0.00421638387155654, (0, 11): 0.0034499364814564283, (0, 12): 0.002184941455453476, (0, 13): 0.0, (1, 0): 0.0021849414554534763, (1, 1): 0.012851703001618276, (1, 2): 0.01668931921253886, (1, 3): 0.019419872873873333, (1, 4): 0.021226513463555877, (1, 5): 0.02233560855794637, (1, 6): 0.022863511872641965, (1, 7): 0.02286351187264196, (1, 8): 0.022335608557946363, (1, 9): 0.021226513463555877, (1, 10): 0.019419872873873333, (1, 11): 0.016689319212538863, (1, 12): 0.012851703001618277, (1, 13): 0.0021849414554534763, (2, 0): 0.0034499364814564283, (2, 1): 0.01668931921253885, (2, 2): 0.025588526895602672, (2, 3): 0.030311317792644368, (2, 4): 0.03366957512801965, (2, 5): 0.03577754199458495, (2, 6): 0.03679506024663587, (2, 7): 0.03679506024663587, (2, 8): 0.03577754199458496, (2, 9): 0.033669575128019644, (2, 10): 0.030311317792644368, (2, 11): 0.02558852689560267, (2, 12): 0.01668931921253884, (2, 13): 0.003449936481456429, (3, 0): 0.0042163838715565385, (3, 1): 0.019419872873873357, (3, 2): 0.03031131779264433, (3, 3): 0.03825112229642887, (3, 4): 0.043055126594599306, (3, 5): 0.04615963281258875, (3, 6): 0.04766795560780093, (3, 7): 0.047667955607800926, (3, 8): 0.04615963281258874, (3, 9): 0.043055126594599306, (3, 10): 0.03825112229642887, (3, 11): 0.030311317792644343, (3, 12): 0.019419872873873357, (3, 13): 0.004216383871556539, (4, 0): 0.004697122550504186, (4, 1): 0.021226513463555873, (4, 2): 0.03366957512801968, (4, 3): 0.04305512659459929, (4, 4): 0.050120675746338494, (4, 5): 0.05423675546357714, (4, 6): 0.05625958297282955, (4, 7): 0.05625958297282955, (4, 8): 0.05423675546357713, (4, 9): 0.050120675746338494, (4, 10): 0.043055126594599286, (4, 11): 0.03366957512801969, (4, 12): 0.021226513463555877, (4, 13): 0.004697122550504185, (5, 0): 0.0049804070847995095, (5, 1): 0.02233560855794636, (5, 2): 0.03577754199458494, (5, 3): 0.046159632812588725, (5, 4): 0.05423675546357715, (5, 5): 0.0599337616178834, (5, 6): 0.06250568362336284, (5, 7): 0.06250568362336284, (5, 8): 0.0599337616178834, (5, 9): 0.05423675546357715, (5, 10): 0.046159632812588725, (5, 11): 0.03577754199458494, (5, 12): 0.022335608557946352, (5, 13): 0.0049804070847995095, (6, 0): 0.005112515735229096, (6, 1): 0.022863511872641958, (6, 2): 0.03679506024663587, (6, 3): 0.04766795560780092, (6, 4): 0.05625958297282957, (6, 5): 0.06250568362336281, (6, 6): 0.06602547964973061, (6, 7): 0.06602547964973063, (6, 8): 0.06250568362336283, (6, 9): 0.05625958297282957, (6, 10): 0.04766795560780091, (6, 11): 0.036795060246635855, (6, 12): 0.022863511872641958, (6, 13): 0.005112515735229097, (7, 0): 0.005112515735229095, (7, 1): 0.022863511872641948, (7, 2): 0.03679506024663586, (7, 3): 0.04766795560780093, (7, 4): 0.0562595829728295, (7, 5): 0.06250568362336283, (7, 6): 0.06602547964973064, (7, 7): 0.06602547964973066, (7, 8): 0.06250568362336283, (7, 9): 0.056259582972829486, (7, 10): 0.047667955607800926, (7, 11): 0.036795060246635855, (7, 12): 0.022863511872641948, (7, 13): 0.005112515735229096, (8, 0): 0.004980407084799507, (8, 1): 0.02233560855794636, (8, 2): 0.03577754199458494, (8, 3): 0.04615963281258878, (8, 4): 0.05423675546357714, (8, 5): 0.05993376161788342, (8, 6): 0.06250568362336283, (8, 7): 0.06250568362336281, (8, 8): 0.05993376161788342, (8, 9): 0.05423675546357715, (8, 10): 0.04615963281258876, (8, 11): 0.03577754199458494, (8, 12): 0.022335608557946356, (8, 13): 0.004980407084799506, (9, 0): 0.004697122550504189, (9, 1): 0.02122651346355586, (9, 2): 0.03366957512801966, (9, 3): 0.043055126594599306, (9, 4): 0.050120675746338474, (9, 5): 0.05423675546357719, (9, 6): 0.05625958297282955, (9, 7): 0.05625958297282951, (9, 8): 0.05423675546357718, (9, 9): 0.05012067574633846, (9, 10): 0.043055126594599306, (9, 11): 0.03366957512801965, (9, 12): 0.02122651346355586, (9, 13): 0.004697122550504187, (10, 0): 0.00421638387155654, (10, 1): 0.019419872873873336, (10, 2): 0.030311317792644354, (10, 3): 0.038251122296428845, (10, 4): 0.043055126594599306, (10, 5): 0.046159632812588745, (10, 6): 0.047667955607800905, (10, 7): 0.04766795560780092, (10, 8): 0.046159632812588745, (10, 9): 0.04305512659459928, (10, 10): 0.03825112229642885, (10, 11): 0.030311317792644354, (10, 12): 0.01941987287387334, (10, 13): 0.00421638387155654, (11, 0): 0.0034499364814564283, (11, 1): 0.016689319212538866, (11, 2): 0.025588526895602696, (11, 3): 0.03031131779264435, (11, 4): 0.03366957512801966, (11, 5): 0.03577754199458494, (11, 6): 0.036795060246635855, (11, 7): 0.036795060246635855, (11, 8): 0.03577754199458493, (11, 9): 0.03366957512801965, (11, 10): 0.03031131779264435, (11, 11): 0.025588526895602693, (11, 12): 0.016689319212538866, (11, 13): 0.0034499364814564283, (12, 0): 0.0021849414554534763, (12, 1): 0.012851703001618283, (12, 2): 0.016689319212538863, (12, 3): 0.01941987287387334, (12, 4): 0.021226513463555863, (12, 5): 0.02233560855794635, (12, 6): 0.022863511872641948, (12, 7): 0.022863511872641944, (12, 8): 0.022335608557946352, (12, 9): 0.02122651346355586, (12, 10): 0.019419872873873333, (12, 11): 0.016689319212538866, (12, 12): 0.012851703001618281, (12, 13): 0.002184941455453476, (13, 0): 0.0, (13, 1): 0.002184941455453476, (13, 2): 0.0034499364814564283, (13, 3): 0.004216383871556539, (13, 4): 0.004697122550504186, (13, 5): 0.004980407084799506, (13, 6): 0.005112515735229097, (13, 7): 0.005112515735229098, (13, 8): 0.004980407084799507, (13, 9): 0.004697122550504186, (13, 10): 0.004216383871556539, (13, 11): 0.0034499364814564283, (13, 12): 0.0021849414554534763, (13, 13): 0.0}
katz centrality: {(0, 0): 0.03202455198314599, (0, 1): 0.042180833200875824, (0, 2): 0.04597233562817441, (0, 3): 0.04746019769949544, (0, 4): 0.04805990745066012, (0, 5): 0.04830089980516265, (0, 6): 0.04838635249292857, (0, 7): 0.048386352492928573, (0, 8): 0.04830089980516267, (0, 9): 0.04805990745066011, (0, 10): 0.04746019769949545, (0, 11): 0.0459723356281744, (0, 12): 0.04218083320087583, (0, 13): 0.032024551983145993, (1, 0): 0.042180833200875824, (1, 1): 0.05907553223300202, (1, 2): 0.06574675776685383, (1, 3): 0.06845171418481077, (1, 4): 0.06956294076774908, (1, 5): 0.07001500085267696, (1, 6): 0.07017647529090563, (1, 7): 0.07017647529090562, (1, 8): 0.07001500085267695, (1, 9): 0.06956294076774909, (1, 10): 0.0684517141848108, (1, 11): 0.06574675776685387, (1, 12): 0.05907553223300201, (1, 13): 0.04218083320087583, (2, 0): 0.04597233562817442, (2, 1): 0.06574675776685383, (2, 2): 0.07412259595835965, (2, 3): 0.07764928980026019, (2, 4): 0.07913479557984883, (2, 5): 0.07974928110786952, (2, 6): 0.07997103483493904, (2, 7): 0.07997103483493903, (2, 8): 0.07974928110786955, (2, 9): 0.07913479557984883, (2, 10): 0.0776492898002602, (2, 11): 0.07412259595835967, (2, 12): 0.06574675776685386, (2, 13): 0.04597233562817441, (3, 0): 0.04746019769949544, (3, 1): 0.06845171418481076, (3, 2): 0.0776492898002602, (3, 3): 0.08164658265003871, (3, 4): 0.08336990009797475, (3, 5): 0.08409492514040205, (3, 6): 0.08435941731749272, (3, 7): 0.0843594173174927, (3, 8): 0.08409492514040207, (3, 9): 0.08336990009797475, (3, 10): 0.0816465826500387, (3, 11): 0.07764928980026023, (3, 12): 0.06845171418481079, (3, 13): 0.04746019769949545, (4, 0): 0.04805990745066012, (4, 1): 0.06956294076774908, (4, 2): 0.0791347955798488, (4, 3): 0.08336990009797475, (4, 4): 0.08522693838915354, (4, 5): 0.08601896701749367, (4, 6): 0.0863105958625423, (4, 7): 0.0863105958625423, (4, 8): 0.08601896701749367, (4, 9): 0.08522693838915356, (4, 10): 0.08336990009797476, (4, 11): 0.07913479557984884, (4, 12): 0.06956294076774906, (4, 13): 0.048059907450660105, (5, 0): 0.04830089980516265, (5, 1): 0.07001500085267698, (5, 2): 0.07974928110786951, (5, 3): 0.08409492514040207, (5, 4): 0.08601896701749369, (5, 5): 0.08684689553304958, (5, 6): 0.08715370962012185, (5, 7): 0.08715370962012188, (5, 8): 0.08684689553304961, (5, 9): 0.08601896701749367, (5, 10): 0.08409492514040205, (5, 11): 0.07974928110786952, (5, 12): 0.07001500085267695, (5, 13): 0.04830089980516263, (6, 0): 0.04838635249292857, (6, 1): 0.07017647529090562, (6, 2): 0.07997103483493904, (6, 3): 0.0843594173174927, (6, 4): 0.08631059586254232, (6, 5): 0.0871537096201219, (6, 6): 0.08746715074432047, (6, 7): 0.08746715074432047, (6, 8): 0.08715370962012185, (6, 9): 0.08631059586254228, (6, 10): 0.08435941731749266, (6, 11): 0.07997103483493904, (6, 12): 0.07017647529090563, (6, 13): 0.04838635249292856, (7, 0): 0.04838635249292855, (7, 1): 0.07017647529090562, (7, 2): 0.07997103483493904, (7, 3): 0.0843594173174927, (7, 4): 0.08631059586254232, (7, 5): 0.08715370962012191, (7, 6): 0.08746715074432045, (7, 7): 0.08746715074432049, (7, 8): 0.08715370962012191, (7, 9): 0.08631059586254229, (7, 10): 0.08435941731749266, (7, 11): 0.07997103483493902, (7, 12): 0.07017647529090562, (7, 13): 0.04838635249292856, (8, 0): 0.04830089980516265, (8, 1): 0.07001500085267698, (8, 2): 0.07974928110786954, (8, 3): 0.08409492514040207, (8, 4): 0.0860189670174937, (8, 5): 0.0868468955330496, (8, 6): 0.08715370962012188, (8, 7): 0.08715370962012185, (8, 8): 0.0868468955330496, (8, 9): 0.08601896701749369, (8, 10): 0.08409492514040204, (8, 11): 0.07974928110786952, (8, 12): 0.07001500085267695, (8, 13): 0.048300899805162646, (9, 0): 0.048059907450660105, (9, 1): 0.06956294076774908, (9, 2): 0.07913479557984884, (9, 3): 0.08336990009797476, (9, 4): 0.08522693838915356, (9, 5): 0.08601896701749369, (9, 6): 0.08631059586254229, (9, 7): 0.0863105958625423, (9, 8): 0.08601896701749367, (9, 9): 0.08522693838915357, (9, 10): 0.08336990009797475, (9, 11): 0.07913479557984884, (9, 12): 0.06956294076774905, (9, 13): 0.04805990745066012, (10, 0): 0.04746019769949544, (10, 1): 0.06845171418481079, (10, 2): 0.07764928980026023, (10, 3): 0.0816465826500387, (10, 4): 0.08336990009797476, (10, 5): 0.08409492514040205, (10, 6): 0.0843594173174927, (10, 7): 0.0843594173174927, (10, 8): 0.08409492514040204, (10, 9): 0.08336990009797475, (10, 10): 0.08164658265003871, (10, 11): 0.0776492898002602, (10, 12): 0.06845171418481077, (10, 13): 0.04746019769949544, (11, 0): 0.04597233562817441, (11, 1): 0.06574675776685383, (11, 2): 0.07412259595835968, (11, 3): 0.07764928980026019, (11, 4): 0.0791347955798488, (11, 5): 0.07974928110786952, (11, 6): 0.07997103483493904, (11, 7): 0.07997103483493906, (11, 8): 0.07974928110786954, (11, 9): 0.0791347955798488, (11, 10): 0.07764928980026019, (11, 11): 0.07412259595835965, (11, 12): 0.06574675776685386, (11, 13): 0.04597233562817442, (12, 0): 0.04218083320087583, (12, 1): 0.059075532233002014, (12, 2): 0.06574675776685386, (12, 3): 0.06845171418481082, (12, 4): 0.06956294076774906, (12, 5): 0.07001500085267695, (12, 6): 0.07017647529090563, (12, 7): 0.07017647529090561, (12, 8): 0.07001500085267698, (12, 9): 0.06956294076774908, (12, 10): 0.06845171418481077, (12, 11): 0.06574675776685383, (12, 12): 0.05907553223300199, (12, 13): 0.042180833200875824, (13, 0): 0.03202455198314599, (13, 1): 0.04218083320087582, (13, 2): 0.04597233562817442, (13, 3): 0.04746019769949544, (13, 4): 0.048059907450660105, (13, 5): 0.048300899805162646, (13, 6): 0.04838635249292857, (13, 7): 0.04838635249292857, (13, 8): 0.04830089980516267, (13, 9): 0.04805990745066013, (13, 10): 0.04746019769949544, (13, 11): 0.04597233562817441, (13, 12): 0.04218083320087583, (13, 13): 0.03202455198314599}
;
