121 420 3
4 2 1
0 2 1
11
param Vertices :=
1 0.0
2 0.1
3 0.2
4 0.3
5 0.4
6 0.5
7 0.6
8 0.7
9 0.8
10 0.9
11 0.10
12 1.0
13 1.1
14 1.2
15 1.3
16 1.4
17 1.5
18 1.6
19 1.7
20 1.8
21 1.9
22 1.10
23 2.0
24 2.1
25 2.2
26 2.3
27 2.4
28 2.5
29 2.6
30 2.7
31 2.8
32 2.9
33 2.10
34 3.0
35 3.1
36 3.2
37 3.3
38 3.4
39 3.5
40 3.6
41 3.7
42 3.8
43 3.9
44 3.10
45 4.0
46 4.1
47 4.2
48 4.3
49 4.4
50 4.5
51 4.6
52 4.7
53 4.8
54 4.9
55 4.10
56 5.0
57 5.1
58 5.2
59 5.3
60 5.4
61 5.5
62 5.6
63 5.7
64 5.8
65 5.9
66 5.10
67 6.0
68 6.1
69 6.2
70 6.3
71 6.4
72 6.5
73 6.6
74 6.7
75 6.8
76 6.9
77 6.10
78 7.0
79 7.1
80 7.2
81 7.3
82 7.4
83 7.5
84 7.6
85 7.7
86 7.8
87 7.9
88 7.10
89 8.0
90 8.1
91 8.2
92 8.3
93 8.4
94 8.5
95 8.6
96 8.7
97 8.8
98 8.9
99 8.10
100 9.0
101 9.1
102 9.2
103 9.3
104 9.4
105 9.5
106 9.6
107 9.7
108 9.8
109 9.9
110 9.10
111 10.0
112 10.1
113 10.2
114 10.3
115 10.4
116 10.5
117 10.6
118 10.7
119 10.8
120 10.9
121 10.10
;
param Edges :=
1 12
1 2
1 13
2 13
2 3
2 14
2 12
3 14
3 4
3 15
3 13
4 15
4 5
4 16
4 14
5 16
5 6
5 17
5 15
6 17
6 7
6 18
6 16
7 18
7 8
7 19
7 17
8 19
8 9
8 20
8 18
9 20
9 10
9 21
9 19
10 21
10 11
10 22
10 20
11 22
11 21
12 23
12 13
12 24
13 24
13 14
13 25
13 23
14 25
14 15
14 26
14 24
15 26
15 16
15 27
15 25
16 27
16 17
16 28
16 26
17 28
17 18
17 29
17 27
18 29
18 19
18 30
18 28
19 30
19 20
19 31
19 29
20 31
20 21
20 32
20 30
21 32
21 22
21 33
21 31
22 33
22 32
23 34
23 24
23 35
24 35
24 25
24 36
24 34
25 36
25 26
25 37
25 35
26 37
26 27
26 38
26 36
27 38
27 28
27 39
27 37
28 39
28 29
28 40
28 38
29 40
29 30
29 41
29 39
30 41
30 31
30 42
30 40
31 42
31 32
31 43
31 41
32 43
32 33
32 44
32 42
33 44
33 43
34 45
34 35
34 46
35 46
35 36
35 47
35 45
36 47
36 37
36 48
36 46
37 48
37 38
37 49
37 47
38 49
38 39
38 50
38 48
39 50
39 40
39 51
39 49
40 51
40 41
40 52
40 50
41 52
41 42
41 53
41 51
42 53
42 43
42 54
42 52
43 54
43 44
43 55
43 53
44 55
44 54
45 56
45 46
45 57
46 57
46 47
46 58
46 56
47 58
47 48
47 59
47 57
48 59
48 49
48 60
48 58
49 60
49 50
49 61
49 59
50 61
50 51
50 62
50 60
51 62
51 52
51 63
51 61
52 63
52 53
52 64
52 62
53 64
53 54
53 65
53 63
54 65
54 55
54 66
54 64
55 66
55 65
56 67
56 57
56 68
57 68
57 58
57 69
57 67
58 69
58 59
58 70
58 68
59 70
59 60
59 71
59 69
60 71
60 61
60 72
60 70
61 72
61 62
61 73
61 71
62 73
62 63
62 74
62 72
63 74
63 64
63 75
63 73
64 75
64 65
64 76
64 74
65 76
65 66
65 77
65 75
66 77
66 76
67 78
67 68
67 79
68 79
68 69
68 80
68 78
69 80
69 70
69 81
69 79
70 81
70 71
70 82
70 80
71 82
71 72
71 83
71 81
72 83
72 73
72 84
72 82
73 84
73 74
73 85
73 83
74 85
74 75
74 86
74 84
75 86
75 76
75 87
75 85
76 87
76 77
76 88
76 86
77 88
77 87
78 89
78 79
78 90
79 90
79 80
79 91
79 89
80 91
80 81
80 92
80 90
81 92
81 82
81 93
81 91
82 93
82 83
82 94
82 92
83 94
83 84
83 95
83 93
84 95
84 85
84 96
84 94
85 96
85 86
85 97
85 95
86 97
86 87
86 98
86 96
87 98
87 88
87 99
87 97
88 99
88 98
89 100
89 90
89 101
90 101
90 91
90 102
90 100
91 102
91 92
91 103
91 101
92 103
92 93
92 104
92 102
93 104
93 94
93 105
93 103
94 105
94 95
94 106
94 104
95 106
95 96
95 107
95 105
96 107
96 97
96 108
96 106
97 108
97 98
97 109
97 107
98 109
98 99
98 110
98 108
99 110
99 109
100 111
100 101
100 112
101 112
101 102
101 113
101 111
102 113
102 103
102 114
102 112
103 114
103 104
103 115
103 113
104 115
104 105
104 116
104 114
105 116
105 106
105 117
105 115
106 117
106 107
106 118
106 116
107 118
107 108
107 119
107 117
108 119
108 109
108 120
108 118
109 120
109 110
109 121
109 119
110 121
110 120
111 112
112 113
113 114
114 115
115 116
116 117
117 118
118 119
119 120
120 121
;
param Grid_Label_Edges :=
0 0 1 0
0 0 0 1
0 0 1 1
0 1 1 1
0 1 0 2
0 1 1 2
0 1 1 0
0 2 1 2
0 2 0 3
0 2 1 3
0 2 1 1
0 3 1 3
0 3 0 4
0 3 1 4
0 3 1 2
0 4 1 4
0 4 0 5
0 4 1 5
0 4 1 3
0 5 1 5
0 5 0 6
0 5 1 6
0 5 1 4
0 6 1 6
0 6 0 7
0 6 1 7
0 6 1 5
0 7 1 7
0 7 0 8
0 7 1 8
0 7 1 6
0 8 1 8
0 8 0 9
0 8 1 9
0 8 1 7
0 9 1 9
0 9 0 10
0 9 1 10
0 9 1 8
0 10 1 10
0 10 1 9
1 0 2 0
1 0 1 1
1 0 2 1
1 1 2 1
1 1 1 2
1 1 2 2
1 1 2 0
1 2 2 2
1 2 1 3
1 2 2 3
1 2 2 1
1 3 2 3
1 3 1 4
1 3 2 4
1 3 2 2
1 4 2 4
1 4 1 5
1 4 2 5
1 4 2 3
1 5 2 5
1 5 1 6
1 5 2 6
1 5 2 4
1 6 2 6
1 6 1 7
1 6 2 7
1 6 2 5
1 7 2 7
1 7 1 8
1 7 2 8
1 7 2 6
1 8 2 8
1 8 1 9
1 8 2 9
1 8 2 7
1 9 2 9
1 9 1 10
1 9 2 10
1 9 2 8
1 10 2 10
1 10 2 9
2 0 3 0
2 0 2 1
2 0 3 1
2 1 3 1
2 1 2 2
2 1 3 2
2 1 3 0
2 2 3 2
2 2 2 3
2 2 3 3
2 2 3 1
2 3 3 3
2 3 2 4
2 3 3 4
2 3 3 2
2 4 3 4
2 4 2 5
2 4 3 5
2 4 3 3
2 5 3 5
2 5 2 6
2 5 3 6
2 5 3 4
2 6 3 6
2 6 2 7
2 6 3 7
2 6 3 5
2 7 3 7
2 7 2 8
2 7 3 8
2 7 3 6
2 8 3 8
2 8 2 9
2 8 3 9
2 8 3 7
2 9 3 9
2 9 2 10
2 9 3 10
2 9 3 8
2 10 3 10
2 10 3 9
3 0 4 0
3 0 3 1
3 0 4 1
3 1 4 1
3 1 3 2
3 1 4 2
3 1 4 0
3 2 4 2
3 2 3 3
3 2 4 3
3 2 4 1
3 3 4 3
3 3 3 4
3 3 4 4
3 3 4 2
3 4 4 4
3 4 3 5
3 4 4 5
3 4 4 3
3 5 4 5
3 5 3 6
3 5 4 6
3 5 4 4
3 6 4 6
3 6 3 7
3 6 4 7
3 6 4 5
3 7 4 7
3 7 3 8
3 7 4 8
3 7 4 6
3 8 4 8
3 8 3 9
3 8 4 9
3 8 4 7
3 9 4 9
3 9 3 10
3 9 4 10
3 9 4 8
3 10 4 10
3 10 4 9
4 0 5 0
4 0 4 1
4 0 5 1
4 1 5 1
4 1 4 2
4 1 5 2
4 1 5 0
4 2 5 2
4 2 4 3
4 2 5 3
4 2 5 1
4 3 5 3
4 3 4 4
4 3 5 4
4 3 5 2
4 4 5 4
4 4 4 5
4 4 5 5
4 4 5 3
4 5 5 5
4 5 4 6
4 5 5 6
4 5 5 4
4 6 5 6
4 6 4 7
4 6 5 7
4 6 5 5
4 7 5 7
4 7 4 8
4 7 5 8
4 7 5 6
4 8 5 8
4 8 4 9
4 8 5 9
4 8 5 7
4 9 5 9
4 9 4 10
4 9 5 10
4 9 5 8
4 10 5 10
4 10 5 9
5 0 6 0
5 0 5 1
5 0 6 1
5 1 6 1
5 1 5 2
5 1 6 2
5 1 6 0
5 2 6 2
5 2 5 3
5 2 6 3
5 2 6 1
5 3 6 3
5 3 5 4
5 3 6 4
5 3 6 2
5 4 6 4
5 4 5 5
5 4 6 5
5 4 6 3
5 5 6 5
5 5 5 6
5 5 6 6
5 5 6 4
5 6 6 6
5 6 5 7
5 6 6 7
5 6 6 5
5 7 6 7
5 7 5 8
5 7 6 8
5 7 6 6
5 8 6 8
5 8 5 9
5 8 6 9
5 8 6 7
5 9 6 9
5 9 5 10
5 9 6 10
5 9 6 8
5 10 6 10
5 10 6 9
6 0 7 0
6 0 6 1
6 0 7 1
6 1 7 1
6 1 6 2
6 1 7 2
6 1 7 0
6 2 7 2
6 2 6 3
6 2 7 3
6 2 7 1
6 3 7 3
6 3 6 4
6 3 7 4
6 3 7 2
6 4 7 4
6 4 6 5
6 4 7 5
6 4 7 3
6 5 7 5
6 5 6 6
6 5 7 6
6 5 7 4
6 6 7 6
6 6 6 7
6 6 7 7
6 6 7 5
6 7 7 7
6 7 6 8
6 7 7 8
6 7 7 6
6 8 7 8
6 8 6 9
6 8 7 9
6 8 7 7
6 9 7 9
6 9 6 10
6 9 7 10
6 9 7 8
6 10 7 10
6 10 7 9
7 0 8 0
7 0 7 1
7 0 8 1
7 1 8 1
7 1 7 2
7 1 8 2
7 1 8 0
7 2 8 2
7 2 7 3
7 2 8 3
7 2 8 1
7 3 8 3
7 3 7 4
7 3 8 4
7 3 8 2
7 4 8 4
7 4 7 5
7 4 8 5
7 4 8 3
7 5 8 5
7 5 7 6
7 5 8 6
7 5 8 4
7 6 8 6
7 6 7 7
7 6 8 7
7 6 8 5
7 7 8 7
7 7 7 8
7 7 8 8
7 7 8 6
7 8 8 8
7 8 7 9
7 8 8 9
7 8 8 7
7 9 8 9
7 9 7 10
7 9 8 10
7 9 8 8
7 10 8 10
7 10 8 9
8 0 9 0
8 0 8 1
8 0 9 1
8 1 9 1
8 1 8 2
8 1 9 2
8 1 9 0
8 2 9 2
8 2 8 3
8 2 9 3
8 2 9 1
8 3 9 3
8 3 8 4
8 3 9 4
8 3 9 2
8 4 9 4
8 4 8 5
8 4 9 5
8 4 9 3
8 5 9 5
8 5 8 6
8 5 9 6
8 5 9 4
8 6 9 6
8 6 8 7
8 6 9 7
8 6 9 5
8 7 9 7
8 7 8 8
8 7 9 8
8 7 9 6
8 8 9 8
8 8 8 9
8 8 9 9
8 8 9 7
8 9 9 9
8 9 8 10
8 9 9 10
8 9 9 8
8 10 9 10
8 10 9 9
9 0 10 0
9 0 9 1
9 0 10 1
9 1 10 1
9 1 9 2
9 1 10 2
9 1 10 0
9 2 10 2
9 2 9 3
9 2 10 3
9 2 10 1
9 3 10 3
9 3 9 4
9 3 10 4
9 3 10 2
9 4 10 4
9 4 9 5
9 4 10 5
9 4 10 3
9 5 10 5
9 5 9 6
9 5 10 6
9 5 10 4
9 6 10 6
9 6 9 7
9 6 10 7
9 6 10 5
9 7 10 7
9 7 9 8
9 7 10 8
9 7 10 6
9 8 10 8
9 8 9 9
9 8 10 9
9 8 10 7
9 9 10 9
9 9 9 10
9 9 10 10
9 9 10 8
9 10 10 10
9 10 10 9
10 0 10 1
10 1 10 2
10 2 10 3
10 3 10 4
10 4 10 5
10 5 10 6
10 6 10 7
10 7 10 8
10 8 10 9
10 9 10 10
;
param Centralities :=
degree centrality: {(0, 0): 0.025, (0, 1): 0.041666666666666664, (0, 2): 0.041666666666666664, (0, 3): 0.041666666666666664, (0, 4): 0.041666666666666664, (0, 5): 0.041666666666666664, (0, 6): 0.041666666666666664, (0, 7): 0.041666666666666664, (0, 8): 0.041666666666666664, (0, 9): 0.041666666666666664, (0, 10): 0.025, (1, 0): 0.041666666666666664, (1, 1): 0.06666666666666667, (1, 2): 0.06666666666666667, (1, 3): 0.06666666666666667, (1, 4): 0.06666666666666667, (1, 5): 0.06666666666666667, (1, 6): 0.06666666666666667, (1, 7): 0.06666666666666667, (1, 8): 0.06666666666666667, (1, 9): 0.06666666666666667, (1, 10): 0.041666666666666664, (2, 0): 0.041666666666666664, (2, 1): 0.06666666666666667, (2, 2): 0.06666666666666667, (2, 3): 0.06666666666666667, (2, 4): 0.06666666666666667, (2, 5): 0.06666666666666667, (2, 6): 0.06666666666666667, (2, 7): 0.06666666666666667, (2, 8): 0.06666666666666667, (2, 9): 0.06666666666666667, (2, 10): 0.041666666666666664, (3, 0): 0.041666666666666664, (3, 1): 0.06666666666666667, (3, 2): 0.06666666666666667, (3, 3): 0.06666666666666667, (3, 4): 0.06666666666666667, (3, 5): 0.06666666666666667, (3, 6): 0.06666666666666667, (3, 7): 0.06666666666666667, (3, 8): 0.06666666666666667, (3, 9): 0.06666666666666667, (3, 10): 0.041666666666666664, (4, 0): 0.041666666666666664, (4, 1): 0.06666666666666667, (4, 2): 0.06666666666666667, (4, 3): 0.06666666666666667, (4, 4): 0.06666666666666667, (4, 5): 0.06666666666666667, (4, 6): 0.06666666666666667, (4, 7): 0.06666666666666667, (4, 8): 0.06666666666666667, (4, 9): 0.06666666666666667, (4, 10): 0.041666666666666664, (5, 0): 0.041666666666666664, (5, 1): 0.06666666666666667, (5, 2): 0.06666666666666667, (5, 3): 0.06666666666666667, (5, 4): 0.06666666666666667, (5, 5): 0.06666666666666667, (5, 6): 0.06666666666666667, (5, 7): 0.06666666666666667, (5, 8): 0.06666666666666667, (5, 9): 0.06666666666666667, (5, 10): 0.041666666666666664, (6, 0): 0.041666666666666664, (6, 1): 0.06666666666666667, (6, 2): 0.06666666666666667, (6, 3): 0.06666666666666667, (6, 4): 0.06666666666666667, (6, 5): 0.06666666666666667, (6, 6): 0.06666666666666667, (6, 7): 0.06666666666666667, (6, 8): 0.06666666666666667, (6, 9): 0.06666666666666667, (6, 10): 0.041666666666666664, (7, 0): 0.041666666666666664, (7, 1): 0.06666666666666667, (7, 2): 0.06666666666666667, (7, 3): 0.06666666666666667, (7, 4): 0.06666666666666667, (7, 5): 0.06666666666666667, (7, 6): 0.06666666666666667, (7, 7): 0.06666666666666667, (7, 8): 0.06666666666666667, (7, 9): 0.06666666666666667, (7, 10): 0.041666666666666664, (8, 0): 0.041666666666666664, (8, 1): 0.06666666666666667, (8, 2): 0.06666666666666667, (8, 3): 0.06666666666666667, (8, 4): 0.06666666666666667, (8, 5): 0.06666666666666667, (8, 6): 0.06666666666666667, (8, 7): 0.06666666666666667, (8, 8): 0.06666666666666667, (8, 9): 0.06666666666666667, (8, 10): 0.041666666666666664, (9, 0): 0.041666666666666664, (9, 1): 0.06666666666666667, (9, 2): 0.06666666666666667, (9, 3): 0.06666666666666667, (9, 4): 0.06666666666666667, (9, 5): 0.06666666666666667, (9, 6): 0.06666666666666667, (9, 7): 0.06666666666666667, (9, 8): 0.06666666666666667, (9, 9): 0.06666666666666667, (9, 10): 0.041666666666666664, (10, 0): 0.025, (10, 1): 0.041666666666666664, (10, 2): 0.041666666666666664, (10, 3): 0.041666666666666664, (10, 4): 0.041666666666666664, (10, 5): 0.041666666666666664, (10, 6): 0.041666666666666664, (10, 7): 0.041666666666666664, (10, 8): 0.041666666666666664, (10, 9): 0.041666666666666664, (10, 10): 0.025}
eigenvector centrality: {(0, 0): 0.011166650394375276, (0, 1): 0.021571768285445863, (0, 2): 0.030506036862751326, (0, 3): 0.03736082570878015, (0, 4): 0.04166953602443968, (0, 5): 0.04313908005488768, (0, 6): 0.04166953602443968, (0, 7): 0.03736082570878015, (0, 8): 0.030506036862751326, (0, 9): 0.021571768285445866, (0, 10): 0.011166650394375281, (1, 0): 0.02157176828544586, (1, 1): 0.041672405826850605, (1, 2): 0.05893165231016953, (1, 3): 0.07217375369329118, (1, 4): 0.08049733303498305, (1, 5): 0.08333620254289317, (1, 6): 0.08049733303498306, (1, 7): 0.0721737536932912, (1, 8): 0.058931652310169544, (1, 9): 0.04167240582685062, (1, 10): 0.021571768285445866, (2, 0): 0.030506036862751326, (2, 1): 0.058931652310169544, (2, 2): 0.08333907234530256, (2, 3): 0.10206558690768767, (2, 4): 0.11383650039367217, (2, 5): 0.11785112991828453, (2, 6): 0.11383650039367219, (2, 7): 0.10206558690768767, (2, 8): 0.08333907234530258, (2, 9): 0.058931652310169544, (2, 10): 0.030506036862751332, (3, 0): 0.037360825708780146, (3, 1): 0.07217375369329118, (3, 2): 0.10206558690768767, (3, 3): 0.1249999998517853, (3, 4): 0.13941586937825168, (3, 5): 0.14433259699610576, (3, 6): 0.13941586937825168, (3, 7): 0.1249999998517853, (3, 8): 0.10206558690768767, (3, 9): 0.07217375369329118, (3, 10): 0.03736082570878016, (4, 0): 0.041669536024439666, (4, 1): 0.08049733303498305, (4, 2): 0.11383650039367214, (4, 3): 0.13941586937825165, (4, 4): 0.15549427726032217, (4, 5): 0.16097803610953784, (4, 6): 0.15549427726032217, (4, 7): 0.13941586937825168, (4, 8): 0.11383650039367216, (4, 9): 0.08049733303498305, (4, 10): 0.04166953602443968, (5, 0): 0.043139080054887674, (5, 1): 0.08333620254289317, (5, 2): 0.1178511299182845, (5, 3): 0.14433259699610573, (5, 4): 0.16097803610953787, (5, 5): 0.1666551886427282, (5, 6): 0.1609780361095379, (5, 7): 0.14433259699610573, (5, 8): 0.1178511299182845, (5, 9): 0.08333620254289319, (5, 10): 0.043139080054887674, (6, 0): 0.04166953602443968, (6, 1): 0.08049733303498305, (6, 2): 0.11383650039367217, (6, 3): 0.13941586937825168, (6, 4): 0.15549427726032217, (6, 5): 0.16097803610953787, (6, 6): 0.15549427726032217, (6, 7): 0.13941586937825165, (6, 8): 0.11383650039367217, (6, 9): 0.08049733303498305, (6, 10): 0.04166953602443968, (7, 0): 0.03736082570878015, (7, 1): 0.07217375369329118, (7, 2): 0.10206558690768767, (7, 3): 0.1249999998517853, (7, 4): 0.13941586937825168, (7, 5): 0.14433259699610576, (7, 6): 0.13941586937825165, (7, 7): 0.1249999998517853, (7, 8): 0.10206558690768767, (7, 9): 0.0721737536932912, (7, 10): 0.03736082570878015, (8, 0): 0.030506036862751326, (8, 1): 0.058931652310169544, (8, 2): 0.08333907234530255, (8, 3): 0.10206558690768766, (8, 4): 0.11383650039367216, (8, 5): 0.1178511299182845, (8, 6): 0.11383650039367217, (8, 7): 0.10206558690768767, (8, 8): 0.08333907234530255, (8, 9): 0.058931652310169544, (8, 10): 0.030506036862751332, (9, 0): 0.02157176828544586, (9, 1): 0.04167240582685061, (9, 2): 0.058931652310169544, (9, 3): 0.07217375369329118, (9, 4): 0.08049733303498303, (9, 5): 0.08333620254289316, (9, 6): 0.08049733303498303, (9, 7): 0.07217375369329118, (9, 8): 0.058931652310169544, (9, 9): 0.04167240582685062, (9, 10): 0.021571768285445866, (10, 0): 0.01116665039437528, (10, 1): 0.021571768285445863, (10, 2): 0.030506036862751326, (10, 3): 0.03736082570878014, (10, 4): 0.04166953602443967, (10, 5): 0.04313908005488766, (10, 6): 0.04166953602443967, (10, 7): 0.037360825708780146, (10, 8): 0.030506036862751326, (10, 9): 0.021571768285445866, (10, 10): 0.01116665039437528}
closeness centrality: {(0, 0): 0.14545454545454545, (0, 1): 0.1556420233463035, (0, 2): 0.1646090534979424, (0, 3): 0.17167381974248927, (0, 4): 0.1762114537444934, (0, 5): 0.17777777777777778, (0, 6): 0.1762114537444934, (0, 7): 0.17167381974248927, (0, 8): 0.1646090534979424, (0, 9): 0.1556420233463035, (0, 10): 0.14545454545454545, (1, 0): 0.1556420233463035, (1, 1): 0.1694915254237288, (1, 2): 0.18209408194233687, (1, 3): 0.19230769230769232, (1, 4): 0.19900497512437812, (1, 5): 0.20134228187919462, (1, 6): 0.19900497512437812, (1, 7): 0.19230769230769232, (1, 8): 0.18209408194233687, (1, 9): 0.1694915254237288, (1, 10): 0.1556420233463035, (2, 0): 0.1646090534979424, (2, 1): 0.18209408194233687, (2, 2): 0.19900497512437812, (2, 3): 0.21314387211367672, (2, 4): 0.22263450834879406, (2, 5): 0.22598870056497175, (2, 6): 0.22263450834879406, (2, 7): 0.21314387211367672, (2, 8): 0.19900497512437812, (2, 9): 0.18209408194233687, (2, 10): 0.1646090534979424, (3, 0): 0.17167381974248927, (3, 1): 0.19230769230769232, (3, 2): 0.21314387211367672, (3, 3): 0.23166023166023167, (3, 4): 0.24439918533604887, (3, 5): 0.24896265560165975, (3, 6): 0.24439918533604887, (3, 7): 0.23166023166023167, (3, 8): 0.21314387211367672, (3, 9): 0.19230769230769232, (3, 10): 0.17167381974248927, (4, 0): 0.1762114537444934, (4, 1): 0.19900497512437812, (4, 2): 0.22263450834879406, (4, 3): 0.24439918533604887, (4, 4): 0.2603036876355748, (4, 5): 0.2660753880266075, (4, 6): 0.2603036876355748, (4, 7): 0.24439918533604887, (4, 8): 0.22263450834879406, (4, 9): 0.19900497512437812, (4, 10): 0.1762114537444934, (5, 0): 0.17777777777777778, (5, 1): 0.20134228187919462, (5, 2): 0.22598870056497175, (5, 3): 0.24896265560165975, (5, 4): 0.2660753880266075, (5, 5): 0.2727272727272727, (5, 6): 0.2660753880266075, (5, 7): 0.24896265560165975, (5, 8): 0.22598870056497175, (5, 9): 0.20134228187919462, (5, 10): 0.17777777777777778, (6, 0): 0.1762114537444934, (6, 1): 0.19900497512437812, (6, 2): 0.22263450834879406, (6, 3): 0.24439918533604887, (6, 4): 0.2603036876355748, (6, 5): 0.2660753880266075, (6, 6): 0.2603036876355748, (6, 7): 0.24439918533604887, (6, 8): 0.22263450834879406, (6, 9): 0.19900497512437812, (6, 10): 0.1762114537444934, (7, 0): 0.17167381974248927, (7, 1): 0.19230769230769232, (7, 2): 0.21314387211367672, (7, 3): 0.23166023166023167, (7, 4): 0.24439918533604887, (7, 5): 0.24896265560165975, (7, 6): 0.24439918533604887, (7, 7): 0.23166023166023167, (7, 8): 0.21314387211367672, (7, 9): 0.19230769230769232, (7, 10): 0.17167381974248927, (8, 0): 0.1646090534979424, (8, 1): 0.18209408194233687, (8, 2): 0.19900497512437812, (8, 3): 0.21314387211367672, (8, 4): 0.22263450834879406, (8, 5): 0.22598870056497175, (8, 6): 0.22263450834879406, (8, 7): 0.21314387211367672, (8, 8): 0.19900497512437812, (8, 9): 0.18209408194233687, (8, 10): 0.1646090534979424, (9, 0): 0.1556420233463035, (9, 1): 0.1694915254237288, (9, 2): 0.18209408194233687, (9, 3): 0.19230769230769232, (9, 4): 0.19900497512437812, (9, 5): 0.20134228187919462, (9, 6): 0.19900497512437812, (9, 7): 0.19230769230769232, (9, 8): 0.18209408194233687, (9, 9): 0.1694915254237288, (9, 10): 0.1556420233463035, (10, 0): 0.14545454545454545, (10, 1): 0.1556420233463035, (10, 2): 0.1646090534979424, (10, 3): 0.17167381974248927, (10, 4): 0.1762114537444934, (10, 5): 0.17777777777777778, (10, 6): 0.1762114537444934, (10, 7): 0.17167381974248927, (10, 8): 0.1646090534979424, (10, 9): 0.1556420233463035, (10, 10): 0.14545454545454545}
betweenness centrality: {(0, 0): 0.0, (0, 1): 0.0037490220780884375, (0, 2): 0.005852990538678987, (0, 3): 0.0070385756053915165, (0, 4): 0.0076632920015975905, (0, 5): 0.007858072188132583, (0, 6): 0.0076632920015975905, (0, 7): 0.007038575605391518, (0, 8): 0.005852990538678987, (0, 9): 0.0037490220780884375, (0, 10): 0.0, (1, 0): 0.003749022078088437, (1, 1): 0.021429720518191933, (1, 2): 0.027871868742836547, (1, 3): 0.03208980070844838, (1, 4): 0.03440302927172582, (1, 5): 0.035143796353529495, (1, 6): 0.03440302927172582, (1, 7): 0.03208980070844838, (1, 8): 0.027871868742836543, (1, 9): 0.02142972051819194, (1, 10): 0.003749022078088437, (2, 0): 0.0058529905386789875, (2, 1): 0.02787186874283655, (2, 2): 0.04240150139725166, (2, 3): 0.04973422068541501, (2, 4): 0.05401295063049658, (2, 5): 0.05539669543730182, (2, 6): 0.05401295063049658, (2, 7): 0.04973422068541501, (2, 8): 0.04240150139725166, (2, 9): 0.02787186874283656, (2, 10): 0.005852990538678988, (3, 0): 0.0070385756053915165, (3, 1): 0.03208980070844837, (3, 2): 0.04973422068541503, (3, 3): 0.06195050309336942, (3, 4): 0.06811927388270052, (3, 5): 0.07016404419487078, (3, 6): 0.06811927388270053, (3, 7): 0.06195050309336942, (3, 8): 0.04973422068541505, (3, 9): 0.03208980070844837, (3, 10): 0.007038575605391517, (4, 0): 0.007663292001597589, (4, 1): 0.03440302927172583, (4, 2): 0.05401295063049657, (4, 3): 0.06811927388270055, (4, 4): 0.07730230236185186, (4, 5): 0.08002203691542904, (4, 6): 0.07730230236185187, (4, 7): 0.06811927388270055, (4, 8): 0.05401295063049658, (4, 9): 0.034403029271725824, (4, 10): 0.00766329200159759, (5, 0): 0.007858072188132585, (5, 1): 0.035143796353529495, (5, 2): 0.055396695437301836, (5, 3): 0.07016404419487077, (5, 4): 0.08002203691542904, (5, 5): 0.08417116741741774, (5, 6): 0.08002203691542904, (5, 7): 0.07016404419487077, (5, 8): 0.05539669543730183, (5, 9): 0.035143796353529495, (5, 10): 0.007858072188132585, (6, 0): 0.007663292001597591, (6, 1): 0.03440302927172584, (6, 2): 0.05401295063049657, (6, 3): 0.06811927388270053, (6, 4): 0.07730230236185186, (6, 5): 0.0800220369154291, (6, 6): 0.07730230236185183, (6, 7): 0.06811927388270053, (6, 8): 0.05401295063049657, (6, 9): 0.03440302927172583, (6, 10): 0.0076632920015975905, (7, 0): 0.007038575605391518, (7, 1): 0.032089800708448385, (7, 2): 0.049734220685415026, (7, 3): 0.06195050309336944, (7, 4): 0.06811927388270056, (7, 5): 0.07016404419487077, (7, 6): 0.06811927388270056, (7, 7): 0.06195050309336944, (7, 8): 0.04973422068541502, (7, 9): 0.03208980070844838, (7, 10): 0.007038575605391518, (8, 0): 0.005852990538678987, (8, 1): 0.027871868742836568, (8, 2): 0.042401501397251656, (8, 3): 0.049734220685415005, (8, 4): 0.05401295063049658, (8, 5): 0.05539669543730186, (8, 6): 0.05401295063049659, (8, 7): 0.04973422068541501, (8, 8): 0.04240150139725166, (8, 9): 0.027871868742836557, (8, 10): 0.0058529905386789875, (9, 0): 0.0037490220780884375, (9, 1): 0.02142972051819194, (9, 2): 0.02787186874283656, (9, 3): 0.032089800708448385, (9, 4): 0.034403029271725845, (9, 5): 0.035143796353529495, (9, 6): 0.03440302927172584, (9, 7): 0.03208980070844838, (9, 8): 0.027871868742836557, (9, 9): 0.02142972051819195, (9, 10): 0.003749022078088437, (10, 0): 0.0, (10, 1): 0.0037490220780884375, (10, 2): 0.005852990538678989, (10, 3): 0.007038575605391518, (10, 4): 0.0076632920015975905, (10, 5): 0.007858072188132585, (10, 6): 0.0076632920015975905, (10, 7): 0.007038575605391518, (10, 8): 0.005852990538678989, (10, 9): 0.0037490220780884375, (10, 10): 0.0}
katz centrality: {(0, 0): 0.043401188379689204, (0, 1): 0.05716009726811982, (0, 2): 0.062286976491051395, (0, 3): 0.06427867590543455, (0, 4): 0.06503556767034394, (0, 5): 0.06523153689123085, (0, 6): 0.06503556767034394, (0, 7): 0.06427867590543454, (0, 8): 0.0622869764910514, (0, 9): 0.057160097268119804, (0, 10): 0.0434011883796892, (1, 0): 0.057160097268119804, (1, 1): 0.0800438277034781, (1, 2): 0.0890610212816853, (1, 3): 0.09267828119462193, (1, 4): 0.09407705085946858, (1, 5): 0.09444227029550915, (1, 6): 0.09407705085946856, (1, 7): 0.09267828119462193, (1, 8): 0.08906102128168528, (1, 9): 0.08004382770347805, (1, 10): 0.057160097268119804, (2, 0): 0.062286976491051395, (2, 1): 0.0890610212816853, (2, 2): 0.10037303701620416, (2, 3): 0.1050804343990833, (2, 4): 0.10694218676577373, (2, 5): 0.10743369391551394, (2, 6): 0.10694218676577376, (2, 7): 0.10508043439908328, (2, 8): 0.10037303701620415, (2, 9): 0.08906102128168529, (2, 10): 0.06228697649105138, (3, 0): 0.06427867590543455, (3, 1): 0.09267828119462193, (3, 2): 0.10508043439908328, (3, 3): 0.11039920715060816, (3, 4): 0.11254526376621335, (3, 5): 0.11311780451954472, (3, 6): 0.11254526376621335, (3, 7): 0.11039920715060815, (3, 8): 0.10508043439908328, (3, 9): 0.09267828119462192, (3, 10): 0.06427867590543454, (4, 0): 0.06503556767034395, (4, 1): 0.09407705085946858, (4, 2): 0.10694218676577377, (4, 3): 0.11254526376621335, (4, 4): 0.11483540307056238, (4, 5): 0.1154507825176596, (4, 6): 0.1148354030705624, (4, 7): 0.11254526376621336, (4, 8): 0.10694218676577376, (4, 9): 0.09407705085946862, (4, 10): 0.06503556767034395, (5, 0): 0.06523153689123086, (5, 1): 0.09444227029550917, (5, 2): 0.10743369391551395, (5, 3): 0.11311780451954469, (5, 4): 0.11545078251765958, (5, 5): 0.1160792603910062, (5, 6): 0.1154507825176596, (5, 7): 0.11311780451954472, (5, 8): 0.10743369391551395, (5, 9): 0.09444227029550917, (5, 10): 0.06523153689123085, (6, 0): 0.06503556767034395, (6, 1): 0.09407705085946858, (6, 2): 0.10694218676577373, (6, 3): 0.11254526376621335, (6, 4): 0.11483540307056238, (6, 5): 0.1154507825176596, (6, 6): 0.11483540307056242, (6, 7): 0.11254526376621336, (6, 8): 0.10694218676577377, (6, 9): 0.09407705085946858, (6, 10): 0.06503556767034394, (7, 0): 0.06427867590543454, (7, 1): 0.09267828119462189, (7, 2): 0.10508043439908332, (7, 3): 0.11039920715060816, (7, 4): 0.11254526376621335, (7, 5): 0.11311780451954469, (7, 6): 0.11254526376621335, (7, 7): 0.11039920715060819, (7, 8): 0.10508043439908332, (7, 9): 0.09267828119462193, (7, 10): 0.06427867590543457, (8, 0): 0.062286976491051395, (8, 1): 0.08906102128168528, (8, 2): 0.10037303701620415, (8, 3): 0.1050804343990833, (8, 4): 0.10694218676577376, (8, 5): 0.10743369391551398, (8, 6): 0.10694218676577377, (8, 7): 0.1050804343990833, (8, 8): 0.10037303701620416, (8, 9): 0.08906102128168533, (8, 10): 0.06228697649105142, (9, 0): 0.057160097268119825, (9, 1): 0.08004382770347804, (9, 2): 0.08906102128168528, (9, 3): 0.09267828119462193, (9, 4): 0.09407705085946856, (9, 5): 0.09444227029550915, (9, 6): 0.09407705085946859, (9, 7): 0.09267828119462193, (9, 8): 0.08906102128168529, (9, 9): 0.0800438277034781, (9, 10): 0.05716009726811979, (10, 0): 0.043401188379689176, (10, 1): 0.05716009726811979, (10, 2): 0.062286976491051395, (10, 3): 0.06427867590543453, (10, 4): 0.06503556767034394, (10, 5): 0.06523153689123085, (10, 6): 0.06503556767034392, (10, 7): 0.06427867590543454, (10, 8): 0.062286976491051395, (10, 9): 0.05716009726811979, (10, 10): 0.04340118837968919}
;
