400 1482 3
4 2 1
0 2 1
20
param Vertices :=
1 0.0
2 0.1
3 0.2
4 0.3
5 0.4
6 0.5
7 0.6
8 0.7
9 0.8
10 0.9
11 0.10
12 0.11
13 0.12
14 0.13
15 0.14
16 0.15
17 0.16
18 0.17
19 0.18
20 0.19
21 1.0
22 1.1
23 1.2
24 1.3
25 1.4
26 1.5
27 1.6
28 1.7
29 1.8
30 1.9
31 1.10
32 1.11
33 1.12
34 1.13
35 1.14
36 1.15
37 1.16
38 1.17
39 1.18
40 1.19
41 2.0
42 2.1
43 2.2
44 2.3
45 2.4
46 2.5
47 2.6
48 2.7
49 2.8
50 2.9
51 2.10
52 2.11
53 2.12
54 2.13
55 2.14
56 2.15
57 2.16
58 2.17
59 2.18
60 2.19
61 3.0
62 3.1
63 3.2
64 3.3
65 3.4
66 3.5
67 3.6
68 3.7
69 3.8
70 3.9
71 3.10
72 3.11
73 3.12
74 3.13
75 3.14
76 3.15
77 3.16
78 3.17
79 3.18
80 3.19
81 4.0
82 4.1
83 4.2
84 4.3
85 4.4
86 4.5
87 4.6
88 4.7
89 4.8
90 4.9
91 4.10
92 4.11
93 4.12
94 4.13
95 4.14
96 4.15
97 4.16
98 4.17
99 4.18
100 4.19
101 5.0
102 5.1
103 5.2
104 5.3
105 5.4
106 5.5
107 5.6
108 5.7
109 5.8
110 5.9
111 5.10
112 5.11
113 5.12
114 5.13
115 5.14
116 5.15
117 5.16
118 5.17
119 5.18
120 5.19
121 6.0
122 6.1
123 6.2
124 6.3
125 6.4
126 6.5
127 6.6
128 6.7
129 6.8
130 6.9
131 6.10
132 6.11
133 6.12
134 6.13
135 6.14
136 6.15
137 6.16
138 6.17
139 6.18
140 6.19
141 7.0
142 7.1
143 7.2
144 7.3
145 7.4
146 7.5
147 7.6
148 7.7
149 7.8
150 7.9
151 7.10
152 7.11
153 7.12
154 7.13
155 7.14
156 7.15
157 7.16
158 7.17
159 7.18
160 7.19
161 8.0
162 8.1
163 8.2
164 8.3
165 8.4
166 8.5
167 8.6
168 8.7
169 8.8
170 8.9
171 8.10
172 8.11
173 8.12
174 8.13
175 8.14
176 8.15
177 8.16
178 8.17
179 8.18
180 8.19
181 9.0
182 9.1
183 9.2
184 9.3
185 9.4
186 9.5
187 9.6
188 9.7
189 9.8
190 9.9
191 9.10
192 9.11
193 9.12
194 9.13
195 9.14
196 9.15
197 9.16
198 9.17
199 9.18
200 9.19
201 10.0
202 10.1
203 10.2
204 10.3
205 10.4
206 10.5
207 10.6
208 10.7
209 10.8
210 10.9
211 10.10
212 10.11
213 10.12
214 10.13
215 10.14
216 10.15
217 10.16
218 10.17
219 10.18
220 10.19
221 11.0
222 11.1
223 11.2
224 11.3
225 11.4
226 11.5
227 11.6
228 11.7
229 11.8
230 11.9
231 11.10
232 11.11
233 11.12
234 11.13
235 11.14
236 11.15
237 11.16
238 11.17
239 11.18
240 11.19
241 12.0
242 12.1
243 12.2
244 12.3
245 12.4
246 12.5
247 12.6
248 12.7
249 12.8
250 12.9
251 12.10
252 12.11
253 12.12
254 12.13
255 12.14
256 12.15
257 12.16
258 12.17
259 12.18
260 12.19
261 13.0
262 13.1
263 13.2
264 13.3
265 13.4
266 13.5
267 13.6
268 13.7
269 13.8
270 13.9
271 13.10
272 13.11
273 13.12
274 13.13
275 13.14
276 13.15
277 13.16
278 13.17
279 13.18
280 13.19
281 14.0
282 14.1
283 14.2
284 14.3
285 14.4
286 14.5
287 14.6
288 14.7
289 14.8
290 14.9
291 14.10
292 14.11
293 14.12
294 14.13
295 14.14
296 14.15
297 14.16
298 14.17
299 14.18
300 14.19
301 15.0
302 15.1
303 15.2
304 15.3
305 15.4
306 15.5
307 15.6
308 15.7
309 15.8
310 15.9
311 15.10
312 15.11
313 15.12
314 15.13
315 15.14
316 15.15
317 15.16
318 15.17
319 15.18
320 15.19
321 16.0
322 16.1
323 16.2
324 16.3
325 16.4
326 16.5
327 16.6
328 16.7
329 16.8
330 16.9
331 16.10
332 16.11
333 16.12
334 16.13
335 16.14
336 16.15
337 16.16
338 16.17
339 16.18
340 16.19
341 17.0
342 17.1
343 17.2
344 17.3
345 17.4
346 17.5
347 17.6
348 17.7
349 17.8
350 17.9
351 17.10
352 17.11
353 17.12
354 17.13
355 17.14
356 17.15
357 17.16
358 17.17
359 17.18
360 17.19
361 18.0
362 18.1
363 18.2
364 18.3
365 18.4
366 18.5
367 18.6
368 18.7
369 18.8
370 18.9
371 18.10
372 18.11
373 18.12
374 18.13
375 18.14
376 18.15
377 18.16
378 18.17
379 18.18
380 18.19
381 19.0
382 19.1
383 19.2
384 19.3
385 19.4
386 19.5
387 19.6
388 19.7
389 19.8
390 19.9
391 19.10
392 19.11
393 19.12
394 19.13
395 19.14
396 19.15
397 19.16
398 19.17
399 19.18
400 19.19
;
param Edges :=
1 21
1 2
1 22
2 22
2 3
2 23
2 21
3 23
3 4
3 24
3 22
4 24
4 5
4 25
4 23
5 25
5 6
5 26
5 24
6 26
6 7
6 27
6 25
7 27
7 8
7 28
7 26
8 28
8 9
8 29
8 27
9 29
9 10
9 30
9 28
10 30
10 11
10 31
10 29
11 31
11 12
11 32
11 30
12 32
12 13
12 33
12 31
13 33
13 14
13 34
13 32
14 34
14 15
14 35
14 33
15 35
15 16
15 36
15 34
16 36
16 17
16 37
16 35
17 37
17 18
17 38
17 36
18 38
18 19
18 39
18 37
19 39
19 20
19 40
19 38
20 40
20 39
21 41
21 22
21 42
22 42
22 23
22 43
22 41
23 43
23 24
23 44
23 42
24 44
24 25
24 45
24 43
25 45
25 26
25 46
25 44
26 46
26 27
26 47
26 45
27 47
27 28
27 48
27 46
28 48
28 29
28 49
28 47
29 49
29 30
29 50
29 48
30 50
30 31
30 51
30 49
31 51
31 32
31 52
31 50
32 52
32 33
32 53
32 51
33 53
33 34
33 54
33 52
34 54
34 35
34 55
34 53
35 55
35 36
35 56
35 54
36 56
36 37
36 57
36 55
37 57
37 38
37 58
37 56
38 58
38 39
38 59
38 57
39 59
39 40
39 60
39 58
40 60
40 59
41 61
41 42
41 62
42 62
42 43
42 63
42 61
43 63
43 44
43 64
43 62
44 64
44 45
44 65
44 63
45 65
45 46
45 66
45 64
46 66
46 47
46 67
46 65
47 67
47 48
47 68
47 66
48 68
48 49
48 69
48 67
49 69
49 50
49 70
49 68
50 70
50 51
50 71
50 69
51 71
51 52
51 72
51 70
52 72
52 53
52 73
52 71
53 73
53 54
53 74
53 72
54 74
54 55
54 75
54 73
55 75
55 56
55 76
55 74
56 76
56 57
56 77
56 75
57 77
57 58
57 78
57 76
58 78
58 59
58 79
58 77
59 79
59 60
59 80
59 78
60 80
60 79
61 81
61 62
61 82
62 82
62 63
62 83
62 81
63 83
63 64
63 84
63 82
64 84
64 65
64 85
64 83
65 85
65 66
65 86
65 84
66 86
66 67
66 87
66 85
67 87
67 68
67 88
67 86
68 88
68 69
68 89
68 87
69 89
69 70
69 90
69 88
70 90
70 71
70 91
70 89
71 91
71 72
71 92
71 90
72 92
72 73
72 93
72 91
73 93
73 74
73 94
73 92
74 94
74 75
74 95
74 93
75 95
75 76
75 96
75 94
76 96
76 77
76 97
76 95
77 97
77 78
77 98
77 96
78 98
78 79
78 99
78 97
79 99
79 80
79 100
79 98
80 100
80 99
81 101
81 82
81 102
82 102
82 83
82 103
82 101
83 103
83 84
83 104
83 102
84 104
84 85
84 105
84 103
85 105
85 86
85 106
85 104
86 106
86 87
86 107
86 105
87 107
87 88
87 108
87 106
88 108
88 89
88 109
88 107
89 109
89 90
89 110
89 108
90 110
90 91
90 111
90 109
91 111
91 92
91 112
91 110
92 112
92 93
92 113
92 111
93 113
93 94
93 114
93 112
94 114
94 95
94 115
94 113
95 115
95 96
95 116
95 114
96 116
96 97
96 117
96 115
97 117
97 98
97 118
97 116
98 118
98 99
98 119
98 117
99 119
99 100
99 120
99 118
100 120
100 119
101 121
101 102
101 122
102 122
102 103
102 123
102 121
103 123
103 104
103 124
103 122
104 124
104 105
104 125
104 123
105 125
105 106
105 126
105 124
106 126
106 107
106 127
106 125
107 127
107 108
107 128
107 126
108 128
108 109
108 129
108 127
109 129
109 110
109 130
109 128
110 130
110 111
110 131
110 129
111 131
111 112
111 132
111 130
112 132
112 113
112 133
112 131
113 133
113 114
113 134
113 132
114 134
114 115
114 135
114 133
115 135
115 116
115 136
115 134
116 136
116 117
116 137
116 135
117 137
117 118
117 138
117 136
118 138
118 119
118 139
118 137
119 139
119 120
119 140
119 138
120 140
120 139
121 141
121 122
121 142
122 142
122 123
122 143
122 141
123 143
123 124
123 144
123 142
124 144
124 125
124 145
124 143
125 145
125 126
125 146
125 144
126 146
126 127
126 147
126 145
127 147
127 128
127 148
127 146
128 148
128 129
128 149
128 147
129 149
129 130
129 150
129 148
130 150
130 131
130 151
130 149
131 151
131 132
131 152
131 150
132 152
132 133
132 153
132 151
133 153
133 134
133 154
133 152
134 154
134 135
134 155
134 153
135 155
135 136
135 156
135 154
136 156
136 137
136 157
136 155
137 157
137 138
137 158
137 156
138 158
138 139
138 159
138 157
139 159
139 140
139 160
139 158
140 160
140 159
141 161
141 142
141 162
142 162
142 143
142 163
142 161
143 163
143 144
143 164
143 162
144 164
144 145
144 165
144 163
145 165
145 146
145 166
145 164
146 166
146 147
146 167
146 165
147 167
147 148
147 168
147 166
148 168
148 149
148 169
148 167
149 169
149 150
149 170
149 168
150 170
150 151
150 171
150 169
151 171
151 152
151 172
151 170
152 172
152 153
152 173
152 171
153 173
153 154
153 174
153 172
154 174
154 155
154 175
154 173
155 175
155 156
155 176
155 174
156 176
156 157
156 177
156 175
157 177
157 158
157 178
157 176
158 178
158 159
158 179
158 177
159 179
159 160
159 180
159 178
160 180
160 179
161 181
161 162
161 182
162 182
162 163
162 183
162 181
163 183
163 164
163 184
163 182
164 184
164 165
164 185
164 183
165 185
165 166
165 186
165 184
166 186
166 167
166 187
166 185
167 187
167 168
167 188
167 186
168 188
168 169
168 189
168 187
169 189
169 170
169 190
169 188
170 190
170 171
170 191
170 189
171 191
171 172
171 192
171 190
172 192
172 173
172 193
172 191
173 193
173 174
173 194
173 192
174 194
174 175
174 195
174 193
175 195
175 176
175 196
175 194
176 196
176 177
176 197
176 195
177 197
177 178
177 198
177 196
178 198
178 179
178 199
178 197
179 199
179 180
179 200
179 198
180 200
180 199
181 201
181 182
181 202
182 202
182 183
182 203
182 201
183 203
183 184
183 204
183 202
184 204
184 185
184 205
184 203
185 205
185 186
185 206
185 204
186 206
186 187
186 207
186 205
187 207
187 188
187 208
187 206
188 208
188 189
188 209
188 207
189 209
189 190
189 210
189 208
190 210
190 191
190 211
190 209
191 211
191 192
191 212
191 210
192 212
192 193
192 213
192 211
193 213
193 194
193 214
193 212
194 214
194 195
194 215
194 213
195 215
195 196
195 216
195 214
196 216
196 197
196 217
196 215
197 217
197 198
197 218
197 216
198 218
198 199
198 219
198 217
199 219
199 200
199 220
199 218
200 220
200 219
201 221
201 202
201 222
202 222
202 203
202 223
202 221
203 223
203 204
203 224
203 222
204 224
204 205
204 225
204 223
205 225
205 206
205 226
205 224
206 226
206 207
206 227
206 225
207 227
207 208
207 228
207 226
208 228
208 209
208 229
208 227
209 229
209 210
209 230
209 228
210 230
210 211
210 231
210 229
211 231
211 212
211 232
211 230
212 232
212 213
212 233
212 231
213 233
213 214
213 234
213 232
214 234
214 215
214 235
214 233
215 235
215 216
215 236
215 234
216 236
216 217
216 237
216 235
217 237
217 218
217 238
217 236
218 238
218 219
218 239
218 237
219 239
219 220
219 240
219 238
220 240
220 239
221 241
221 222
221 242
222 242
222 223
222 243
222 241
223 243
223 224
223 244
223 242
224 244
224 225
224 245
224 243
225 245
225 226
225 246
225 244
226 246
226 227
226 247
226 245
227 247
227 228
227 248
227 246
228 248
228 229
228 249
228 247
229 249
229 230
229 250
229 248
230 250
230 231
230 251
230 249
231 251
231 232
231 252
231 250
232 252
232 233
232 253
232 251
233 253
233 234
233 254
233 252
234 254
234 235
234 255
234 253
235 255
235 236
235 256
235 254
236 256
236 237
236 257
236 255
237 257
237 238
237 258
237 256
238 258
238 239
238 259
238 257
239 259
239 240
239 260
239 258
240 260
240 259
241 261
241 242
241 262
242 262
242 243
242 263
242 261
243 263
243 244
243 264
243 262
244 264
244 245
244 265
244 263
245 265
245 246
245 266
245 264
246 266
246 247
246 267
246 265
247 267
247 248
247 268
247 266
248 268
248 249
248 269
248 267
249 269
249 250
249 270
249 268
250 270
250 251
250 271
250 269
251 271
251 252
251 272
251 270
252 272
252 253
252 273
252 271
253 273
253 254
253 274
253 272
254 274
254 255
254 275
254 273
255 275
255 256
255 276
255 274
256 276
256 257
256 277
256 275
257 277
257 258
257 278
257 276
258 278
258 259
258 279
258 277
259 279
259 260
259 280
259 278
260 280
260 279
261 281
261 262
261 282
262 282
262 263
262 283
262 281
263 283
263 264
263 284
263 282
264 284
264 265
264 285
264 283
265 285
265 266
265 286
265 284
266 286
266 267
266 287
266 285
267 287
267 268
267 288
267 286
268 288
268 269
268 289
268 287
269 289
269 270
269 290
269 288
270 290
270 271
270 291
270 289
271 291
271 272
271 292
271 290
272 292
272 273
272 293
272 291
273 293
273 274
273 294
273 292
274 294
274 275
274 295
274 293
275 295
275 276
275 296
275 294
276 296
276 277
276 297
276 295
277 297
277 278
277 298
277 296
278 298
278 279
278 299
278 297
279 299
279 280
279 300
279 298
280 300
280 299
281 301
281 282
281 302
282 302
282 283
282 303
282 301
283 303
283 284
283 304
283 302
284 304
284 285
284 305
284 303
285 305
285 286
285 306
285 304
286 306
286 287
286 307
286 305
287 307
287 288
287 308
287 306
288 308
288 289
288 309
288 307
289 309
289 290
289 310
289 308
290 310
290 291
290 311
290 309
291 311
291 292
291 312
291 310
292 312
292 293
292 313
292 311
293 313
293 294
293 314
293 312
294 314
294 295
294 315
294 313
295 315
295 296
295 316
295 314
296 316
296 297
296 317
296 315
297 317
297 298
297 318
297 316
298 318
298 299
298 319
298 317
299 319
299 300
299 320
299 318
300 320
300 319
301 321
301 302
301 322
302 322
302 303
302 323
302 321
303 323
303 304
303 324
303 322
304 324
304 305
304 325
304 323
305 325
305 306
305 326
305 324
306 326
306 307
306 327
306 325
307 327
307 308
307 328
307 326
308 328
308 309
308 329
308 327
309 329
309 310
309 330
309 328
310 330
310 311
310 331
310 329
311 331
311 312
311 332
311 330
312 332
312 313
312 333
312 331
313 333
313 314
313 334
313 332
314 334
314 315
314 335
314 333
315 335
315 316
315 336
315 334
316 336
316 317
316 337
316 335
317 337
317 318
317 338
317 336
318 338
318 319
318 339
318 337
319 339
319 320
319 340
319 338
320 340
320 339
321 341
321 322
321 342
322 342
322 323
322 343
322 341
323 343
323 324
323 344
323 342
324 344
324 325
324 345
324 343
325 345
325 326
325 346
325 344
326 346
326 327
326 347
326 345
327 347
327 328
327 348
327 346
328 348
328 329
328 349
328 347
329 349
329 330
329 350
329 348
330 350
330 331
330 351
330 349
331 351
331 332
331 352
331 350
332 352
332 333
332 353
332 351
333 353
333 334
333 354
333 352
334 354
334 335
334 355
334 353
335 355
335 336
335 356
335 354
336 356
336 337
336 357
336 355
337 357
337 338
337 358
337 356
338 358
338 339
338 359
338 357
339 359
339 340
339 360
339 358
340 360
340 359
341 361
341 342
341 362
342 362
342 343
342 363
342 361
343 363
343 344
343 364
343 362
344 364
344 345
344 365
344 363
345 365
345 346
345 366
345 364
346 366
346 347
346 367
346 365
347 367
347 348
347 368
347 366
348 368
348 349
348 369
348 367
349 369
349 350
349 370
349 368
350 370
350 351
350 371
350 369
351 371
351 352
351 372
351 370
352 372
352 353
352 373
352 371
353 373
353 354
353 374
353 372
354 374
354 355
354 375
354 373
355 375
355 356
355 376
355 374
356 376
356 357
356 377
356 375
357 377
357 358
357 378
357 376
358 378
358 359
358 379
358 377
359 379
359 360
359 380
359 378
360 380
360 379
361 381
361 362
361 382
362 382
362 363
362 383
362 381
363 383
363 364
363 384
363 382
364 384
364 365
364 385
364 383
365 385
365 366
365 386
365 384
366 386
366 367
366 387
366 385
367 387
367 368
367 388
367 386
368 388
368 369
368 389
368 387
369 389
369 370
369 390
369 388
370 390
370 371
370 391
370 389
371 391
371 372
371 392
371 390
372 392
372 373
372 393
372 391
373 393
373 374
373 394
373 392
374 394
374 375
374 395
374 393
375 395
375 376
375 396
375 394
376 396
376 377
376 397
376 395
377 397
377 378
377 398
377 396
378 398
378 379
378 399
378 397
379 399
379 380
379 400
379 398
380 400
380 399
381 382
382 383
383 384
384 385
385 386
386 387
387 388
388 389
389 390
390 391
391 392
392 393
393 394
394 395
395 396
396 397
397 398
398 399
399 400
;
param Grid_Label_Edges :=
0 0 1 0
0 0 0 1
0 0 1 1
0 1 1 1
0 1 0 2
0 1 1 2
0 1 1 0
0 2 1 2
0 2 0 3
0 2 1 3
0 2 1 1
0 3 1 3
0 3 0 4
0 3 1 4
0 3 1 2
0 4 1 4
0 4 0 5
0 4 1 5
0 4 1 3
0 5 1 5
0 5 0 6
0 5 1 6
0 5 1 4
0 6 1 6
0 6 0 7
0 6 1 7
0 6 1 5
0 7 1 7
0 7 0 8
0 7 1 8
0 7 1 6
0 8 1 8
0 8 0 9
0 8 1 9
0 8 1 7
0 9 1 9
0 9 0 10
0 9 1 10
0 9 1 8
0 10 1 10
0 10 0 11
0 10 1 11
0 10 1 9
0 11 1 11
0 11 0 12
0 11 1 12
0 11 1 10
0 12 1 12
0 12 0 13
0 12 1 13
0 12 1 11
0 13 1 13
0 13 0 14
0 13 1 14
0 13 1 12
0 14 1 14
0 14 0 15
0 14 1 15
0 14 1 13
0 15 1 15
0 15 0 16
0 15 1 16
0 15 1 14
0 16 1 16
0 16 0 17
0 16 1 17
0 16 1 15
0 17 1 17
0 17 0 18
0 17 1 18
0 17 1 16
0 18 1 18
0 18 0 19
0 18 1 19
0 18 1 17
0 19 1 19
0 19 1 18
1 0 2 0
1 0 1 1
1 0 2 1
1 1 2 1
1 1 1 2
1 1 2 2
1 1 2 0
1 2 2 2
1 2 1 3
1 2 2 3
1 2 2 1
1 3 2 3
1 3 1 4
1 3 2 4
1 3 2 2
1 4 2 4
1 4 1 5
1 4 2 5
1 4 2 3
1 5 2 5
1 5 1 6
1 5 2 6
1 5 2 4
1 6 2 6
1 6 1 7
1 6 2 7
1 6 2 5
1 7 2 7
1 7 1 8
1 7 2 8
1 7 2 6
1 8 2 8
1 8 1 9
1 8 2 9
1 8 2 7
1 9 2 9
1 9 1 10
1 9 2 10
1 9 2 8
1 10 2 10
1 10 1 11
1 10 2 11
1 10 2 9
1 11 2 11
1 11 1 12
1 11 2 12
1 11 2 10
1 12 2 12
1 12 1 13
1 12 2 13
1 12 2 11
1 13 2 13
1 13 1 14
1 13 2 14
1 13 2 12
1 14 2 14
1 14 1 15
1 14 2 15
1 14 2 13
1 15 2 15
1 15 1 16
1 15 2 16
1 15 2 14
1 16 2 16
1 16 1 17
1 16 2 17
1 16 2 15
1 17 2 17
1 17 1 18
1 17 2 18
1 17 2 16
1 18 2 18
1 18 1 19
1 18 2 19
1 18 2 17
1 19 2 19
1 19 2 18
2 0 3 0
2 0 2 1
2 0 3 1
2 1 3 1
2 1 2 2
2 1 3 2
2 1 3 0
2 2 3 2
2 2 2 3
2 2 3 3
2 2 3 1
2 3 3 3
2 3 2 4
2 3 3 4
2 3 3 2
2 4 3 4
2 4 2 5
2 4 3 5
2 4 3 3
2 5 3 5
2 5 2 6
2 5 3 6
2 5 3 4
2 6 3 6
2 6 2 7
2 6 3 7
2 6 3 5
2 7 3 7
2 7 2 8
2 7 3 8
2 7 3 6
2 8 3 8
2 8 2 9
2 8 3 9
2 8 3 7
2 9 3 9
2 9 2 10
2 9 3 10
2 9 3 8
2 10 3 10
2 10 2 11
2 10 3 11
2 10 3 9
2 11 3 11
2 11 2 12
2 11 3 12
2 11 3 10
2 12 3 12
2 12 2 13
2 12 3 13
2 12 3 11
2 13 3 13
2 13 2 14
2 13 3 14
2 13 3 12
2 14 3 14
2 14 2 15
2 14 3 15
2 14 3 13
2 15 3 15
2 15 2 16
2 15 3 16
2 15 3 14
2 16 3 16
2 16 2 17
2 16 3 17
2 16 3 15
2 17 3 17
2 17 2 18
2 17 3 18
2 17 3 16
2 18 3 18
2 18 2 19
2 18 3 19
2 18 3 17
2 19 3 19
2 19 3 18
3 0 4 0
3 0 3 1
3 0 4 1
3 1 4 1
3 1 3 2
3 1 4 2
3 1 4 0
3 2 4 2
3 2 3 3
3 2 4 3
3 2 4 1
3 3 4 3
3 3 3 4
3 3 4 4
3 3 4 2
3 4 4 4
3 4 3 5
3 4 4 5
3 4 4 3
3 5 4 5
3 5 3 6
3 5 4 6
3 5 4 4
3 6 4 6
3 6 3 7
3 6 4 7
3 6 4 5
3 7 4 7
3 7 3 8
3 7 4 8
3 7 4 6
3 8 4 8
3 8 3 9
3 8 4 9
3 8 4 7
3 9 4 9
3 9 3 10
3 9 4 10
3 9 4 8
3 10 4 10
3 10 3 11
3 10 4 11
3 10 4 9
3 11 4 11
3 11 3 12
3 11 4 12
3 11 4 10
3 12 4 12
3 12 3 13
3 12 4 13
3 12 4 11
3 13 4 13
3 13 3 14
3 13 4 14
3 13 4 12
3 14 4 14
3 14 3 15
3 14 4 15
3 14 4 13
3 15 4 15
3 15 3 16
3 15 4 16
3 15 4 14
3 16 4 16
3 16 3 17
3 16 4 17
3 16 4 15
3 17 4 17
3 17 3 18
3 17 4 18
3 17 4 16
3 18 4 18
3 18 3 19
3 18 4 19
3 18 4 17
3 19 4 19
3 19 4 18
4 0 5 0
4 0 4 1
4 0 5 1
4 1 5 1
4 1 4 2
4 1 5 2
4 1 5 0
4 2 5 2
4 2 4 3
4 2 5 3
4 2 5 1
4 3 5 3
4 3 4 4
4 3 5 4
4 3 5 2
4 4 5 4
4 4 4 5
4 4 5 5
4 4 5 3
4 5 5 5
4 5 4 6
4 5 5 6
4 5 5 4
4 6 5 6
4 6 4 7
4 6 5 7
4 6 5 5
4 7 5 7
4 7 4 8
4 7 5 8
4 7 5 6
4 8 5 8
4 8 4 9
4 8 5 9
4 8 5 7
4 9 5 9
4 9 4 10
4 9 5 10
4 9 5 8
4 10 5 10
4 10 4 11
4 10 5 11
4 10 5 9
4 11 5 11
4 11 4 12
4 11 5 12
4 11 5 10
4 12 5 12
4 12 4 13
4 12 5 13
4 12 5 11
4 13 5 13
4 13 4 14
4 13 5 14
4 13 5 12
4 14 5 14
4 14 4 15
4 14 5 15
4 14 5 13
4 15 5 15
4 15 4 16
4 15 5 16
4 15 5 14
4 16 5 16
4 16 4 17
4 16 5 17
4 16 5 15
4 17 5 17
4 17 4 18
4 17 5 18
4 17 5 16
4 18 5 18
4 18 4 19
4 18 5 19
4 18 5 17
4 19 5 19
4 19 5 18
5 0 6 0
5 0 5 1
5 0 6 1
5 1 6 1
5 1 5 2
5 1 6 2
5 1 6 0
5 2 6 2
5 2 5 3
5 2 6 3
5 2 6 1
5 3 6 3
5 3 5 4
5 3 6 4
5 3 6 2
5 4 6 4
5 4 5 5
5 4 6 5
5 4 6 3
5 5 6 5
5 5 5 6
5 5 6 6
5 5 6 4
5 6 6 6
5 6 5 7
5 6 6 7
5 6 6 5
5 7 6 7
5 7 5 8
5 7 6 8
5 7 6 6
5 8 6 8
5 8 5 9
5 8 6 9
5 8 6 7
5 9 6 9
5 9 5 10
5 9 6 10
5 9 6 8
5 10 6 10
5 10 5 11
5 10 6 11
5 10 6 9
5 11 6 11
5 11 5 12
5 11 6 12
5 11 6 10
5 12 6 12
5 12 5 13
5 12 6 13
5 12 6 11
5 13 6 13
5 13 5 14
5 13 6 14
5 13 6 12
5 14 6 14
5 14 5 15
5 14 6 15
5 14 6 13
5 15 6 15
5 15 5 16
5 15 6 16
5 15 6 14
5 16 6 16
5 16 5 17
5 16 6 17
5 16 6 15
5 17 6 17
5 17 5 18
5 17 6 18
5 17 6 16
5 18 6 18
5 18 5 19
5 18 6 19
5 18 6 17
5 19 6 19
5 19 6 18
6 0 7 0
6 0 6 1
6 0 7 1
6 1 7 1
6 1 6 2
6 1 7 2
6 1 7 0
6 2 7 2
6 2 6 3
6 2 7 3
6 2 7 1
6 3 7 3
6 3 6 4
6 3 7 4
6 3 7 2
6 4 7 4
6 4 6 5
6 4 7 5
6 4 7 3
6 5 7 5
6 5 6 6
6 5 7 6
6 5 7 4
6 6 7 6
6 6 6 7
6 6 7 7
6 6 7 5
6 7 7 7
6 7 6 8
6 7 7 8
6 7 7 6
6 8 7 8
6 8 6 9
6 8 7 9
6 8 7 7
6 9 7 9
6 9 6 10
6 9 7 10
6 9 7 8
6 10 7 10
6 10 6 11
6 10 7 11
6 10 7 9
6 11 7 11
6 11 6 12
6 11 7 12
6 11 7 10
6 12 7 12
6 12 6 13
6 12 7 13
6 12 7 11
6 13 7 13
6 13 6 14
6 13 7 14
6 13 7 12
6 14 7 14
6 14 6 15
6 14 7 15
6 14 7 13
6 15 7 15
6 15 6 16
6 15 7 16
6 15 7 14
6 16 7 16
6 16 6 17
6 16 7 17
6 16 7 15
6 17 7 17
6 17 6 18
6 17 7 18
6 17 7 16
6 18 7 18
6 18 6 19
6 18 7 19
6 18 7 17
6 19 7 19
6 19 7 18
7 0 8 0
7 0 7 1
7 0 8 1
7 1 8 1
7 1 7 2
7 1 8 2
7 1 8 0
7 2 8 2
7 2 7 3
7 2 8 3
7 2 8 1
7 3 8 3
7 3 7 4
7 3 8 4
7 3 8 2
7 4 8 4
7 4 7 5
7 4 8 5
7 4 8 3
7 5 8 5
7 5 7 6
7 5 8 6
7 5 8 4
7 6 8 6
7 6 7 7
7 6 8 7
7 6 8 5
7 7 8 7
7 7 7 8
7 7 8 8
7 7 8 6
7 8 8 8
7 8 7 9
7 8 8 9
7 8 8 7
7 9 8 9
7 9 7 10
7 9 8 10
7 9 8 8
7 10 8 10
7 10 7 11
7 10 8 11
7 10 8 9
7 11 8 11
7 11 7 12
7 11 8 12
7 11 8 10
7 12 8 12
7 12 7 13
7 12 8 13
7 12 8 11
7 13 8 13
7 13 7 14
7 13 8 14
7 13 8 12
7 14 8 14
7 14 7 15
7 14 8 15
7 14 8 13
7 15 8 15
7 15 7 16
7 15 8 16
7 15 8 14
7 16 8 16
7 16 7 17
7 16 8 17
7 16 8 15
7 17 8 17
7 17 7 18
7 17 8 18
7 17 8 16
7 18 8 18
7 18 7 19
7 18 8 19
7 18 8 17
7 19 8 19
7 19 8 18
8 0 9 0
8 0 8 1
8 0 9 1
8 1 9 1
8 1 8 2
8 1 9 2
8 1 9 0
8 2 9 2
8 2 8 3
8 2 9 3
8 2 9 1
8 3 9 3
8 3 8 4
8 3 9 4
8 3 9 2
8 4 9 4
8 4 8 5
8 4 9 5
8 4 9 3
8 5 9 5
8 5 8 6
8 5 9 6
8 5 9 4
8 6 9 6
8 6 8 7
8 6 9 7
8 6 9 5
8 7 9 7
8 7 8 8
8 7 9 8
8 7 9 6
8 8 9 8
8 8 8 9
8 8 9 9
8 8 9 7
8 9 9 9
8 9 8 10
8 9 9 10
8 9 9 8
8 10 9 10
8 10 8 11
8 10 9 11
8 10 9 9
8 11 9 11
8 11 8 12
8 11 9 12
8 11 9 10
8 12 9 12
8 12 8 13
8 12 9 13
8 12 9 11
8 13 9 13
8 13 8 14
8 13 9 14
8 13 9 12
8 14 9 14
8 14 8 15
8 14 9 15
8 14 9 13
8 15 9 15
8 15 8 16
8 15 9 16
8 15 9 14
8 16 9 16
8 16 8 17
8 16 9 17
8 16 9 15
8 17 9 17
8 17 8 18
8 17 9 18
8 17 9 16
8 18 9 18
8 18 8 19
8 18 9 19
8 18 9 17
8 19 9 19
8 19 9 18
9 0 10 0
9 0 9 1
9 0 10 1
9 1 10 1
9 1 9 2
9 1 10 2
9 1 10 0
9 2 10 2
9 2 9 3
9 2 10 3
9 2 10 1
9 3 10 3
9 3 9 4
9 3 10 4
9 3 10 2
9 4 10 4
9 4 9 5
9 4 10 5
9 4 10 3
9 5 10 5
9 5 9 6
9 5 10 6
9 5 10 4
9 6 10 6
9 6 9 7
9 6 10 7
9 6 10 5
9 7 10 7
9 7 9 8
9 7 10 8
9 7 10 6
9 8 10 8
9 8 9 9
9 8 10 9
9 8 10 7
9 9 10 9
9 9 9 10
9 9 10 10
9 9 10 8
9 10 10 10
9 10 9 11
9 10 10 11
9 10 10 9
9 11 10 11
9 11 9 12
9 11 10 12
9 11 10 10
9 12 10 12
9 12 9 13
9 12 10 13
9 12 10 11
9 13 10 13
9 13 9 14
9 13 10 14
9 13 10 12
9 14 10 14
9 14 9 15
9 14 10 15
9 14 10 13
9 15 10 15
9 15 9 16
9 15 10 16
9 15 10 14
9 16 10 16
9 16 9 17
9 16 10 17
9 16 10 15
9 17 10 17
9 17 9 18
9 17 10 18
9 17 10 16
9 18 10 18
9 18 9 19
9 18 10 19
9 18 10 17
9 19 10 19
9 19 10 18
10 0 11 0
10 0 10 1
10 0 11 1
10 1 11 1
10 1 10 2
10 1 11 2
10 1 11 0
10 2 11 2
10 2 10 3
10 2 11 3
10 2 11 1
10 3 11 3
10 3 10 4
10 3 11 4
10 3 11 2
10 4 11 4
10 4 10 5
10 4 11 5
10 4 11 3
10 5 11 5
10 5 10 6
10 5 11 6
10 5 11 4
10 6 11 6
10 6 10 7
10 6 11 7
10 6 11 5
10 7 11 7
10 7 10 8
10 7 11 8
10 7 11 6
10 8 11 8
10 8 10 9
10 8 11 9
10 8 11 7
10 9 11 9
10 9 10 10
10 9 11 10
10 9 11 8
10 10 11 10
10 10 10 11
10 10 11 11
10 10 11 9
10 11 11 11
10 11 10 12
10 11 11 12
10 11 11 10
10 12 11 12
10 12 10 13
10 12 11 13
10 12 11 11
10 13 11 13
10 13 10 14
10 13 11 14
10 13 11 12
10 14 11 14
10 14 10 15
10 14 11 15
10 14 11 13
10 15 11 15
10 15 10 16
10 15 11 16
10 15 11 14
10 16 11 16
10 16 10 17
10 16 11 17
10 16 11 15
10 17 11 17
10 17 10 18
10 17 11 18
10 17 11 16
10 18 11 18
10 18 10 19
10 18 11 19
10 18 11 17
10 19 11 19
10 19 11 18
11 0 12 0
11 0 11 1
11 0 12 1
11 1 12 1
11 1 11 2
11 1 12 2
11 1 12 0
11 2 12 2
11 2 11 3
11 2 12 3
11 2 12 1
11 3 12 3
11 3 11 4
11 3 12 4
11 3 12 2
11 4 12 4
11 4 11 5
11 4 12 5
11 4 12 3
11 5 12 5
11 5 11 6
11 5 12 6
11 5 12 4
11 6 12 6
11 6 11 7
11 6 12 7
11 6 12 5
11 7 12 7
11 7 11 8
11 7 12 8
11 7 12 6
11 8 12 8
11 8 11 9
11 8 12 9
11 8 12 7
11 9 12 9
11 9 11 10
11 9 12 10
11 9 12 8
11 10 12 10
11 10 11 11
11 10 12 11
11 10 12 9
11 11 12 11
11 11 11 12
11 11 12 12
11 11 12 10
11 12 12 12
11 12 11 13
11 12 12 13
11 12 12 11
11 13 12 13
11 13 11 14
11 13 12 14
11 13 12 12
11 14 12 14
11 14 11 15
11 14 12 15
11 14 12 13
11 15 12 15
11 15 11 16
11 15 12 16
11 15 12 14
11 16 12 16
11 16 11 17
11 16 12 17
11 16 12 15
11 17 12 17
11 17 11 18
11 17 12 18
11 17 12 16
11 18 12 18
11 18 11 19
11 18 12 19
11 18 12 17
11 19 12 19
11 19 12 18
12 0 13 0
12 0 12 1
12 0 13 1
12 1 13 1
12 1 12 2
12 1 13 2
12 1 13 0
12 2 13 2
12 2 12 3
12 2 13 3
12 2 13 1
12 3 13 3
12 3 12 4
12 3 13 4
12 3 13 2
12 4 13 4
12 4 12 5
12 4 13 5
12 4 13 3
12 5 13 5
12 5 12 6
12 5 13 6
12 5 13 4
12 6 13 6
12 6 12 7
12 6 13 7
12 6 13 5
12 7 13 7
12 7 12 8
12 7 13 8
12 7 13 6
12 8 13 8
12 8 12 9
12 8 13 9
12 8 13 7
12 9 13 9
12 9 12 10
12 9 13 10
12 9 13 8
12 10 13 10
12 10 12 11
12 10 13 11
12 10 13 9
12 11 13 11
12 11 12 12
12 11 13 12
12 11 13 10
12 12 13 12
12 12 12 13
12 12 13 13
12 12 13 11
12 13 13 13
12 13 12 14
12 13 13 14
12 13 13 12
12 14 13 14
12 14 12 15
12 14 13 15
12 14 13 13
12 15 13 15
12 15 12 16
12 15 13 16
12 15 13 14
12 16 13 16
12 16 12 17
12 16 13 17
12 16 13 15
12 17 13 17
12 17 12 18
12 17 13 18
12 17 13 16
12 18 13 18
12 18 12 19
12 18 13 19
12 18 13 17
12 19 13 19
12 19 13 18
13 0 14 0
13 0 13 1
13 0 14 1
13 1 14 1
13 1 13 2
13 1 14 2
13 1 14 0
13 2 14 2
13 2 13 3
13 2 14 3
13 2 14 1
13 3 14 3
13 3 13 4
13 3 14 4
13 3 14 2
13 4 14 4
13 4 13 5
13 4 14 5
13 4 14 3
13 5 14 5
13 5 13 6
13 5 14 6
13 5 14 4
13 6 14 6
13 6 13 7
13 6 14 7
13 6 14 5
13 7 14 7
13 7 13 8
13 7 14 8
13 7 14 6
13 8 14 8
13 8 13 9
13 8 14 9
13 8 14 7
13 9 14 9
13 9 13 10
13 9 14 10
13 9 14 8
13 10 14 10
13 10 13 11
13 10 14 11
13 10 14 9
13 11 14 11
13 11 13 12
13 11 14 12
13 11 14 10
13 12 14 12
13 12 13 13
13 12 14 13
13 12 14 11
13 13 14 13
13 13 13 14
13 13 14 14
13 13 14 12
13 14 14 14
13 14 13 15
13 14 14 15
13 14 14 13
13 15 14 15
13 15 13 16
13 15 14 16
13 15 14 14
13 16 14 16
13 16 13 17
13 16 14 17
13 16 14 15
13 17 14 17
13 17 13 18
13 17 14 18
13 17 14 16
13 18 14 18
13 18 13 19
13 18 14 19
13 18 14 17
13 19 14 19
13 19 14 18
14 0 15 0
14 0 14 1
14 0 15 1
14 1 15 1
14 1 14 2
14 1 15 2
14 1 15 0
14 2 15 2
14 2 14 3
14 2 15 3
14 2 15 1
14 3 15 3
14 3 14 4
14 3 15 4
14 3 15 2
14 4 15 4
14 4 14 5
14 4 15 5
14 4 15 3
14 5 15 5
14 5 14 6
14 5 15 6
14 5 15 4
14 6 15 6
14 6 14 7
14 6 15 7
14 6 15 5
14 7 15 7
14 7 14 8
14 7 15 8
14 7 15 6
14 8 15 8
14 8 14 9
14 8 15 9
14 8 15 7
14 9 15 9
14 9 14 10
14 9 15 10
14 9 15 8
14 10 15 10
14 10 14 11
14 10 15 11
14 10 15 9
14 11 15 11
14 11 14 12
14 11 15 12
14 11 15 10
14 12 15 12
14 12 14 13
14 12 15 13
14 12 15 11
14 13 15 13
14 13 14 14
14 13 15 14
14 13 15 12
14 14 15 14
14 14 14 15
14 14 15 15
14 14 15 13
14 15 15 15
14 15 14 16
14 15 15 16
14 15 15 14
14 16 15 16
14 16 14 17
14 16 15 17
14 16 15 15
14 17 15 17
14 17 14 18
14 17 15 18
14 17 15 16
14 18 15 18
14 18 14 19
14 18 15 19
14 18 15 17
14 19 15 19
14 19 15 18
15 0 16 0
15 0 15 1
15 0 16 1
15 1 16 1
15 1 15 2
15 1 16 2
15 1 16 0
15 2 16 2
15 2 15 3
15 2 16 3
15 2 16 1
15 3 16 3
15 3 15 4
15 3 16 4
15 3 16 2
15 4 16 4
15 4 15 5
15 4 16 5
15 4 16 3
15 5 16 5
15 5 15 6
15 5 16 6
15 5 16 4
15 6 16 6
15 6 15 7
15 6 16 7
15 6 16 5
15 7 16 7
15 7 15 8
15 7 16 8
15 7 16 6
15 8 16 8
15 8 15 9
15 8 16 9
15 8 16 7
15 9 16 9
15 9 15 10
15 9 16 10
15 9 16 8
15 10 16 10
15 10 15 11
15 10 16 11
15 10 16 9
15 11 16 11
15 11 15 12
15 11 16 12
15 11 16 10
15 12 16 12
15 12 15 13
15 12 16 13
15 12 16 11
15 13 16 13
15 13 15 14
15 13 16 14
15 13 16 12
15 14 16 14
15 14 15 15
15 14 16 15
15 14 16 13
15 15 16 15
15 15 15 16
15 15 16 16
15 15 16 14
15 16 16 16
15 16 15 17
15 16 16 17
15 16 16 15
15 17 16 17
15 17 15 18
15 17 16 18
15 17 16 16
15 18 16 18
15 18 15 19
15 18 16 19
15 18 16 17
15 19 16 19
15 19 16 18
16 0 17 0
16 0 16 1
16 0 17 1
16 1 17 1
16 1 16 2
16 1 17 2
16 1 17 0
16 2 17 2
16 2 16 3
16 2 17 3
16 2 17 1
16 3 17 3
16 3 16 4
16 3 17 4
16 3 17 2
16 4 17 4
16 4 16 5
16 4 17 5
16 4 17 3
16 5 17 5
16 5 16 6
16 5 17 6
16 5 17 4
16 6 17 6
16 6 16 7
16 6 17 7
16 6 17 5
16 7 17 7
16 7 16 8
16 7 17 8
16 7 17 6
16 8 17 8
16 8 16 9
16 8 17 9
16 8 17 7
16 9 17 9
16 9 16 10
16 9 17 10
16 9 17 8
16 10 17 10
16 10 16 11
16 10 17 11
16 10 17 9
16 11 17 11
16 11 16 12
16 11 17 12
16 11 17 10
16 12 17 12
16 12 16 13
16 12 17 13
16 12 17 11
16 13 17 13
16 13 16 14
16 13 17 14
16 13 17 12
16 14 17 14
16 14 16 15
16 14 17 15
16 14 17 13
16 15 17 15
16 15 16 16
16 15 17 16
16 15 17 14
16 16 17 16
16 16 16 17
16 16 17 17
16 16 17 15
16 17 17 17
16 17 16 18
16 17 17 18
16 17 17 16
16 18 17 18
16 18 16 19
16 18 17 19
16 18 17 17
16 19 17 19
16 19 17 18
17 0 18 0
17 0 17 1
17 0 18 1
17 1 18 1
17 1 17 2
17 1 18 2
17 1 18 0
17 2 18 2
17 2 17 3
17 2 18 3
17 2 18 1
17 3 18 3
17 3 17 4
17 3 18 4
17 3 18 2
17 4 18 4
17 4 17 5
17 4 18 5
17 4 18 3
17 5 18 5
17 5 17 6
17 5 18 6
17 5 18 4
17 6 18 6
17 6 17 7
17 6 18 7
17 6 18 5
17 7 18 7
17 7 17 8
17 7 18 8
17 7 18 6
17 8 18 8
17 8 17 9
17 8 18 9
17 8 18 7
17 9 18 9
17 9 17 10
17 9 18 10
17 9 18 8
17 10 18 10
17 10 17 11
17 10 18 11
17 10 18 9
17 11 18 11
17 11 17 12
17 11 18 12
17 11 18 10
17 12 18 12
17 12 17 13
17 12 18 13
17 12 18 11
17 13 18 13
17 13 17 14
17 13 18 14
17 13 18 12
17 14 18 14
17 14 17 15
17 14 18 15
17 14 18 13
17 15 18 15
17 15 17 16
17 15 18 16
17 15 18 14
17 16 18 16
17 16 17 17
17 16 18 17
17 16 18 15
17 17 18 17
17 17 17 18
17 17 18 18
17 17 18 16
17 18 18 18
17 18 17 19
17 18 18 19
17 18 18 17
17 19 18 19
17 19 18 18
18 0 19 0
18 0 18 1
18 0 19 1
18 1 19 1
18 1 18 2
18 1 19 2
18 1 19 0
18 2 19 2
18 2 18 3
18 2 19 3
18 2 19 1
18 3 19 3
18 3 18 4
18 3 19 4
18 3 19 2
18 4 19 4
18 4 18 5
18 4 19 5
18 4 19 3
18 5 19 5
18 5 18 6
18 5 19 6
18 5 19 4
18 6 19 6
18 6 18 7
18 6 19 7
18 6 19 5
18 7 19 7
18 7 18 8
18 7 19 8
18 7 19 6
18 8 19 8
18 8 18 9
18 8 19 9
18 8 19 7
18 9 19 9
18 9 18 10
18 9 19 10
18 9 19 8
18 10 19 10
18 10 18 11
18 10 19 11
18 10 19 9
18 11 19 11
18 11 18 12
18 11 19 12
18 11 19 10
18 12 19 12
18 12 18 13
18 12 19 13
18 12 19 11
18 13 19 13
18 13 18 14
18 13 19 14
18 13 19 12
18 14 19 14
18 14 18 15
18 14 19 15
18 14 19 13
18 15 19 15
18 15 18 16
18 15 19 16
18 15 19 14
18 16 19 16
18 16 18 17
18 16 19 17
18 16 19 15
18 17 19 17
18 17 18 18
18 17 19 18
18 17 19 16
18 18 19 18
18 18 18 19
18 18 19 19
18 18 19 17
18 19 19 19
18 19 19 18
19 0 19 1
19 1 19 2
19 2 19 3
19 3 19 4
19 4 19 5
19 5 19 6
19 6 19 7
19 7 19 8
19 8 19 9
19 9 19 10
19 10 19 11
19 11 19 12
19 12 19 13
19 13 19 14
19 14 19 15
19 15 19 16
19 16 19 17
19 17 19 18
19 18 19 19
;
param Centralities :=
degree centrality: {(0, 0): 0.007518796992481203, (0, 1): 0.012531328320802004, (0, 2): 0.012531328320802004, (0, 3): 0.012531328320802004, (0, 4): 0.012531328320802004, (0, 5): 0.012531328320802004, (0, 6): 0.012531328320802004, (0, 7): 0.012531328320802004, (0, 8): 0.012531328320802004, (0, 9): 0.012531328320802004, (0, 10): 0.012531328320802004, (0, 11): 0.012531328320802004, (0, 12): 0.012531328320802004, (0, 13): 0.012531328320802004, (0, 14): 0.012531328320802004, (0, 15): 0.012531328320802004, (0, 16): 0.012531328320802004, (0, 17): 0.012531328320802004, (0, 18): 0.012531328320802004, (0, 19): 0.007518796992481203, (1, 0): 0.012531328320802004, (1, 1): 0.020050125313283207, (1, 2): 0.020050125313283207, (1, 3): 0.020050125313283207, (1, 4): 0.020050125313283207, (1, 5): 0.020050125313283207, (1, 6): 0.020050125313283207, (1, 7): 0.020050125313283207, (1, 8): 0.020050125313283207, (1, 9): 0.020050125313283207, (1, 10): 0.020050125313283207, (1, 11): 0.020050125313283207, (1, 12): 0.020050125313283207, (1, 13): 0.020050125313283207, (1, 14): 0.020050125313283207, (1, 15): 0.020050125313283207, (1, 16): 0.020050125313283207, (1, 17): 0.020050125313283207, (1, 18): 0.020050125313283207, (1, 19): 0.012531328320802004, (2, 0): 0.012531328320802004, (2, 1): 0.020050125313283207, (2, 2): 0.020050125313283207, (2, 3): 0.020050125313283207, (2, 4): 0.020050125313283207, (2, 5): 0.020050125313283207, (2, 6): 0.020050125313283207, (2, 7): 0.020050125313283207, (2, 8): 0.020050125313283207, (2, 9): 0.020050125313283207, (2, 10): 0.020050125313283207, (2, 11): 0.020050125313283207, (2, 12): 0.020050125313283207, (2, 13): 0.020050125313283207, (2, 14): 0.020050125313283207, (2, 15): 0.020050125313283207, (2, 16): 0.020050125313283207, (2, 17): 0.020050125313283207, (2, 18): 0.020050125313283207, (2, 19): 0.012531328320802004, (3, 0): 0.012531328320802004, (3, 1): 0.020050125313283207, (3, 2): 0.020050125313283207, (3, 3): 0.020050125313283207, (3, 4): 0.020050125313283207, (3, 5): 0.020050125313283207, (3, 6): 0.020050125313283207, (3, 7): 0.020050125313283207, (3, 8): 0.020050125313283207, (3, 9): 0.020050125313283207, (3, 10): 0.020050125313283207, (3, 11): 0.020050125313283207, (3, 12): 0.020050125313283207, (3, 13): 0.020050125313283207, (3, 14): 0.020050125313283207, (3, 15): 0.020050125313283207, (3, 16): 0.020050125313283207, (3, 17): 0.020050125313283207, (3, 18): 0.020050125313283207, (3, 19): 0.012531328320802004, (4, 0): 0.012531328320802004, (4, 1): 0.020050125313283207, (4, 2): 0.020050125313283207, (4, 3): 0.020050125313283207, (4, 4): 0.020050125313283207, (4, 5): 0.020050125313283207, (4, 6): 0.020050125313283207, (4, 7): 0.020050125313283207, (4, 8): 0.020050125313283207, (4, 9): 0.020050125313283207, (4, 10): 0.020050125313283207, (4, 11): 0.020050125313283207, (4, 12): 0.020050125313283207, (4, 13): 0.020050125313283207, (4, 14): 0.020050125313283207, (4, 15): 0.020050125313283207, (4, 16): 0.020050125313283207, (4, 17): 0.020050125313283207, (4, 18): 0.020050125313283207, (4, 19): 0.012531328320802004, (5, 0): 0.012531328320802004, (5, 1): 0.020050125313283207, (5, 2): 0.020050125313283207, (5, 3): 0.020050125313283207, (5, 4): 0.020050125313283207, (5, 5): 0.020050125313283207, (5, 6): 0.020050125313283207, (5, 7): 0.020050125313283207, (5, 8): 0.020050125313283207, (5, 9): 0.020050125313283207, (5, 10): 0.020050125313283207, (5, 11): 0.020050125313283207, (5, 12): 0.020050125313283207, (5, 13): 0.020050125313283207, (5, 14): 0.020050125313283207, (5, 15): 0.020050125313283207, (5, 16): 0.020050125313283207, (5, 17): 0.020050125313283207, (5, 18): 0.020050125313283207, (5, 19): 0.012531328320802004, (6, 0): 0.012531328320802004, (6, 1): 0.020050125313283207, (6, 2): 0.020050125313283207, (6, 3): 0.020050125313283207, (6, 4): 0.020050125313283207, (6, 5): 0.020050125313283207, (6, 6): 0.020050125313283207, (6, 7): 0.020050125313283207, (6, 8): 0.020050125313283207, (6, 9): 0.020050125313283207, (6, 10): 0.020050125313283207, (6, 11): 0.020050125313283207, (6, 12): 0.020050125313283207, (6, 13): 0.020050125313283207, (6, 14): 0.020050125313283207, (6, 15): 0.020050125313283207, (6, 16): 0.020050125313283207, (6, 17): 0.020050125313283207, (6, 18): 0.020050125313283207, (6, 19): 0.012531328320802004, (7, 0): 0.012531328320802004, (7, 1): 0.020050125313283207, (7, 2): 0.020050125313283207, (7, 3): 0.020050125313283207, (7, 4): 0.020050125313283207, (7, 5): 0.020050125313283207, (7, 6): 0.020050125313283207, (7, 7): 0.020050125313283207, (7, 8): 0.020050125313283207, (7, 9): 0.020050125313283207, (7, 10): 0.020050125313283207, (7, 11): 0.020050125313283207, (7, 12): 0.020050125313283207, (7, 13): 0.020050125313283207, (7, 14): 0.020050125313283207, (7, 15): 0.020050125313283207, (7, 16): 0.020050125313283207, (7, 17): 0.020050125313283207, (7, 18): 0.020050125313283207, (7, 19): 0.012531328320802004, (8, 0): 0.012531328320802004, (8, 1): 0.020050125313283207, (8, 2): 0.020050125313283207, (8, 3): 0.020050125313283207, (8, 4): 0.020050125313283207, (8, 5): 0.020050125313283207, (8, 6): 0.020050125313283207, (8, 7): 0.020050125313283207, (8, 8): 0.020050125313283207, (8, 9): 0.020050125313283207, (8, 10): 0.020050125313283207, (8, 11): 0.020050125313283207, (8, 12): 0.020050125313283207, (8, 13): 0.020050125313283207, (8, 14): 0.020050125313283207, (8, 15): 0.020050125313283207, (8, 16): 0.020050125313283207, (8, 17): 0.020050125313283207, (8, 18): 0.020050125313283207, (8, 19): 0.012531328320802004, (9, 0): 0.012531328320802004, (9, 1): 0.020050125313283207, (9, 2): 0.020050125313283207, (9, 3): 0.020050125313283207, (9, 4): 0.020050125313283207, (9, 5): 0.020050125313283207, (9, 6): 0.020050125313283207, (9, 7): 0.020050125313283207, (9, 8): 0.020050125313283207, (9, 9): 0.020050125313283207, (9, 10): 0.020050125313283207, (9, 11): 0.020050125313283207, (9, 12): 0.020050125313283207, (9, 13): 0.020050125313283207, (9, 14): 0.020050125313283207, (9, 15): 0.020050125313283207, (9, 16): 0.020050125313283207, (9, 17): 0.020050125313283207, (9, 18): 0.020050125313283207, (9, 19): 0.012531328320802004, (10, 0): 0.012531328320802004, (10, 1): 0.020050125313283207, (10, 2): 0.020050125313283207, (10, 3): 0.020050125313283207, (10, 4): 0.020050125313283207, (10, 5): 0.020050125313283207, (10, 6): 0.020050125313283207, (10, 7): 0.020050125313283207, (10, 8): 0.020050125313283207, (10, 9): 0.020050125313283207, (10, 10): 0.020050125313283207, (10, 11): 0.020050125313283207, (10, 12): 0.020050125313283207, (10, 13): 0.020050125313283207, (10, 14): 0.020050125313283207, (10, 15): 0.020050125313283207, (10, 16): 0.020050125313283207, (10, 17): 0.020050125313283207, (10, 18): 0.020050125313283207, (10, 19): 0.012531328320802004, (11, 0): 0.012531328320802004, (11, 1): 0.020050125313283207, (11, 2): 0.020050125313283207, (11, 3): 0.020050125313283207, (11, 4): 0.020050125313283207, (11, 5): 0.020050125313283207, (11, 6): 0.020050125313283207, (11, 7): 0.020050125313283207, (11, 8): 0.020050125313283207, (11, 9): 0.020050125313283207, (11, 10): 0.020050125313283207, (11, 11): 0.020050125313283207, (11, 12): 0.020050125313283207, (11, 13): 0.020050125313283207, (11, 14): 0.020050125313283207, (11, 15): 0.020050125313283207, (11, 16): 0.020050125313283207, (11, 17): 0.020050125313283207, (11, 18): 0.020050125313283207, (11, 19): 0.012531328320802004, (12, 0): 0.012531328320802004, (12, 1): 0.020050125313283207, (12, 2): 0.020050125313283207, (12, 3): 0.020050125313283207, (12, 4): 0.020050125313283207, (12, 5): 0.020050125313283207, (12, 6): 0.020050125313283207, (12, 7): 0.020050125313283207, (12, 8): 0.020050125313283207, (12, 9): 0.020050125313283207, (12, 10): 0.020050125313283207, (12, 11): 0.020050125313283207, (12, 12): 0.020050125313283207, (12, 13): 0.020050125313283207, (12, 14): 0.020050125313283207, (12, 15): 0.020050125313283207, (12, 16): 0.020050125313283207, (12, 17): 0.020050125313283207, (12, 18): 0.020050125313283207, (12, 19): 0.012531328320802004, (13, 0): 0.012531328320802004, (13, 1): 0.020050125313283207, (13, 2): 0.020050125313283207, (13, 3): 0.020050125313283207, (13, 4): 0.020050125313283207, (13, 5): 0.020050125313283207, (13, 6): 0.020050125313283207, (13, 7): 0.020050125313283207, (13, 8): 0.020050125313283207, (13, 9): 0.020050125313283207, (13, 10): 0.020050125313283207, (13, 11): 0.020050125313283207, (13, 12): 0.020050125313283207, (13, 13): 0.020050125313283207, (13, 14): 0.020050125313283207, (13, 15): 0.020050125313283207, (13, 16): 0.020050125313283207, (13, 17): 0.020050125313283207, (13, 18): 0.020050125313283207, (13, 19): 0.012531328320802004, (14, 0): 0.012531328320802004, (14, 1): 0.020050125313283207, (14, 2): 0.020050125313283207, (14, 3): 0.020050125313283207, (14, 4): 0.020050125313283207, (14, 5): 0.020050125313283207, (14, 6): 0.020050125313283207, (14, 7): 0.020050125313283207, (14, 8): 0.020050125313283207, (14, 9): 0.020050125313283207, (14, 10): 0.020050125313283207, (14, 11): 0.020050125313283207, (14, 12): 0.020050125313283207, (14, 13): 0.020050125313283207, (14, 14): 0.020050125313283207, (14, 15): 0.020050125313283207, (14, 16): 0.020050125313283207, (14, 17): 0.020050125313283207, (14, 18): 0.020050125313283207, (14, 19): 0.012531328320802004, (15, 0): 0.012531328320802004, (15, 1): 0.020050125313283207, (15, 2): 0.020050125313283207, (15, 3): 0.020050125313283207, (15, 4): 0.020050125313283207, (15, 5): 0.020050125313283207, (15, 6): 0.020050125313283207, (15, 7): 0.020050125313283207, (15, 8): 0.020050125313283207, (15, 9): 0.020050125313283207, (15, 10): 0.020050125313283207, (15, 11): 0.020050125313283207, (15, 12): 0.020050125313283207, (15, 13): 0.020050125313283207, (15, 14): 0.020050125313283207, (15, 15): 0.020050125313283207, (15, 16): 0.020050125313283207, (15, 17): 0.020050125313283207, (15, 18): 0.020050125313283207, (15, 19): 0.012531328320802004, (16, 0): 0.012531328320802004, (16, 1): 0.020050125313283207, (16, 2): 0.020050125313283207, (16, 3): 0.020050125313283207, (16, 4): 0.020050125313283207, (16, 5): 0.020050125313283207, (16, 6): 0.020050125313283207, (16, 7): 0.020050125313283207, (16, 8): 0.020050125313283207, (16, 9): 0.020050125313283207, (16, 10): 0.020050125313283207, (16, 11): 0.020050125313283207, (16, 12): 0.020050125313283207, (16, 13): 0.020050125313283207, (16, 14): 0.020050125313283207, (16, 15): 0.020050125313283207, (16, 16): 0.020050125313283207, (16, 17): 0.020050125313283207, (16, 18): 0.020050125313283207, (16, 19): 0.012531328320802004, (17, 0): 0.012531328320802004, (17, 1): 0.020050125313283207, (17, 2): 0.020050125313283207, (17, 3): 0.020050125313283207, (17, 4): 0.020050125313283207, (17, 5): 0.020050125313283207, (17, 6): 0.020050125313283207, (17, 7): 0.020050125313283207, (17, 8): 0.020050125313283207, (17, 9): 0.020050125313283207, (17, 10): 0.020050125313283207, (17, 11): 0.020050125313283207, (17, 12): 0.020050125313283207, (17, 13): 0.020050125313283207, (17, 14): 0.020050125313283207, (17, 15): 0.020050125313283207, (17, 16): 0.020050125313283207, (17, 17): 0.020050125313283207, (17, 18): 0.020050125313283207, (17, 19): 0.012531328320802004, (18, 0): 0.012531328320802004, (18, 1): 0.020050125313283207, (18, 2): 0.020050125313283207, (18, 3): 0.020050125313283207, (18, 4): 0.020050125313283207, (18, 5): 0.020050125313283207, (18, 6): 0.020050125313283207, (18, 7): 0.020050125313283207, (18, 8): 0.020050125313283207, (18, 9): 0.020050125313283207, (18, 10): 0.020050125313283207, (18, 11): 0.020050125313283207, (18, 12): 0.020050125313283207, (18, 13): 0.020050125313283207, (18, 14): 0.020050125313283207, (18, 15): 0.020050125313283207, (18, 16): 0.020050125313283207, (18, 17): 0.020050125313283207, (18, 18): 0.020050125313283207, (18, 19): 0.012531328320802004, (19, 0): 0.007518796992481203, (19, 1): 0.012531328320802004, (19, 2): 0.012531328320802004, (19, 3): 0.012531328320802004, (19, 4): 0.012531328320802004, (19, 5): 0.012531328320802004, (19, 6): 0.012531328320802004, (19, 7): 0.012531328320802004, (19, 8): 0.012531328320802004, (19, 9): 0.012531328320802004, (19, 10): 0.012531328320802004, (19, 11): 0.012531328320802004, (19, 12): 0.012531328320802004, (19, 13): 0.012531328320802004, (19, 14): 0.012531328320802004, (19, 15): 0.012531328320802004, (19, 16): 0.012531328320802004, (19, 17): 0.012531328320802004, (19, 18): 0.012531328320802004, (19, 19): 0.007518796992481203}
eigenvector centrality: {(0, 0): 0.0021186694512750257, (0, 1): 0.004189739831425292, (0, 2): 0.006166729127216404, (0, 3): 0.008005353837469422, (0, 4): 0.009664542124585274, (0, 5): 0.011107351291424991, (0, 6): 0.012301769088683082, (0, 7): 0.013221385692824402, (0, 8): 0.013845929884732358, (0, 9): 0.014161668102153108, (0, 10): 0.014161668102153104, (0, 11): 0.013845929884732355, (0, 12): 0.013221385692824399, (0, 13): 0.012301769088683082, (0, 14): 0.011107351291424991, (0, 15): 0.009664542124585274, (0, 16): 0.008005353837469422, (0, 17): 0.006166729127216403, (0, 18): 0.004189739831425291, (0, 19): 0.0021186694512750253, (1, 0): 0.004189739831425292, (1, 1): 0.008285350904770727, (1, 2): 0.012194913481364571, (1, 3): 0.015830855453791624, (1, 4): 0.019111955886981002, (1, 5): 0.021965159359479267, (1, 6): 0.024327160575631165, (1, 7): 0.026145733224466134, (1, 8): 0.027380790290941204, (1, 9): 0.02800517319552069, (1, 10): 0.028005173195520688, (1, 11): 0.0273807902909412, (1, 12): 0.02614573322446613, (1, 13): 0.024327160575631165, (1, 14): 0.021965159359479267, (1, 15): 0.019111955886981002, (1, 16): 0.015830855453791624, (1, 17): 0.012194913481364571, (1, 18): 0.008285350904770724, (1, 19): 0.00418973983142529, (2, 0): 0.006166729127216404, (2, 1): 0.012194913481364575, (2, 2): 0.017949259666520147, (2, 3): 0.023300873410662098, (2, 4): 0.028130208506580948, (2, 5): 0.03232973727630518, (2, 6): 0.035806282905442584, (2, 7): 0.03848297534333905, (2, 8): 0.04030081193750659, (2, 9): 0.04121981894011956, (2, 10): 0.04121981894011956, (2, 11): 0.04030081193750659, (2, 12): 0.03848297534333904, (2, 13): 0.03580628290544258, (2, 14): 0.032329737276305184, (2, 15): 0.028130208506580948, (2, 16): 0.023300873410662094, (2, 17): 0.017949259666520147, (2, 18): 0.01219491348136457, (2, 19): 0.0061667291272164025, (3, 0): 0.008005353837469422, (3, 1): 0.015830855453791627, (3, 2): 0.023300873410662094, (3, 3): 0.03024808330743586, (3, 4): 0.03651729595566365, (3, 5): 0.041968924048731884, (3, 6): 0.046482009887142184, (3, 7): 0.04995676443487633, (3, 8): 0.05231659326062862, (3, 9): 0.05350960435018004, (3, 10): 0.05350960435018004, (3, 11): 0.05231659326062862, (3, 12): 0.049956764434876316, (3, 13): 0.04648200988714218, (3, 14): 0.04196892404873187, (3, 15): 0.03651729595566365, (3, 16): 0.03024808330743586, (3, 17): 0.02330087341066209, (3, 18): 0.015830855453791624, (3, 19): 0.008005353837469422, (4, 0): 0.009664542124585274, (4, 1): 0.019111955886981006, (4, 2): 0.02813020850658095, (4, 3): 0.03651729595566365, (4, 4): 0.04408586456073771, (4, 5): 0.05066739617354716, (4, 6): 0.05611586342218203, (4, 7): 0.0603107950118376, (4, 8): 0.06315972156228512, (4, 9): 0.06459999592918454, (4, 10): 0.06459999592918454, (4, 11): 0.06315972156228512, (4, 12): 0.06031079501183759, (4, 13): 0.05611586342218202, (4, 14): 0.05066739617354715, (4, 15): 0.04408586456073771, (4, 16): 0.036517295955663644, (4, 17): 0.028130208506580948, (4, 18): 0.019111955886981006, (4, 19): 0.009664542124585274, (5, 0): 0.011107351291424991, (5, 1): 0.021965159359479274, (5, 2): 0.032329737276305184, (5, 3): 0.041968924048731884, (5, 4): 0.05066739617354715, (5, 5): 0.0582314776082101, (5, 6): 0.06449334071049423, (5, 7): 0.06931452915472174, (5, 8): 0.07258876890569659, (5, 9): 0.07424406029384119, (5, 10): 0.07424406029384117, (5, 11): 0.07258876890569659, (5, 12): 0.06931452915472172, (5, 13): 0.06449334071049423, (5, 14): 0.05823147760821011, (5, 15): 0.05066739617354715, (5, 16): 0.04196892404873188, (5, 17): 0.03232973727630518, (5, 18): 0.021965159359479274, (5, 19): 0.011107351291424991, (6, 0): 0.012301769088683082, (6, 1): 0.024327160575631165, (6, 2): 0.035806282905442584, (6, 3): 0.046482009887142184, (6, 4): 0.05611586342218203, (6, 5): 0.06449334071049424, (6, 6): 0.07142856693393365, (6, 7): 0.07676819700574933, (6, 8): 0.08039452881975938, (6, 9): 0.082227820294673, (6, 10): 0.08222782029467302, (6, 11): 0.08039452881975938, (6, 12): 0.07676819700574933, (6, 13): 0.07142856693393364, (6, 14): 0.06449334071049424, (6, 15): 0.05611586342218203, (6, 16): 0.04648200988714218, (6, 17): 0.03580628290544258, (6, 18): 0.02432716057563117, (6, 19): 0.012301769088683082, (7, 0): 0.013221385692824402, (7, 1): 0.02614573322446613, (7, 2): 0.03848297534333905, (7, 3): 0.04995676443487633, (7, 4): 0.0603107950118376, (7, 5): 0.06931452915472174, (7, 6): 0.07676819700574933, (7, 7): 0.08250699019293607, (7, 8): 0.08640440780966677, (7, 9): 0.08837474666926202, (7, 10): 0.08837474666926202, (7, 11): 0.08640440780966677, (7, 12): 0.08250699019293607, (7, 13): 0.07676819700574933, (7, 14): 0.06931452915472174, (7, 15): 0.0603107950118376, (7, 16): 0.04995676443487634, (7, 17): 0.038482975343339054, (7, 18): 0.026145733224466134, (7, 19): 0.013221385692824402, (8, 0): 0.013845929884732358, (8, 1): 0.027380790290941207, (8, 2): 0.04030081193750659, (8, 3): 0.05231659326062862, (8, 4): 0.06315972156228512, (8, 5): 0.07258876890569659, (8, 6): 0.08039452881975938, (8, 7): 0.08640440780966677, (8, 8): 0.09048592939193639, (8, 9): 0.09254934198218599, (8, 10): 0.09254934198218598, (8, 11): 0.09048592939193639, (8, 12): 0.08640440780966677, (8, 13): 0.08039452881975938, (8, 14): 0.07258876890569659, (8, 15): 0.06315972156228514, (8, 16): 0.05231659326062862, (8, 17): 0.04030081193750659, (8, 18): 0.027380790290941207, (8, 19): 0.013845929884732358, (9, 0): 0.014161668102153104, (9, 1): 0.02800517319552069, (9, 2): 0.04121981894011956, (9, 3): 0.05350960435018005, (9, 4): 0.06459999592918456, (9, 5): 0.07424406029384119, (9, 6): 0.08222782029467302, (9, 7): 0.08837474666926202, (9, 8): 0.09254934198218599, (9, 9): 0.09465980798224427, (9, 10): 0.09465980798224426, (9, 11): 0.09254934198218599, (9, 12): 0.08837474666926204, (9, 13): 0.08222782029467303, (9, 14): 0.07424406029384117, (9, 15): 0.06459999592918456, (9, 16): 0.05350960435018004, (9, 17): 0.04121981894011956, (9, 18): 0.02800517319552069, (9, 19): 0.014161668102153104, (10, 0): 0.014161668102153108, (10, 1): 0.028005173195520698, (10, 2): 0.041219818940119564, (10, 3): 0.05350960435018005, (10, 4): 0.06459999592918456, (10, 5): 0.07424406029384119, (10, 6): 0.08222782029467303, (10, 7): 0.08837474666926204, (10, 8): 0.09254934198218599, (10, 9): 0.09465980798224428, (10, 10): 0.09465980798224428, (10, 11): 0.09254934198218599, (10, 12): 0.08837474666926202, (10, 13): 0.08222782029467303, (10, 14): 0.07424406029384117, (10, 15): 0.06459999592918454, (10, 16): 0.05350960435018003, (10, 17): 0.04121981894011956, (10, 18): 0.028005173195520688, (10, 19): 0.014161668102153104, (11, 0): 0.013845929884732358, (11, 1): 0.02738079029094121, (11, 2): 0.04030081193750659, (11, 3): 0.052316593260628624, (11, 4): 0.06315972156228514, (11, 5): 0.07258876890569661, (11, 6): 0.08039452881975939, (11, 7): 0.08640440780966678, (11, 8): 0.09048592939193639, (11, 9): 0.09254934198218599, (11, 10): 0.09254934198218599, (11, 11): 0.09048592939193642, (11, 12): 0.08640440780966675, (11, 13): 0.08039452881975939, (11, 14): 0.0725887689056966, (11, 15): 0.06315972156228512, (11, 16): 0.05231659326062862, (11, 17): 0.04030081193750659, (11, 18): 0.027380790290941204, (11, 19): 0.013845929884732358, (12, 0): 0.013221385692824402, (12, 1): 0.026145733224466138, (12, 2): 0.038482975343339054, (12, 3): 0.049956764434876344, (12, 4): 0.060310795011837615, (12, 5): 0.06931452915472174, (12, 6): 0.07676819700574934, (12, 7): 0.08250699019293607, (12, 8): 0.08640440780966677, (12, 9): 0.08837474666926202, (12, 10): 0.08837474666926202, (12, 11): 0.08640440780966675, (12, 12): 0.08250699019293607, (12, 13): 0.07676819700574931, (12, 14): 0.06931452915472171, (12, 15): 0.06031079501183759, (12, 16): 0.04995676443487632, (12, 17): 0.03848297534333904, (12, 18): 0.02614573322446613, (12, 19): 0.013221385692824399, (13, 0): 0.012301769088683084, (13, 1): 0.02432716057563117, (13, 2): 0.03580628290544259, (13, 3): 0.04648200988714219, (13, 4): 0.056115863422182034, (13, 5): 0.06449334071049426, (13, 6): 0.07142856693393364, (13, 7): 0.07676819700574933, (13, 8): 0.08039452881975938, (13, 9): 0.08222782029467302, (13, 10): 0.082227820294673, (13, 11): 0.08039452881975938, (13, 12): 0.07676819700574933, (13, 13): 0.07142856693393365, (13, 14): 0.06449334071049423, (13, 15): 0.05611586342218203, (13, 16): 0.04648200988714218, (13, 17): 0.03580628290544258, (13, 18): 0.024327160575631165, (13, 19): 0.012301769088683082, (14, 0): 0.011107351291424993, (14, 1): 0.021965159359479274, (14, 2): 0.03232973727630519, (14, 3): 0.041968924048731884, (14, 4): 0.050667396173547166, (14, 5): 0.05823147760821011, (14, 6): 0.06449334071049426, (14, 7): 0.06931452915472174, (14, 8): 0.0725887689056966, (14, 9): 0.07424406029384117, (14, 10): 0.07424406029384117, (14, 11): 0.0725887689056966, (14, 12): 0.06931452915472172, (14, 13): 0.06449334071049423, (14, 14): 0.0582314776082101, (14, 15): 0.05066739617354716, (14, 16): 0.04196892404873188, (14, 17): 0.03232973727630518, (14, 18): 0.021965159359479267, (14, 19): 0.011107351291424991, (15, 0): 0.009664542124585274, (15, 1): 0.019111955886981006, (15, 2): 0.028130208506580955, (15, 3): 0.03651729595566366, (15, 4): 0.044085864560737716, (15, 5): 0.050667396173547166, (15, 6): 0.056115863422182034, (15, 7): 0.0603107950118376, (15, 8): 0.06315972156228511, (15, 9): 0.06459999592918453, (15, 10): 0.06459999592918454, (15, 11): 0.06315972156228511, (15, 12): 0.0603107950118376, (15, 13): 0.05611586342218203, (15, 14): 0.05066739617354716, (15, 15): 0.04408586456073771, (15, 16): 0.036517295955663644, (15, 17): 0.028130208506580948, (15, 18): 0.019111955886981, (15, 19): 0.009664542124585274, (16, 0): 0.008005353837469422, (16, 1): 0.015830855453791624, (16, 2): 0.023300873410662098, (16, 3): 0.030248083307435863, (16, 4): 0.03651729595566365, (16, 5): 0.041968924048731884, (16, 6): 0.046482009887142184, (16, 7): 0.04995676443487633, (16, 8): 0.05231659326062862, (16, 9): 0.05350960435018004, (16, 10): 0.05350960435018004, (16, 11): 0.05231659326062862, (16, 12): 0.04995676443487633, (16, 13): 0.046482009887142184, (16, 14): 0.04196892404873188, (16, 15): 0.036517295955663644, (16, 16): 0.03024808330743586, (16, 17): 0.023300873410662094, (16, 18): 0.015830855453791627, (16, 19): 0.00800535383746942, (17, 0): 0.006166729127216404, (17, 1): 0.012194913481364571, (17, 2): 0.017949259666520147, (17, 3): 0.023300873410662094, (17, 4): 0.02813020850658095, (17, 5): 0.03232973727630519, (17, 6): 0.03580628290544259, (17, 7): 0.038482975343339054, (17, 8): 0.0403008119375066, (17, 9): 0.041219818940119564, (17, 10): 0.041219818940119564, (17, 11): 0.04030081193750659, (17, 12): 0.03848297534333906, (17, 13): 0.03580628290544259, (17, 14): 0.03232973727630518, (17, 15): 0.028130208506580948, (17, 16): 0.023300873410662094, (17, 17): 0.017949259666520147, (17, 18): 0.01219491348136457, (17, 19): 0.006166729127216403, (18, 0): 0.00418973983142529, (18, 1): 0.008285350904770726, (18, 2): 0.01219491348136457, (18, 3): 0.015830855453791624, (18, 4): 0.019111955886981006, (18, 5): 0.021965159359479274, (18, 6): 0.02432716057563117, (18, 7): 0.02614573322446613, (18, 8): 0.027380790290941204, (18, 9): 0.028005173195520688, (18, 10): 0.02800517319552069, (18, 11): 0.027380790290941207, (18, 12): 0.026145733224466134, (18, 13): 0.02432716057563117, (18, 14): 0.02196515935947927, (18, 15): 0.019111955886981002, (18, 16): 0.015830855453791627, (18, 17): 0.012194913481364571, (18, 18): 0.008285350904770726, (18, 19): 0.00418973983142529, (19, 0): 0.002118669451275025, (19, 1): 0.004189739831425291, (19, 2): 0.006166729127216403, (19, 3): 0.008005353837469422, (19, 4): 0.009664542124585274, (19, 5): 0.011107351291424993, (19, 6): 0.012301769088683082, (19, 7): 0.013221385692824402, (19, 8): 0.013845929884732358, (19, 9): 0.014161668102153104, (19, 10): 0.014161668102153104, (19, 11): 0.013845929884732358, (19, 12): 0.013221385692824402, (19, 13): 0.012301769088683082, (19, 14): 0.011107351291424991, (19, 15): 0.009664542124585274, (19, 16): 0.008005353837469422, (19, 17): 0.006166729127216403, (19, 18): 0.00418973983142529, (19, 19): 0.002118669451275025}
closeness centrality: {(0, 0): 0.07777777777777778, (0, 1): 0.08075288403157256, (0, 2): 0.08359522313010685, (0, 3): 0.08625162127107652, (0, 4): 0.08866666666666667, (0, 5): 0.09078498293515358, (0, 6): 0.09255393180236604, (0, 7): 0.09392655367231638, (0, 8): 0.09486447931526391, (0, 9): 0.0953405017921147, (0, 10): 0.0953405017921147, (0, 11): 0.09486447931526391, (0, 12): 0.09392655367231638, (0, 13): 0.09255393180236604, (0, 14): 0.09078498293515358, (0, 15): 0.08866666666666667, (0, 16): 0.08625162127107652, (0, 17): 0.08359522313010685, (0, 18): 0.08075288403157256, (0, 19): 0.07777777777777778, (1, 0): 0.08075288403157256, (1, 1): 0.08428390367553866, (1, 2): 0.0876923076923077, (1, 3): 0.09090909090909091, (1, 4): 0.09386026817219478, (1, 5): 0.09647001934235977, (1, 6): 0.09866468842729971, (1, 7): 0.10037735849056603, (1, 8): 0.10155255790277425, (1, 9): 0.10215053763440861, (1, 10): 0.10215053763440861, (1, 11): 0.10155255790277425, (1, 12): 0.10037735849056603, (1, 13): 0.09866468842729971, (1, 14): 0.09647001934235977, (1, 15): 0.09386026817219478, (1, 16): 0.09090909090909091, (1, 17): 0.0876923076923077, (1, 18): 0.08428390367553866, (1, 19): 0.08075288403157256, (2, 0): 0.08359522313010685, (2, 1): 0.0876923076923077, (2, 2): 0.09172413793103448, (2, 3): 0.0955688622754491, (2, 4): 0.09913043478260869, (2, 5): 0.10230769230769231, (2, 6): 0.105, (2, 7): 0.10711409395973154, (2, 8): 0.10857142857142857, (2, 9): 0.10931506849315069, (2, 10): 0.10931506849315069, (2, 11): 0.10857142857142857, (2, 12): 0.10711409395973154, (2, 13): 0.105, (2, 14): 0.10230769230769231, (2, 15): 0.09913043478260869, (2, 16): 0.0955688622754491, (2, 17): 0.09172413793103448, (2, 18): 0.0876923076923077, (2, 19): 0.08359522313010685, (3, 0): 0.08625162127107652, (3, 1): 0.09090909090909091, (3, 2): 0.0955688622754491, (3, 3): 0.10010035122930255, (3, 4): 0.10434100418410042, (3, 5): 0.10815939278937381, (3, 6): 0.11142139067299638, (3, 7): 0.114, (3, 8): 0.11578641903656413, (3, 9): 0.11670078970459198, (3, 10): 0.11670078970459198, (3, 11): 0.11578641903656413, (3, 12): 0.114, (3, 13): 0.11142139067299638, (3, 14): 0.10815939278937381, (3, 15): 0.10434100418410042, (3, 16): 0.10010035122930255, (3, 17): 0.0955688622754491, (3, 18): 0.09090909090909091, (3, 19): 0.08625162127107652, (4, 0): 0.08866666666666667, (4, 1): 0.09386026817219478, (4, 2): 0.09913043478260869, (4, 3): 0.10434100418410042, (4, 4): 0.10931506849315069, (4, 5): 0.11383737517831669, (4, 6): 0.11773384479197403, (4, 7): 0.1208358570563295, (4, 8): 0.12299630086313193, (4, 9): 0.12410575427682737, (4, 10): 0.12410575427682737, (4, 11): 0.12299630086313193, (4, 12): 0.1208358570563295, (4, 13): 0.11773384479197403, (4, 14): 0.11383737517831669, (4, 15): 0.10931506849315069, (4, 16): 0.10434100418410042, (4, 17): 0.09913043478260869, (4, 18): 0.09386026817219478, (4, 19): 0.08866666666666667, (5, 0): 0.09078498293515358, (5, 1): 0.09647001934235977, (5, 2): 0.10230769230769231, (5, 3): 0.10815939278937381, (5, 4): 0.11383737517831669, (5, 5): 0.1191044776119403, (5, 6): 0.12368257904525728, (5, 7): 0.12735397382700286, (5, 8): 0.1299251058287203, (5, 9): 0.13125, (5, 10): 0.13125, (5, 11): 0.1299251058287203, (5, 12): 0.12735397382700286, (5, 13): 0.12368257904525728, (5, 14): 0.1191044776119403, (5, 15): 0.11383737517831669, (5, 16): 0.10815939278937381, (5, 17): 0.10230769230769231, (5, 18): 0.09647001934235977, (5, 19): 0.09078498293515358, (6, 0): 0.09255393180236604, (6, 1): 0.09866468842729971, (6, 2): 0.105, (6, 3): 0.11142139067299638, (6, 4): 0.11773384479197403, (6, 5): 0.12368257904525728, (6, 6): 0.12895927601809956, (6, 7): 0.1332220367278798, (6, 8): 0.13622396722430863, (6, 9): 0.13777624309392264, (6, 10): 0.13777624309392264, (6, 11): 0.13622396722430863, (6, 12): 0.1332220367278798, (6, 13): 0.12895927601809956, (6, 14): 0.12368257904525728, (6, 15): 0.11773384479197403, (6, 16): 0.11142139067299638, (6, 17): 0.105, (6, 18): 0.09866468842729971, (6, 19): 0.09255393180236604, (7, 0): 0.09392655367231638, (7, 1): 0.10037735849056603, (7, 2): 0.10711409395973154, (7, 3): 0.114, (7, 4): 0.1208358570563295, (7, 5): 0.12735397382700286, (7, 6): 0.1332220367278798, (7, 7): 0.13806228373702423, (7, 8): 0.14148936170212767, (7, 9): 0.14326750448833034, (7, 10): 0.14326750448833034, (7, 11): 0.14148936170212767, (7, 12): 0.13806228373702423, (7, 13): 0.1332220367278798, (7, 14): 0.12735397382700286, (7, 15): 0.1208358570563295, (7, 16): 0.114, (7, 17): 0.10711409395973154, (7, 18): 0.10037735849056603, (7, 19): 0.09392655367231638, (8, 0): 0.09486447931526391, (8, 1): 0.10155255790277425, (8, 2): 0.10857142857142857, (8, 3): 0.11578641903656413, (8, 4): 0.12299630086313193, (8, 5): 0.1299251058287203, (8, 6): 0.13622396722430863, (8, 7): 0.14148936170212767, (8, 8): 0.1453022578295703, (8, 9): 0.14728682170542637, (8, 10): 0.14728682170542637, (8, 11): 0.1453022578295703, (8, 12): 0.14148936170212767, (8, 13): 0.13622396722430863, (8, 14): 0.1299251058287203, (8, 15): 0.12299630086313193, (8, 16): 0.11578641903656413, (8, 17): 0.10857142857142857, (8, 18): 0.10155255790277425, (8, 19): 0.09486447931526391, (9, 0): 0.0953405017921147, (9, 1): 0.10215053763440861, (9, 2): 0.10931506849315069, (9, 3): 0.11670078970459198, (9, 4): 0.12410575427682737, (9, 5): 0.13125, (9, 6): 0.13777624309392264, (9, 7): 0.14326750448833034, (9, 8): 0.14728682170542637, (9, 9): 0.149438202247191, (9, 10): 0.149438202247191, (9, 11): 0.14728682170542637, (9, 12): 0.14326750448833034, (9, 13): 0.13777624309392264, (9, 14): 0.13125, (9, 15): 0.12410575427682737, (9, 16): 0.11670078970459198, (9, 17): 0.10931506849315069, (9, 18): 0.10215053763440861, (9, 19): 0.0953405017921147, (10, 0): 0.0953405017921147, (10, 1): 0.10215053763440861, (10, 2): 0.10931506849315069, (10, 3): 0.11670078970459198, (10, 4): 0.12410575427682737, (10, 5): 0.13125, (10, 6): 0.13777624309392264, (10, 7): 0.14326750448833034, (10, 8): 0.14728682170542637, (10, 9): 0.149438202247191, (10, 10): 0.149438202247191, (10, 11): 0.14728682170542637, (10, 12): 0.14326750448833034, (10, 13): 0.13777624309392264, (10, 14): 0.13125, (10, 15): 0.12410575427682737, (10, 16): 0.11670078970459198, (10, 17): 0.10931506849315069, (10, 18): 0.10215053763440861, (10, 19): 0.0953405017921147, (11, 0): 0.09486447931526391, (11, 1): 0.10155255790277425, (11, 2): 0.10857142857142857, (11, 3): 0.11578641903656413, (11, 4): 0.12299630086313193, (11, 5): 0.1299251058287203, (11, 6): 0.13622396722430863, (11, 7): 0.14148936170212767, (11, 8): 0.1453022578295703, (11, 9): 0.14728682170542637, (11, 10): 0.14728682170542637, (11, 11): 0.1453022578295703, (11, 12): 0.14148936170212767, (11, 13): 0.13622396722430863, (11, 14): 0.1299251058287203, (11, 15): 0.12299630086313193, (11, 16): 0.11578641903656413, (11, 17): 0.10857142857142857, (11, 18): 0.10155255790277425, (11, 19): 0.09486447931526391, (12, 0): 0.09392655367231638, (12, 1): 0.10037735849056603, (12, 2): 0.10711409395973154, (12, 3): 0.114, (12, 4): 0.1208358570563295, (12, 5): 0.12735397382700286, (12, 6): 0.1332220367278798, (12, 7): 0.13806228373702423, (12, 8): 0.14148936170212767, (12, 9): 0.14326750448833034, (12, 10): 0.14326750448833034, (12, 11): 0.14148936170212767, (12, 12): 0.13806228373702423, (12, 13): 0.1332220367278798, (12, 14): 0.12735397382700286, (12, 15): 0.1208358570563295, (12, 16): 0.114, (12, 17): 0.10711409395973154, (12, 18): 0.10037735849056603, (12, 19): 0.09392655367231638, (13, 0): 0.09255393180236604, (13, 1): 0.09866468842729971, (13, 2): 0.105, (13, 3): 0.11142139067299638, (13, 4): 0.11773384479197403, (13, 5): 0.12368257904525728, (13, 6): 0.12895927601809956, (13, 7): 0.1332220367278798, (13, 8): 0.13622396722430863, (13, 9): 0.13777624309392264, (13, 10): 0.13777624309392264, (13, 11): 0.13622396722430863, (13, 12): 0.1332220367278798, (13, 13): 0.12895927601809956, (13, 14): 0.12368257904525728, (13, 15): 0.11773384479197403, (13, 16): 0.11142139067299638, (13, 17): 0.105, (13, 18): 0.09866468842729971, (13, 19): 0.09255393180236604, (14, 0): 0.09078498293515358, (14, 1): 0.09647001934235977, (14, 2): 0.10230769230769231, (14, 3): 0.10815939278937381, (14, 4): 0.11383737517831669, (14, 5): 0.1191044776119403, (14, 6): 0.12368257904525728, (14, 7): 0.12735397382700286, (14, 8): 0.1299251058287203, (14, 9): 0.13125, (14, 10): 0.13125, (14, 11): 0.1299251058287203, (14, 12): 0.12735397382700286, (14, 13): 0.12368257904525728, (14, 14): 0.1191044776119403, (14, 15): 0.11383737517831669, (14, 16): 0.10815939278937381, (14, 17): 0.10230769230769231, (14, 18): 0.09647001934235977, (14, 19): 0.09078498293515358, (15, 0): 0.08866666666666667, (15, 1): 0.09386026817219478, (15, 2): 0.09913043478260869, (15, 3): 0.10434100418410042, (15, 4): 0.10931506849315069, (15, 5): 0.11383737517831669, (15, 6): 0.11773384479197403, (15, 7): 0.1208358570563295, (15, 8): 0.12299630086313193, (15, 9): 0.12410575427682737, (15, 10): 0.12410575427682737, (15, 11): 0.12299630086313193, (15, 12): 0.1208358570563295, (15, 13): 0.11773384479197403, (15, 14): 0.11383737517831669, (15, 15): 0.10931506849315069, (15, 16): 0.10434100418410042, (15, 17): 0.09913043478260869, (15, 18): 0.09386026817219478, (15, 19): 0.08866666666666667, (16, 0): 0.08625162127107652, (16, 1): 0.09090909090909091, (16, 2): 0.0955688622754491, (16, 3): 0.10010035122930255, (16, 4): 0.10434100418410042, (16, 5): 0.10815939278937381, (16, 6): 0.11142139067299638, (16, 7): 0.114, (16, 8): 0.11578641903656413, (16, 9): 0.11670078970459198, (16, 10): 0.11670078970459198, (16, 11): 0.11578641903656413, (16, 12): 0.114, (16, 13): 0.11142139067299638, (16, 14): 0.10815939278937381, (16, 15): 0.10434100418410042, (16, 16): 0.10010035122930255, (16, 17): 0.0955688622754491, (16, 18): 0.09090909090909091, (16, 19): 0.08625162127107652, (17, 0): 0.08359522313010685, (17, 1): 0.0876923076923077, (17, 2): 0.09172413793103448, (17, 3): 0.0955688622754491, (17, 4): 0.09913043478260869, (17, 5): 0.10230769230769231, (17, 6): 0.105, (17, 7): 0.10711409395973154, (17, 8): 0.10857142857142857, (17, 9): 0.10931506849315069, (17, 10): 0.10931506849315069, (17, 11): 0.10857142857142857, (17, 12): 0.10711409395973154, (17, 13): 0.105, (17, 14): 0.10230769230769231, (17, 15): 0.09913043478260869, (17, 16): 0.0955688622754491, (17, 17): 0.09172413793103448, (17, 18): 0.0876923076923077, (17, 19): 0.08359522313010685, (18, 0): 0.08075288403157256, (18, 1): 0.08428390367553866, (18, 2): 0.0876923076923077, (18, 3): 0.09090909090909091, (18, 4): 0.09386026817219478, (18, 5): 0.09647001934235977, (18, 6): 0.09866468842729971, (18, 7): 0.10037735849056603, (18, 8): 0.10155255790277425, (18, 9): 0.10215053763440861, (18, 10): 0.10215053763440861, (18, 11): 0.10155255790277425, (18, 12): 0.10037735849056603, (18, 13): 0.09866468842729971, (18, 14): 0.09647001934235977, (18, 15): 0.09386026817219478, (18, 16): 0.09090909090909091, (18, 17): 0.0876923076923077, (18, 18): 0.08428390367553866, (18, 19): 0.08075288403157256, (19, 0): 0.07777777777777778, (19, 1): 0.08075288403157256, (19, 2): 0.08359522313010685, (19, 3): 0.08625162127107652, (19, 4): 0.08866666666666667, (19, 5): 0.09078498293515358, (19, 6): 0.09255393180236604, (19, 7): 0.09392655367231638, (19, 8): 0.09486447931526391, (19, 9): 0.0953405017921147, (19, 10): 0.0953405017921147, (19, 11): 0.09486447931526391, (19, 12): 0.09392655367231638, (19, 13): 0.09255393180236604, (19, 14): 0.09078498293515358, (19, 15): 0.08866666666666667, (19, 16): 0.08625162127107652, (19, 17): 0.08359522313010685, (19, 18): 0.08075288403157256, (19, 19): 0.07777777777777778}
betweenness centrality: {(0, 0): 0.0, (0, 1): 0.000997561391389168, (0, 2): 0.0015873376344226354, (0, 3): 0.0019608491511275117, (0, 4): 0.0022150662529732065, (0, 5): 0.0023914409533702737, (0, 6): 0.0025140040108924218, (0, 7): 0.0025966194062355037, (0, 8): 0.0026477297199608086, (0, 9): 0.002672171909814955, (0, 10): 0.002672171909814955, (0, 11): 0.002647729719960809, (0, 12): 0.002596619406235504, (0, 13): 0.002514004010892421, (0, 14): 0.0023914409533702732, (0, 15): 0.002215066252973207, (0, 16): 0.0019608491511275117, (0, 17): 0.0015873376344226358, (0, 18): 0.000997561391389168, (0, 19): 0.0, (1, 0): 0.0009975613913891686, (1, 1): 0.00608212927894036, (1, 2): 0.007841189619246819, (1, 3): 0.009162892923585903, (1, 4): 0.010121711178049516, (1, 5): 0.010824245512529968, (1, 6): 0.011332450871253572, (1, 7): 0.011686262168681493, (1, 8): 0.011910252176753663, (1, 9): 0.012018898198979997, (1, 10): 0.012018898198979996, (1, 11): 0.011910252176753662, (1, 12): 0.011686262168681493, (1, 13): 0.011332450871253574, (1, 14): 0.01082424551252997, (1, 15): 0.010121711178049515, (1, 16): 0.009162892923585905, (1, 17): 0.00784118961924682, (1, 18): 0.006082129278940359, (1, 19): 0.0009975613913891684, (2, 0): 0.001587337634422635, (2, 1): 0.007841189619246817, (2, 2): 0.012083875871087054, (2, 3): 0.01434413586727955, (2, 4): 0.016128775751135385, (2, 5): 0.017480278593748202, (2, 6): 0.018483166543434064, (2, 7): 0.01919379130002142, (2, 8): 0.019649330039382344, (2, 9): 0.01987190085189101, (2, 10): 0.019871900851891014, (2, 11): 0.01964933003938234, (2, 12): 0.019193791300021423, (2, 13): 0.018483166543434067, (2, 14): 0.017480278593748195, (2, 15): 0.01612877575113538, (2, 16): 0.014344135867279542, (2, 17): 0.012083875871087049, (2, 18): 0.007841189619246814, (2, 19): 0.0015873376344226352, (3, 0): 0.0019608491511275117, (3, 1): 0.009162892923585913, (3, 2): 0.014344135867279551, (3, 3): 0.01822151690007306, (3, 4): 0.020737543036041042, (3, 5): 0.02271747484683271, (3, 6): 0.024208078936386122, (3, 7): 0.025275576362948835, (3, 8): 0.02596460965127518, (3, 9): 0.026302661165223833, (3, 10): 0.026302661165223826, (3, 11): 0.025964609651275186, (3, 12): 0.025275576362948842, (3, 13): 0.024208078936386126, (3, 14): 0.022717474846832716, (3, 15): 0.020737543036041032, (3, 16): 0.018221516900073065, (3, 17): 0.014344135867279555, (3, 18): 0.009162892923585915, (3, 19): 0.0019608491511275117, (4, 0): 0.002215066252973208, (4, 1): 0.010121711178049523, (4, 2): 0.01612877575113538, (4, 3): 0.020737543036041042, (4, 4): 0.02445229997114623, (4, 5): 0.027035995248357057, (4, 6): 0.029012182388010954, (4, 7): 0.030434320304493154, (4, 8): 0.03135539569816633, (4, 9): 0.03180813077016464, (4, 10): 0.031808130770164644, (4, 11): 0.031355395698166325, (4, 12): 0.030434320304493154, (4, 13): 0.029012182388010944, (4, 14): 0.027035995248357047, (4, 15): 0.024452299971146226, (4, 16): 0.020737543036041035, (4, 17): 0.01612877575113538, (4, 18): 0.010121711178049522, (4, 19): 0.0022150662529732074, (5, 0): 0.002391440953370274, (5, 1): 0.01082424551252997, (5, 2): 0.017480278593748202, (5, 3): 0.022717474846832723, (5, 4): 0.02703599524835705, (5, 5): 0.03057379394091257, (5, 6): 0.03305370217859258, (5, 7): 0.034849955063812575, (5, 8): 0.03601467750567329, (5, 9): 0.036587601463615685, (5, 10): 0.036587601463615685, (5, 11): 0.03601467750567329, (5, 12): 0.03484995506381257, (5, 13): 0.03305370217859258, (5, 14): 0.03057379394091258, (5, 15): 0.027035995248357047, (5, 16): 0.02271747484683273, (5, 17): 0.017480278593748205, (5, 18): 0.01082424551252997, (5, 19): 0.002391440953370274, (6, 0): 0.0025140040108924213, (6, 1): 0.01133245087125358, (6, 2): 0.01848316654343407, (6, 3): 0.024208078936386112, (6, 4): 0.029012182388010954, (6, 5): 0.033053702178592555, (6, 6): 0.03629944437532371, (6, 7): 0.03849447012245526, (6, 8): 0.03992201652159115, (6, 9): 0.04062430094015885, (6, 10): 0.04062430094015884, (6, 11): 0.039922016521591136, (6, 12): 0.03849447012245527, (6, 13): 0.036299444375323724, (6, 14): 0.03305370217859256, (6, 15): 0.02901218238801095, (6, 16): 0.024208078936386112, (6, 17): 0.01848316654343407, (6, 18): 0.011332450871253582, (6, 19): 0.002514004010892422, (7, 0): 0.0025966194062355037, (7, 1): 0.011686262168681495, (7, 2): 0.01919379130002143, (7, 3): 0.025275576362948825, (7, 4): 0.030434320304493195, (7, 5): 0.03484995506381254, (7, 6): 0.03849447012245526, (7, 7): 0.04128538703966104, (7, 8): 0.04299300188971048, (7, 9): 0.04383450017273393, (7, 10): 0.04383450017273394, (7, 11): 0.042993001889710475, (7, 12): 0.04128538703966105, (7, 13): 0.03849447012245527, (7, 14): 0.034849955063812554, (7, 15): 0.030434320304493195, (7, 16): 0.025275576362948828, (7, 17): 0.01919379130002143, (7, 18): 0.011686262168681502, (7, 19): 0.002596619406235504, (8, 0): 0.002647729719960809, (8, 1): 0.01191025217675367, (8, 2): 0.019649330039382358, (8, 3): 0.025964609651275172, (8, 4): 0.03135539569816636, (8, 5): 0.03601467750567323, (8, 6): 0.039922016521591164, (8, 7): 0.04299300188971047, (8, 8): 0.04513375199970383, (8, 9): 0.046122417783659594, (8, 10): 0.0461224177836596, (8, 11): 0.04513375199970383, (8, 12): 0.042993001889710475, (8, 13): 0.03992201652159117, (8, 14): 0.03601467750567323, (8, 15): 0.03135539569816635, (8, 16): 0.02596460965127517, (8, 17): 0.019649330039382355, (8, 18): 0.011910252176753672, (8, 19): 0.00264772971996081, (9, 0): 0.002672171909814955, (9, 1): 0.012018898198979997, (9, 2): 0.019871900851891024, (9, 3): 0.026302661165223826, (9, 4): 0.031808130770164665, (9, 5): 0.03658760146361571, (9, 6): 0.04062430094015886, (9, 7): 0.04383450017273391, (9, 8): 0.046122417783659574, (9, 9): 0.047383839405700096, (9, 10): 0.047383839405700096, (9, 11): 0.04612241778365955, (9, 12): 0.043834500172733916, (9, 13): 0.04062430094015888, (9, 14): 0.03658760146361572, (9, 15): 0.031808130770164665, (9, 16): 0.02630266116522382, (9, 17): 0.01987190085189102, (9, 18): 0.01201889819898, (9, 19): 0.0026721719098149552, (10, 0): 0.002672171909814955, (10, 1): 0.01201889819898, (10, 2): 0.019871900851891004, (10, 3): 0.026302661165223836, (10, 4): 0.03180813077016467, (10, 5): 0.03658760146361569, (10, 6): 0.04062430094015886, (10, 7): 0.04383450017273391, (10, 8): 0.04612241778365958, (10, 9): 0.047383839405700096, (10, 10): 0.0473838394057001, (10, 11): 0.04612241778365959, (10, 12): 0.04383450017273393, (10, 13): 0.040624300940158876, (10, 14): 0.036587601463615685, (10, 15): 0.03180813077016465, (10, 16): 0.02630266116522382, (10, 17): 0.019871900851891, (10, 18): 0.012018898198980003, (10, 19): 0.002672171909814955, (11, 0): 0.0026477297199608086, (11, 1): 0.011910252176753672, (11, 2): 0.019649330039382337, (11, 3): 0.02596460965127517, (11, 4): 0.03135539569816634, (11, 5): 0.03601467750567323, (11, 6): 0.03992201652159118, (11, 7): 0.042993001889710454, (11, 8): 0.04513375199970384, (11, 9): 0.04612241778365953, (11, 10): 0.04612241778365954, (11, 11): 0.04513375199970383, (11, 12): 0.042993001889710454, (11, 13): 0.0399220165215912, (11, 14): 0.036014677505673234, (11, 15): 0.03135539569816634, (11, 16): 0.02596460965127517, (11, 17): 0.01964933003938234, (11, 18): 0.011910252176753674, (11, 19): 0.002647729719960808, (12, 0): 0.002596619406235504, (12, 1): 0.011686262168681495, (12, 2): 0.01919379130002143, (12, 3): 0.025275576362948846, (12, 4): 0.03043432030449323, (12, 5): 0.034849955063812575, (12, 6): 0.03849447012245528, (12, 7): 0.0412853870396611, (12, 8): 0.042993001889710475, (12, 9): 0.04383450017273391, (12, 10): 0.0438345001727339, (12, 11): 0.042993001889710475, (12, 12): 0.0412853870396611, (12, 13): 0.03849447012245527, (12, 14): 0.03484995506381258, (12, 15): 0.03043432030449323, (12, 16): 0.025275576362948846, (12, 17): 0.01919379130002143, (12, 18): 0.011686262168681495, (12, 19): 0.002596619406235504, (13, 0): 0.0025140040108924205, (13, 1): 0.011332450871253582, (13, 2): 0.0184831665434341, (13, 3): 0.024208078936386122, (13, 4): 0.02901218238801097, (13, 5): 0.03305370217859254, (13, 6): 0.0362994443753237, (13, 7): 0.038494470122455306, (13, 8): 0.039922016521591164, (13, 9): 0.04062430094015888, (13, 10): 0.04062430094015888, (13, 11): 0.03992201652159116, (13, 12): 0.03849447012245529, (13, 13): 0.0362994443753237, (13, 14): 0.03305370217859256, (13, 15): 0.029012182388010965, (13, 16): 0.024208078936386115, (13, 17): 0.01848316654343409, (13, 18): 0.011332450871253582, (13, 19): 0.0025140040108924205, (14, 0): 0.002391440953370275, (14, 1): 0.01082424551252997, (14, 2): 0.017480278593748205, (14, 3): 0.022717474846832696, (14, 4): 0.02703599524835705, (14, 5): 0.030573793940912596, (14, 6): 0.03305370217859257, (14, 7): 0.03484995506381258, (14, 8): 0.03601467750567323, (14, 9): 0.036587601463615685, (14, 10): 0.036587601463615685, (14, 11): 0.03601467750567323, (14, 12): 0.034849955063812575, (14, 13): 0.03305370217859258, (14, 14): 0.030573793940912586, (14, 15): 0.027035995248357047, (14, 16): 0.022717474846832692, (14, 17): 0.017480278593748212, (14, 18): 0.01082424551252997, (14, 19): 0.0023914409533702754, (15, 0): 0.002215066252973206, (15, 1): 0.010121711178049516, (15, 2): 0.016128775751135367, (15, 3): 0.020737543036041056, (15, 4): 0.024452299971146233, (15, 5): 0.027035995248357047, (15, 6): 0.02901218238801098, (15, 7): 0.030434320304493195, (15, 8): 0.03135539569816635, (15, 9): 0.03180813077016465, (15, 10): 0.031808130770164644, (15, 11): 0.031355395698166345, (15, 12): 0.0304343203044932, (15, 13): 0.029012182388010965, (15, 14): 0.027035995248357057, (15, 15): 0.024452299971146244, (15, 16): 0.020737543036041056, (15, 17): 0.016128775751135364, (15, 18): 0.010121711178049516, (15, 19): 0.0022150662529732057, (16, 0): 0.0019608491511275117, (16, 1): 0.009162892923585901, (16, 2): 0.014344135867279551, (16, 3): 0.01822151690007305, (16, 4): 0.020737543036041046, (16, 5): 0.022717474846832716, (16, 6): 0.024208078936386112, (16, 7): 0.025275576362948818, (16, 8): 0.025964609651275155, (16, 9): 0.02630266116522381, (16, 10): 0.026302661165223815, (16, 11): 0.025964609651275155, (16, 12): 0.02527557636294882, (16, 13): 0.024208078936386115, (16, 14): 0.022717474846832713, (16, 15): 0.020737543036041056, (16, 16): 0.01822151690007304, (16, 17): 0.014344135867279551, (16, 18): 0.009162892923585903, (16, 19): 0.0019608491511275117, (17, 0): 0.0015873376344226358, (17, 1): 0.007841189619246836, (17, 2): 0.012083875871087054, (17, 3): 0.014344135867279555, (17, 4): 0.016128775751135364, (17, 5): 0.017480278593748205, (17, 6): 0.01848316654343407, (17, 7): 0.019193791300021454, (17, 8): 0.019649330039382344, (17, 9): 0.01987190085189101, (17, 10): 0.019871900851891004, (17, 11): 0.01964933003938234, (17, 12): 0.019193791300021447, (17, 13): 0.018483166543434078, (17, 14): 0.0174802785937482, (17, 15): 0.016128775751135374, (17, 16): 0.014344135867279551, (17, 17): 0.012083875871087052, (17, 18): 0.007841189619246833, (17, 19): 0.0015873376344226356, (18, 0): 0.0009975613913891686, (18, 1): 0.006082129278940351, (18, 2): 0.007841189619246826, (18, 3): 0.009162892923585905, (18, 4): 0.010121711178049523, (18, 5): 0.010824245512529971, (18, 6): 0.01133245087125358, (18, 7): 0.011686262168681499, (18, 8): 0.01191025217675367, (18, 9): 0.012018898198979996, (18, 10): 0.01201889819898, (18, 11): 0.01191025217675367, (18, 12): 0.011686262168681499, (18, 13): 0.011332450871253584, (18, 14): 0.010824245512529976, (18, 15): 0.010121711178049523, (18, 16): 0.009162892923585906, (18, 17): 0.00784118961924683, (18, 18): 0.006082129278940353, (18, 19): 0.0009975613913891684, (19, 0): 0.0, (19, 1): 0.0009975613913891684, (19, 2): 0.0015873376344226347, (19, 3): 0.0019608491511275113, (19, 4): 0.002215066252973207, (19, 5): 0.0023914409533702763, (19, 6): 0.0025140040108924196, (19, 7): 0.0025966194062355045, (19, 8): 0.0026477297199608086, (19, 9): 0.002672171909814955, (19, 10): 0.002672171909814955, (19, 11): 0.002647729719960809, (19, 12): 0.0025966194062355045, (19, 13): 0.00251400401089242, (19, 14): 0.0023914409533702767, (19, 15): 0.0022150662529732057, (19, 16): 0.0019608491511275113, (19, 17): 0.0015873376344226352, (19, 18): 0.0009975613913891684, (19, 19): 0.0}
katz centrality: {(0, 0): 0.020963976800848987, (0, 1): 0.027612736056008714, (0, 2): 0.03009523496488383, (0, 3): 0.031070268491989326, (0, 4): 0.031465162672599446, (0, 5): 0.031628192737533756, (0, 6): 0.031696360136100055, (0, 7): 0.031725024396941956, (0, 8): 0.03173688736613869, (0, 9): 0.03174117278435415, (0, 10): 0.03174117278435415, (0, 11): 0.03173688736613869, (0, 12): 0.031725024396941956, (0, 13): 0.031696360136100055, (0, 14): 0.031628192737533756, (0, 15): 0.031465162672599446, (0, 16): 0.031070268491989326, (0, 17): 0.03009523496488383, (0, 18): 0.027612736056008693, (0, 19): 0.02096397680084898, (1, 0): 0.02761273605600871, (1, 1): 0.03867293839115674, (1, 2): 0.04304111684187311, (1, 3): 0.044813932362494716, (1, 4): 0.045545880572726474, (1, 5): 0.04585199505593449, (1, 6): 0.04598117143266135, (1, 7): 0.04603586023261326, (1, 8): 0.046058607296590476, (1, 9): 0.04606685144557123, (1, 10): 0.046066851445571225, (1, 11): 0.0460586072965905, (1, 12): 0.04603586023261326, (1, 13): 0.04598117143266134, (1, 14): 0.0458519950559345, (1, 15): 0.045545880572726474, (1, 16): 0.044813932362494695, (1, 17): 0.04304111684187311, (1, 18): 0.03867293839115673, (1, 19): 0.0276127360560087, (2, 0): 0.030095234964883817, (2, 1): 0.04304111684187311, (2, 2): 0.04852587387987131, (2, 3): 0.050837709925137635, (2, 4): 0.05181671877055024, (2, 5): 0.05223346820570937, (2, 6): 0.05241163852614865, (2, 7): 0.052487817530316186, (2, 8): 0.052519738135919446, (2, 9): 0.0525313635687342, (2, 10): 0.052531363568734196, (2, 11): 0.052519738135919425, (2, 12): 0.052487817530316165, (2, 13): 0.05241163852614866, (2, 14): 0.05223346820570937, (2, 15): 0.05181671877055021, (2, 16): 0.050837709925137635, (2, 17): 0.04852587387987131, (2, 18): 0.043041116841873096, (2, 19): 0.030095234964883828, (3, 0): 0.03107026849198933, (3, 1): 0.04481393236249469, (3, 2): 0.050837709925137635, (3, 3): 0.05345892464322972, (3, 4): 0.05459558475017753, (3, 5): 0.05508833468477648, (3, 6): 0.05530200075880284, (3, 7): 0.05539437985535694, (3, 8): 0.055433421559753025, (3, 9): 0.05544772236494333, (3, 10): 0.05544772236494333, (3, 11): 0.055433421559753046, (3, 12): 0.05539437985535694, (3, 13): 0.055302000758802816, (3, 14): 0.05508833468477647, (3, 15): 0.05459558475017749, (3, 16): 0.0534589246432297, (3, 17): 0.050837709925137635, (3, 18): 0.0448139323624947, (3, 19): 0.031070268491989326, (4, 0): 0.03146516267259943, (4, 1): 0.04554588057272645, (4, 2): 0.0518167187705502, (4, 3): 0.05459558475017751, (4, 4): 0.05582198815537939, (4, 5): 0.0563617608614991, (4, 6): 0.05659882931418194, (4, 7): 0.05670242110472397, (4, 8): 0.056746574118407764, (4, 9): 0.0567628414138128, (4, 10): 0.05676284141381282, (4, 11): 0.056746574118407785, (4, 12): 0.05670242110472397, (4, 13): 0.05659882931418192, (4, 14): 0.056361760861499105, (4, 15): 0.05582198815537936, (4, 16): 0.054595584750177506, (4, 17): 0.0518167187705502, (4, 18): 0.045545880572726447, (4, 19): 0.03146516267259944, (5, 0): 0.031628192737533756, (5, 1): 0.0458519950559345, (5, 2): 0.05223346820570937, (5, 3): 0.05508833468477648, (5, 4): 0.056361760861499105, (5, 5): 0.05692823881234215, (5, 6): 0.05717951377251591, (5, 7): 0.057290285786486275, (5, 8): 0.05733784837641915, (5, 9): 0.05735546321726648, (5, 10): 0.05735546321726648, (5, 11): 0.057337848376419163, (5, 12): 0.057290285786486275, (5, 13): 0.05717951377251591, (5, 14): 0.056928238812342144, (5, 15): 0.056361760861499105, (5, 16): 0.05508833468477648, (5, 17): 0.052233468205709364, (5, 18): 0.04585199505593449, (5, 19): 0.031628192737533756, (6, 0): 0.03169636013610005, (6, 1): 0.045981171432661345, (6, 2): 0.05241163852614867, (6, 3): 0.05530200075880283, (6, 4): 0.05659882931418194, (6, 5): 0.05717951377251591, (6, 6): 0.0574388345663326, (6, 7): 0.05755389600176138, (6, 8): 0.05760358310520435, (6, 9): 0.057622061511212866, (6, 10): 0.05762206151121285, (6, 11): 0.05760358310520434, (6, 12): 0.057553896001761404, (6, 13): 0.0574388345663326, (6, 14): 0.057179513772515914, (6, 15): 0.056598829314181934, (6, 16): 0.05530200075880283, (6, 17): 0.05241163852614866, (6, 18): 0.04598117143266135, (6, 19): 0.03169636013610004, (7, 0): 0.031725024396941956, (7, 1): 0.046035860232613246, (7, 2): 0.052487817530316165, (7, 3): 0.05539437985535695, (7, 4): 0.056702421104723955, (7, 5): 0.05729028578648629, (7, 6): 0.0575538960017614, (7, 7): 0.05767135822414097, (7, 8): 0.057722282679437534, (7, 9): 0.057741277750003046, (7, 10): 0.05774127775000303, (7, 11): 0.05772228267943755, (7, 12): 0.05767135822414097, (7, 13): 0.057553896001761376, (7, 14): 0.05729028578648629, (7, 15): 0.05670242110472395, (7, 16): 0.05539437985535695, (7, 17): 0.052487817530316165, (7, 18): 0.046035860232613246, (7, 19): 0.031725024396941956, (8, 0): 0.03173688736613867, (8, 1): 0.046058607296590476, (8, 2): 0.05251973813591944, (8, 3): 0.055433421559753025, (8, 4): 0.05674657411840778, (8, 5): 0.05733784837641917, (8, 6): 0.05760358310520435, (8, 7): 0.05772228267943755, (8, 8): 0.057773866596954826, (8, 9): 0.057793143420344584, (8, 10): 0.05779314342034457, (8, 11): 0.057773866596954826, (8, 12): 0.057722282679437534, (8, 13): 0.05760358310520435, (8, 14): 0.05733784837641917, (8, 15): 0.056746574118407785, (8, 16): 0.05543342155975302, (8, 17): 0.05251973813591944, (8, 18): 0.046058607296590476, (8, 19): 0.03173688736613869, (9, 0): 0.03174117278435414, (9, 1): 0.046066851445571225, (9, 2): 0.052531363568734196, (9, 3): 0.05544772236494334, (9, 4): 0.056762841413812826, (9, 5): 0.057355463217266485, (9, 6): 0.057622061511212866, (9, 7): 0.05774127775000305, (9, 8): 0.05779314342034459, (9, 9): 0.05781254254052128, (9, 10): 0.05781254254052128, (9, 11): 0.057793143420344605, (9, 12): 0.05774127775000307, (9, 13): 0.05762206151121289, (9, 14): 0.0573554632172665, (9, 15): 0.05676284141381284, (9, 16): 0.05544772236494334, (9, 17): 0.052531363568734196, (9, 18): 0.04606685144557122, (9, 19): 0.03174117278435415, (10, 0): 0.03174117278435414, (10, 1): 0.04606685144557121, (10, 2): 0.05253136356873418, (10, 3): 0.05544772236494333, (10, 4): 0.05676284141381282, (10, 5): 0.0573554632172665, (10, 6): 0.05762206151121287, (10, 7): 0.05774127775000303, (10, 8): 0.05779314342034457, (10, 9): 0.05781254254052126, (10, 10): 0.05781254254052128, (10, 11): 0.05779314342034459, (10, 12): 0.057741277750003046, (10, 13): 0.057622061511212894, (10, 14): 0.0573554632172665, (10, 15): 0.056762841413812805, (10, 16): 0.05544772236494335, (10, 17): 0.0525313635687342, (10, 18): 0.04606685144557122, (10, 19): 0.03174117278435413, (11, 0): 0.03173688736613869, (11, 1): 0.04605860729659047, (11, 2): 0.052519738135919404, (11, 3): 0.05543342155975302, (11, 4): 0.056746574118407785, (11, 5): 0.05733784837641915, (11, 6): 0.05760358310520434, (11, 7): 0.05772228267943755, (11, 8): 0.057773866596954826, (11, 9): 0.057793143420344605, (11, 10): 0.05779314342034459, (11, 11): 0.05777386659695485, (11, 12): 0.05772228267943755, (11, 13): 0.05760358310520435, (11, 14): 0.05733784837641917, (11, 15): 0.056746574118407785, (11, 16): 0.05543342155975302, (11, 17): 0.052519738135919446, (11, 18): 0.046058607296590476, (11, 19): 0.031736887366138666, (12, 0): 0.031725024396941956, (12, 1): 0.04603586023261326, (12, 2): 0.05248781753031615, (12, 3): 0.05539437985535695, (12, 4): 0.05670242110472397, (12, 5): 0.05729028578648627, (12, 6): 0.0575538960017614, (12, 7): 0.05767135822414097, (12, 8): 0.05772228267943753, (12, 9): 0.05774127775000305, (12, 10): 0.05774127775000305, (12, 11): 0.057722282679437534, (12, 12): 0.05767135822414098, (12, 13): 0.05755389600176138, (12, 14): 0.05729028578648629, (12, 15): 0.056702421104723975, (12, 16): 0.05539437985535695, (12, 17): 0.05248781753031617, (12, 18): 0.046035860232613246, (12, 19): 0.03172502439694195, (13, 0): 0.03169636013610006, (13, 1): 0.04598117143266135, (13, 2): 0.05241163852614866, (13, 3): 0.05530200075880283, (13, 4): 0.05659882931418194, (13, 5): 0.05717951377251591, (13, 6): 0.0574388345663326, (13, 7): 0.0575538960017614, (13, 8): 0.05760358310520435, (13, 9): 0.05762206151121289, (13, 10): 0.057622061511212866, (13, 11): 0.05760358310520434, (13, 12): 0.057553896001761404, (13, 13): 0.05743883456633262, (13, 14): 0.05717951377251593, (13, 15): 0.056598829314181934, (13, 16): 0.055302000758802816, (13, 17): 0.05241163852614865, (13, 18): 0.04598117143266133, (13, 19): 0.03169636013610005, (14, 0): 0.03162819273753375, (14, 1): 0.0458519950559345, (14, 2): 0.052233468205709385, (14, 3): 0.05508833468477647, (14, 4): 0.056361760861499084, (14, 5): 0.056928238812342165, (14, 6): 0.05717951377251589, (14, 7): 0.057290285786486275, (14, 8): 0.05733784837641915, (14, 9): 0.0573554632172665, (14, 10): 0.05735546321726648, (14, 11): 0.057337848376419184, (14, 12): 0.057290285786486296, (14, 13): 0.05717951377251593, (14, 14): 0.056928238812342165, (14, 15): 0.05636176086149911, (14, 16): 0.05508833468477647, (14, 17): 0.052233468205709364, (14, 18): 0.04585199505593449, (14, 19): 0.031628192737533756, (15, 0): 0.03146516267259944, (15, 1): 0.04554588057272647, (15, 2): 0.05181671877055022, (15, 3): 0.05459558475017753, (15, 4): 0.0558219881553794, (15, 5): 0.056361760861499126, (15, 6): 0.05659882931418196, (15, 7): 0.056702421104723975, (15, 8): 0.0567465741184078, (15, 9): 0.05676284141381284, (15, 10): 0.05676284141381282, (15, 11): 0.056746574118407785, (15, 12): 0.056702421104723955, (15, 13): 0.056598829314181955, (15, 14): 0.0563617608614991, (15, 15): 0.05582198815537937, (15, 16): 0.05459558475017753, (15, 17): 0.0518167187705502, (15, 18): 0.045545880572726474, (15, 19): 0.03146516267259945, (16, 0): 0.03107026849198933, (16, 1): 0.044813932362494716, (16, 2): 0.05083770992513766, (16, 3): 0.05345892464322973, (16, 4): 0.05459558475017753, (16, 5): 0.05508833468477648, (16, 6): 0.05530200075880285, (16, 7): 0.05539437985535697, (16, 8): 0.055433421559753046, (16, 9): 0.05544772236494335, (16, 10): 0.05544772236494334, (16, 11): 0.055433421559753046, (16, 12): 0.05539437985535697, (16, 13): 0.05530200075880284, (16, 14): 0.05508833468477647, (16, 15): 0.05459558475017753, (16, 16): 0.05345892464322972, (16, 17): 0.05083770992513764, (16, 18): 0.0448139323624947, (16, 19): 0.031070268491989326, (17, 0): 0.030095234964883828, (17, 1): 0.04304111684187312, (17, 2): 0.04852587387987133, (17, 3): 0.05083770992513766, (17, 4): 0.05181671877055022, (17, 5): 0.052233468205709364, (17, 6): 0.05241163852614867, (17, 7): 0.052487817530316186, (17, 8): 0.052519738135919425, (17, 9): 0.05253136356873418, (17, 10): 0.0525313635687342, (17, 11): 0.05251973813591944, (17, 12): 0.052487817530316165, (17, 13): 0.05241163852614866, (17, 14): 0.052233468205709364, (17, 15): 0.05181671877055023, (17, 16): 0.05083770992513764, (17, 17): 0.04852587387987131, (17, 18): 0.04304111684187311, (17, 19): 0.030095234964883828, (18, 0): 0.02761273605600872, (18, 1): 0.038672938391156736, (18, 2): 0.04304111684187312, (18, 3): 0.04481393236249471, (18, 4): 0.04554588057272646, (18, 5): 0.04585199505593451, (18, 6): 0.04598117143266134, (18, 7): 0.046035860232613246, (18, 8): 0.04605860729659048, (18, 9): 0.04606685144557124, (18, 10): 0.04606685144557122, (18, 11): 0.04605860729659048, (18, 12): 0.046035860232613246, (18, 13): 0.04598117143266135, (18, 14): 0.04585199505593451, (18, 15): 0.04554588057272648, (18, 16): 0.044813932362494695, (18, 17): 0.043041116841873096, (18, 18): 0.03867293839115673, (18, 19): 0.027612736056008693, (19, 0): 0.020963976800848994, (19, 1): 0.02761273605600871, (19, 2): 0.030095234964883817, (19, 3): 0.031070268491989326, (19, 4): 0.03146516267259946, (19, 5): 0.031628192737533756, (19, 6): 0.03169636013610004, (19, 7): 0.03172502439694194, (19, 8): 0.031736887366138666, (19, 9): 0.031741172784354135, (19, 10): 0.03174117278435414, (19, 11): 0.03173688736613867, (19, 12): 0.03172502439694196, (19, 13): 0.03169636013610006, (19, 14): 0.031628192737533756, (19, 15): 0.031465162672599446, (19, 16): 0.031070268491989347, (19, 17): 0.03009523496488383, (19, 18): 0.0276127360560087, (19, 19): 0.02096397680084899}
;
