100 342 3
4 2 1
0 2 1
10
param Vertices :=
1 0.0
2 0.1
3 0.2
4 0.3
5 0.4
6 0.5
7 0.6
8 0.7
9 0.8
10 0.9
11 1.0
12 1.1
13 1.2
14 1.3
15 1.4
16 1.5
17 1.6
18 1.7
19 1.8
20 1.9
21 2.0
22 2.1
23 2.2
24 2.3
25 2.4
26 2.5
27 2.6
28 2.7
29 2.8
30 2.9
31 3.0
32 3.1
33 3.2
34 3.3
35 3.4
36 3.5
37 3.6
38 3.7
39 3.8
40 3.9
41 4.0
42 4.1
43 4.2
44 4.3
45 4.4
46 4.5
47 4.6
48 4.7
49 4.8
50 4.9
51 5.0
52 5.1
53 5.2
54 5.3
55 5.4
56 5.5
57 5.6
58 5.7
59 5.8
60 5.9
61 6.0
62 6.1
63 6.2
64 6.3
65 6.4
66 6.5
67 6.6
68 6.7
69 6.8
70 6.9
71 7.0
72 7.1
73 7.2
74 7.3
75 7.4
76 7.5
77 7.6
78 7.7
79 7.8
80 7.9
81 8.0
82 8.1
83 8.2
84 8.3
85 8.4
86 8.5
87 8.6
88 8.7
89 8.8
90 8.9
91 9.0
92 9.1
93 9.2
94 9.3
95 9.4
96 9.5
97 9.6
98 9.7
99 9.8
100 9.9
;
param Edges :=
1 11
1 2
1 12
2 12
2 3
2 13
2 11
3 13
3 4
3 14
3 12
4 14
4 5
4 15
4 13
5 15
5 6
5 16
5 14
6 16
6 7
6 17
6 15
7 17
7 8
7 18
7 16
8 18
8 9
8 19
8 17
9 19
9 10
9 20
9 18
10 20
10 19
11 21
11 12
11 22
12 22
12 13
12 23
12 21
13 23
13 14
13 24
13 22
14 24
14 15
14 25
14 23
15 25
15 16
15 26
15 24
16 26
16 17
16 27
16 25
17 27
17 18
17 28
17 26
18 28
18 19
18 29
18 27
19 29
19 20
19 30
19 28
20 30
20 29
21 31
21 22
21 32
22 32
22 23
22 33
22 31
23 33
23 24
23 34
23 32
24 34
24 25
24 35
24 33
25 35
25 26
25 36
25 34
26 36
26 27
26 37
26 35
27 37
27 28
27 38
27 36
28 38
28 29
28 39
28 37
29 39
29 30
29 40
29 38
30 40
30 39
31 41
31 32
31 42
32 42
32 33
32 43
32 41
33 43
33 34
33 44
33 42
34 44
34 35
34 45
34 43
35 45
35 36
35 46
35 44
36 46
36 37
36 47
36 45
37 47
37 38
37 48
37 46
38 48
38 39
38 49
38 47
39 49
39 40
39 50
39 48
40 50
40 49
41 51
41 42
41 52
42 52
42 43
42 53
42 51
43 53
43 44
43 54
43 52
44 54
44 45
44 55
44 53
45 55
45 46
45 56
45 54
46 56
46 47
46 57
46 55
47 57
47 48
47 58
47 56
48 58
48 49
48 59
48 57
49 59
49 50
49 60
49 58
50 60
50 59
51 61
51 52
51 62
52 62
52 53
52 63
52 61
53 63
53 54
53 64
53 62
54 64
54 55
54 65
54 63
55 65
55 56
55 66
55 64
56 66
56 57
56 67
56 65
57 67
57 58
57 68
57 66
58 68
58 59
58 69
58 67
59 69
59 60
59 70
59 68
60 70
60 69
61 71
61 62
61 72
62 72
62 63
62 73
62 71
63 73
63 64
63 74
63 72
64 74
64 65
64 75
64 73
65 75
65 66
65 76
65 74
66 76
66 67
66 77
66 75
67 77
67 68
67 78
67 76
68 78
68 69
68 79
68 77
69 79
69 70
69 80
69 78
70 80
70 79
71 81
71 72
71 82
72 82
72 73
72 83
72 81
73 83
73 74
73 84
73 82
74 84
74 75
74 85
74 83
75 85
75 76
75 86
75 84
76 86
76 77
76 87
76 85
77 87
77 78
77 88
77 86
78 88
78 79
78 89
78 87
79 89
79 80
79 90
79 88
80 90
80 89
81 91
81 82
81 92
82 92
82 83
82 93
82 91
83 93
83 84
83 94
83 92
84 94
84 85
84 95
84 93
85 95
85 86
85 96
85 94
86 96
86 87
86 97
86 95
87 97
87 88
87 98
87 96
88 98
88 89
88 99
88 97
89 99
89 90
89 100
89 98
90 100
90 99
91 92
92 93
93 94
94 95
95 96
96 97
97 98
98 99
99 100
;
param Grid_Label_Edges :=
0 0 1 0
0 0 0 1
0 0 1 1
0 1 1 1
0 1 0 2
0 1 1 2
0 1 1 0
0 2 1 2
0 2 0 3
0 2 1 3
0 2 1 1
0 3 1 3
0 3 0 4
0 3 1 4
0 3 1 2
0 4 1 4
0 4 0 5
0 4 1 5
0 4 1 3
0 5 1 5
0 5 0 6
0 5 1 6
0 5 1 4
0 6 1 6
0 6 0 7
0 6 1 7
0 6 1 5
0 7 1 7
0 7 0 8
0 7 1 8
0 7 1 6
0 8 1 8
0 8 0 9
0 8 1 9
0 8 1 7
0 9 1 9
0 9 1 8
1 0 2 0
1 0 1 1
1 0 2 1
1 1 2 1
1 1 1 2
1 1 2 2
1 1 2 0
1 2 2 2
1 2 1 3
1 2 2 3
1 2 2 1
1 3 2 3
1 3 1 4
1 3 2 4
1 3 2 2
1 4 2 4
1 4 1 5
1 4 2 5
1 4 2 3
1 5 2 5
1 5 1 6
1 5 2 6
1 5 2 4
1 6 2 6
1 6 1 7
1 6 2 7
1 6 2 5
1 7 2 7
1 7 1 8
1 7 2 8
1 7 2 6
1 8 2 8
1 8 1 9
1 8 2 9
1 8 2 7
1 9 2 9
1 9 2 8
2 0 3 0
2 0 2 1
2 0 3 1
2 1 3 1
2 1 2 2
2 1 3 2
2 1 3 0
2 2 3 2
2 2 2 3
2 2 3 3
2 2 3 1
2 3 3 3
2 3 2 4
2 3 3 4
2 3 3 2
2 4 3 4
2 4 2 5
2 4 3 5
2 4 3 3
2 5 3 5
2 5 2 6
2 5 3 6
2 5 3 4
2 6 3 6
2 6 2 7
2 6 3 7
2 6 3 5
2 7 3 7
2 7 2 8
2 7 3 8
2 7 3 6
2 8 3 8
2 8 2 9
2 8 3 9
2 8 3 7
2 9 3 9
2 9 3 8
3 0 4 0
3 0 3 1
3 0 4 1
3 1 4 1
3 1 3 2
3 1 4 2
3 1 4 0
3 2 4 2
3 2 3 3
3 2 4 3
3 2 4 1
3 3 4 3
3 3 3 4
3 3 4 4
3 3 4 2
3 4 4 4
3 4 3 5
3 4 4 5
3 4 4 3
3 5 4 5
3 5 3 6
3 5 4 6
3 5 4 4
3 6 4 6
3 6 3 7
3 6 4 7
3 6 4 5
3 7 4 7
3 7 3 8
3 7 4 8
3 7 4 6
3 8 4 8
3 8 3 9
3 8 4 9
3 8 4 7
3 9 4 9
3 9 4 8
4 0 5 0
4 0 4 1
4 0 5 1
4 1 5 1
4 1 4 2
4 1 5 2
4 1 5 0
4 2 5 2
4 2 4 3
4 2 5 3
4 2 5 1
4 3 5 3
4 3 4 4
4 3 5 4
4 3 5 2
4 4 5 4
4 4 4 5
4 4 5 5
4 4 5 3
4 5 5 5
4 5 4 6
4 5 5 6
4 5 5 4
4 6 5 6
4 6 4 7
4 6 5 7
4 6 5 5
4 7 5 7
4 7 4 8
4 7 5 8
4 7 5 6
4 8 5 8
4 8 4 9
4 8 5 9
4 8 5 7
4 9 5 9
4 9 5 8
5 0 6 0
5 0 5 1
5 0 6 1
5 1 6 1
5 1 5 2
5 1 6 2
5 1 6 0
5 2 6 2
5 2 5 3
5 2 6 3
5 2 6 1
5 3 6 3
5 3 5 4
5 3 6 4
5 3 6 2
5 4 6 4
5 4 5 5
5 4 6 5
5 4 6 3
5 5 6 5
5 5 5 6
5 5 6 6
5 5 6 4
5 6 6 6
5 6 5 7
5 6 6 7
5 6 6 5
5 7 6 7
5 7 5 8
5 7 6 8
5 7 6 6
5 8 6 8
5 8 5 9
5 8 6 9
5 8 6 7
5 9 6 9
5 9 6 8
6 0 7 0
6 0 6 1
6 0 7 1
6 1 7 1
6 1 6 2
6 1 7 2
6 1 7 0
6 2 7 2
6 2 6 3
6 2 7 3
6 2 7 1
6 3 7 3
6 3 6 4
6 3 7 4
6 3 7 2
6 4 7 4
6 4 6 5
6 4 7 5
6 4 7 3
6 5 7 5
6 5 6 6
6 5 7 6
6 5 7 4
6 6 7 6
6 6 6 7
6 6 7 7
6 6 7 5
6 7 7 7
6 7 6 8
6 7 7 8
6 7 7 6
6 8 7 8
6 8 6 9
6 8 7 9
6 8 7 7
6 9 7 9
6 9 7 8
7 0 8 0
7 0 7 1
7 0 8 1
7 1 8 1
7 1 7 2
7 1 8 2
7 1 8 0
7 2 8 2
7 2 7 3
7 2 8 3
7 2 8 1
7 3 8 3
7 3 7 4
7 3 8 4
7 3 8 2
7 4 8 4
7 4 7 5
7 4 8 5
7 4 8 3
7 5 8 5
7 5 7 6
7 5 8 6
7 5 8 4
7 6 8 6
7 6 7 7
7 6 8 7
7 6 8 5
7 7 8 7
7 7 7 8
7 7 8 8
7 7 8 6
7 8 8 8
7 8 7 9
7 8 8 9
7 8 8 7
7 9 8 9
7 9 8 8
8 0 9 0
8 0 8 1
8 0 9 1
8 1 9 1
8 1 8 2
8 1 9 2
8 1 9 0
8 2 9 2
8 2 8 3
8 2 9 3
8 2 9 1
8 3 9 3
8 3 8 4
8 3 9 4
8 3 9 2
8 4 9 4
8 4 8 5
8 4 9 5
8 4 9 3
8 5 9 5
8 5 8 6
8 5 9 6
8 5 9 4
8 6 9 6
8 6 8 7
8 6 9 7
8 6 9 5
8 7 9 7
8 7 8 8
8 7 9 8
8 7 9 6
8 8 9 8
8 8 8 9
8 8 9 9
8 8 9 7
8 9 9 9
8 9 9 8
9 0 9 1
9 1 9 2
9 2 9 3
9 3 9 4
9 4 9 5
9 5 9 6
9 6 9 7
9 7 9 8
9 8 9 9
;
param Centralities :=
degree centrality: {(0, 0): 0.030303030303030304, (0, 1): 0.05050505050505051, (0, 2): 0.05050505050505051, (0, 3): 0.05050505050505051, (0, 4): 0.05050505050505051, (0, 5): 0.05050505050505051, (0, 6): 0.05050505050505051, (0, 7): 0.05050505050505051, (0, 8): 0.05050505050505051, (0, 9): 0.030303030303030304, (1, 0): 0.05050505050505051, (1, 1): 0.08080808080808081, (1, 2): 0.08080808080808081, (1, 3): 0.08080808080808081, (1, 4): 0.08080808080808081, (1, 5): 0.08080808080808081, (1, 6): 0.08080808080808081, (1, 7): 0.08080808080808081, (1, 8): 0.08080808080808081, (1, 9): 0.05050505050505051, (2, 0): 0.05050505050505051, (2, 1): 0.08080808080808081, (2, 2): 0.08080808080808081, (2, 3): 0.08080808080808081, (2, 4): 0.08080808080808081, (2, 5): 0.08080808080808081, (2, 6): 0.08080808080808081, (2, 7): 0.08080808080808081, (2, 8): 0.08080808080808081, (2, 9): 0.05050505050505051, (3, 0): 0.05050505050505051, (3, 1): 0.08080808080808081, (3, 2): 0.08080808080808081, (3, 3): 0.08080808080808081, (3, 4): 0.08080808080808081, (3, 5): 0.08080808080808081, (3, 6): 0.08080808080808081, (3, 7): 0.08080808080808081, (3, 8): 0.08080808080808081, (3, 9): 0.05050505050505051, (4, 0): 0.05050505050505051, (4, 1): 0.08080808080808081, (4, 2): 0.08080808080808081, (4, 3): 0.08080808080808081, (4, 4): 0.08080808080808081, (4, 5): 0.08080808080808081, (4, 6): 0.08080808080808081, (4, 7): 0.08080808080808081, (4, 8): 0.08080808080808081, (4, 9): 0.05050505050505051, (5, 0): 0.05050505050505051, (5, 1): 0.08080808080808081, (5, 2): 0.08080808080808081, (5, 3): 0.08080808080808081, (5, 4): 0.08080808080808081, (5, 5): 0.08080808080808081, (5, 6): 0.08080808080808081, (5, 7): 0.08080808080808081, (5, 8): 0.08080808080808081, (5, 9): 0.05050505050505051, (6, 0): 0.05050505050505051, (6, 1): 0.08080808080808081, (6, 2): 0.08080808080808081, (6, 3): 0.08080808080808081, (6, 4): 0.08080808080808081, (6, 5): 0.08080808080808081, (6, 6): 0.08080808080808081, (6, 7): 0.08080808080808081, (6, 8): 0.08080808080808081, (6, 9): 0.05050505050505051, (7, 0): 0.05050505050505051, (7, 1): 0.08080808080808081, (7, 2): 0.08080808080808081, (7, 3): 0.08080808080808081, (7, 4): 0.08080808080808081, (7, 5): 0.08080808080808081, (7, 6): 0.08080808080808081, (7, 7): 0.08080808080808081, (7, 8): 0.08080808080808081, (7, 9): 0.05050505050505051, (8, 0): 0.05050505050505051, (8, 1): 0.08080808080808081, (8, 2): 0.08080808080808081, (8, 3): 0.08080808080808081, (8, 4): 0.08080808080808081, (8, 5): 0.08080808080808081, (8, 6): 0.08080808080808081, (8, 7): 0.08080808080808081, (8, 8): 0.08080808080808081, (8, 9): 0.05050505050505051, (9, 0): 0.030303030303030304, (9, 1): 0.05050505050505051, (9, 2): 0.05050505050505051, (9, 3): 0.05050505050505051, (9, 4): 0.05050505050505051, (9, 5): 0.05050505050505051, (9, 6): 0.05050505050505051, (9, 7): 0.05050505050505051, (9, 8): 0.05050505050505051, (9, 9): 0.030303030303030304}
eigenvector centrality: {(0, 0): 0.01443358668158814, (0, 1): 0.027697213404127223, (0, 2): 0.03871614284185272, (0, 3): 0.046598065231292916, (0, 4): 0.05070512682258878, (0, 5): 0.05070512682258877, (0, 6): 0.0465980652312929, (0, 7): 0.03871614284185271, (0, 8): 0.02769721340412722, (0, 9): 0.014433586681588137, (1, 0): 0.027697213404127223, (1, 1): 0.05314934169012496, (1, 2): 0.0742940264351174, (1, 3): 0.08941897709852886, (1, 4): 0.09730018943108952, (1, 5): 0.09730018943108952, (1, 6): 0.08941897709852886, (1, 7): 0.07429402643511737, (1, 8): 0.05314934169012495, (1, 9): 0.02769721340412722, (2, 0): 0.03871614284185272, (2, 1): 0.0742940264351174, (2, 2): 0.10385081335762722, (2, 3): 0.12499300343344745, (2, 4): 0.13600964030526078, (2, 5): 0.13600964030526078, (2, 6): 0.12499300343344742, (2, 7): 0.1038508133576272, (2, 8): 0.07429402643511739, (2, 9): 0.038716142841852715, (3, 0): 0.046598065231292916, (3, 1): 0.08941897709852889, (3, 2): 0.12499300343344745, (3, 3): 0.15043936972850266, (3, 4): 0.163698799152533, (3, 5): 0.163698799152533, (3, 6): 0.15043936972850266, (3, 7): 0.12499300343344745, (3, 8): 0.08941897709852885, (3, 9): 0.0465980652312929, (4, 0): 0.05070512682258879, (4, 1): 0.09730018943108953, (4, 2): 0.1360096403052608, (4, 3): 0.16369879915253302, (4, 4): 0.17812688854215702, (4, 5): 0.178126888542157, (4, 6): 0.16369879915253302, (4, 7): 0.13600964030526075, (4, 8): 0.0973001894310895, (4, 9): 0.05070512682258878, (5, 0): 0.05070512682258879, (5, 1): 0.09730018943108955, (5, 2): 0.13600964030526078, (5, 3): 0.16369879915253305, (5, 4): 0.178126888542157, (5, 5): 0.178126888542157, (5, 6): 0.16369879915253305, (5, 7): 0.13600964030526075, (5, 8): 0.0973001894310895, (5, 9): 0.05070512682258877, (6, 0): 0.046598065231292916, (6, 1): 0.08941897709852886, (6, 2): 0.12499300343344748, (6, 3): 0.1504393697285027, (6, 4): 0.16369879915253305, (6, 5): 0.16369879915253302, (6, 6): 0.1504393697285027, (6, 7): 0.12499300343344742, (6, 8): 0.08941897709852883, (6, 9): 0.0465980652312929, (7, 0): 0.038716142841852715, (7, 1): 0.07429402643511741, (7, 2): 0.10385081335762722, (7, 3): 0.12499300343344745, (7, 4): 0.13600964030526078, (7, 5): 0.13600964030526078, (7, 6): 0.12499300343344742, (7, 7): 0.10385081335762719, (7, 8): 0.07429402643511739, (7, 9): 0.03871614284185271, (8, 0): 0.027697213404127223, (8, 1): 0.05314934169012495, (8, 2): 0.07429402643511741, (8, 3): 0.08941897709852888, (8, 4): 0.09730018943108953, (8, 5): 0.09730018943108955, (8, 6): 0.08941897709852883, (8, 7): 0.07429402643511737, (8, 8): 0.053149341690124946, (8, 9): 0.02769721340412722, (9, 0): 0.01443358668158814, (9, 1): 0.027697213404127223, (9, 2): 0.038716142841852715, (9, 3): 0.046598065231292916, (9, 4): 0.050705126822588785, (9, 5): 0.050705126822588785, (9, 6): 0.046598065231292916, (9, 7): 0.03871614284185271, (9, 8): 0.02769721340412722, (9, 9): 0.014433586681588135}
closeness centrality: {(0, 0): 0.16097560975609757, (0, 1): 0.1733800350262697, (0, 2): 0.18401486988847585, (0, 3): 0.19186046511627908, (0, 4): 0.19603960396039605, (0, 5): 0.19603960396039605, (0, 6): 0.19186046511627908, (0, 7): 0.18401486988847585, (0, 8): 0.1733800350262697, (0, 9): 0.16097560975609757, (1, 0): 0.1733800350262697, (1, 1): 0.1907514450867052, (1, 2): 0.20625, (1, 3): 0.21806167400881057, (1, 4): 0.22448979591836735, (1, 5): 0.22448979591836735, (1, 6): 0.21806167400881057, (1, 7): 0.20625, (1, 8): 0.1907514450867052, (1, 9): 0.1733800350262697, (2, 0): 0.18401486988847585, (2, 1): 0.20625, (2, 2): 0.22758620689655173, (2, 3): 0.24444444444444444, (2, 4): 0.25384615384615383, (2, 5): 0.25384615384615383, (2, 6): 0.24444444444444444, (2, 7): 0.22758620689655173, (2, 8): 0.20625, (2, 9): 0.18401486988847585, (3, 0): 0.19186046511627908, (3, 1): 0.21806167400881057, (3, 2): 0.24444444444444444, (3, 3): 0.2668463611859838, (3, 4): 0.2796610169491525, (3, 5): 0.2796610169491525, (3, 6): 0.2668463611859838, (3, 7): 0.24444444444444444, (3, 8): 0.21806167400881057, (3, 9): 0.19186046511627908, (4, 0): 0.19603960396039605, (4, 1): 0.22448979591836735, (4, 2): 0.25384615384615383, (4, 3): 0.2796610169491525, (4, 4): 0.2955223880597015, (4, 5): 0.2955223880597015, (4, 6): 0.2796610169491525, (4, 7): 0.25384615384615383, (4, 8): 0.22448979591836735, (4, 9): 0.19603960396039605, (5, 0): 0.19603960396039605, (5, 1): 0.22448979591836735, (5, 2): 0.25384615384615383, (5, 3): 0.2796610169491525, (5, 4): 0.2955223880597015, (5, 5): 0.2955223880597015, (5, 6): 0.2796610169491525, (5, 7): 0.25384615384615383, (5, 8): 0.22448979591836735, (5, 9): 0.19603960396039605, (6, 0): 0.19186046511627908, (6, 1): 0.21806167400881057, (6, 2): 0.24444444444444444, (6, 3): 0.2668463611859838, (6, 4): 0.2796610169491525, (6, 5): 0.2796610169491525, (6, 6): 0.2668463611859838, (6, 7): 0.24444444444444444, (6, 8): 0.21806167400881057, (6, 9): 0.19186046511627908, (7, 0): 0.18401486988847585, (7, 1): 0.20625, (7, 2): 0.22758620689655173, (7, 3): 0.24444444444444444, (7, 4): 0.25384615384615383, (7, 5): 0.25384615384615383, (7, 6): 0.24444444444444444, (7, 7): 0.22758620689655173, (7, 8): 0.20625, (7, 9): 0.18401486988847585, (8, 0): 0.1733800350262697, (8, 1): 0.1907514450867052, (8, 2): 0.20625, (8, 3): 0.21806167400881057, (8, 4): 0.22448979591836735, (8, 5): 0.22448979591836735, (8, 6): 0.21806167400881057, (8, 7): 0.20625, (8, 8): 0.1907514450867052, (8, 9): 0.1733800350262697, (9, 0): 0.16097560975609757, (9, 1): 0.1733800350262697, (9, 2): 0.18401486988847585, (9, 3): 0.19186046511627908, (9, 4): 0.19603960396039605, (9, 5): 0.19603960396039605, (9, 6): 0.19186046511627908, (9, 7): 0.18401486988847585, (9, 8): 0.1733800350262697, (9, 9): 0.16097560975609757}
betweenness centrality: {(0, 0): 0.0, (0, 1): 0.004650407590709203, (0, 2): 0.007210299907505414, (0, 3): 0.008582042150632787, (0, 4): 0.009198515081603995, (0, 5): 0.009198515081603995, (0, 6): 0.008582042150632787, (0, 7): 0.007210299907505415, (0, 8): 0.004650407590709205, (0, 9): 0.0, (1, 0): 0.0046504075907092025, (1, 1): 0.026258853087951697, (1, 2): 0.03411795630967919, (1, 3): 0.038986366787534775, (1, 4): 0.041247099829237764, (1, 5): 0.04124709982923778, (1, 6): 0.03898636678753477, (1, 7): 0.03411795630967919, (1, 8): 0.0262588530879517, (1, 9): 0.0046504075907092025, (2, 0): 0.007210299907505415, (2, 1): 0.03411795630967918, (2, 2): 0.051653018259499105, (2, 3): 0.060124169493633646, (2, 4): 0.06429202383616577, (2, 5): 0.06429202383616575, (2, 6): 0.06012416949363364, (2, 7): 0.051653018259499105, (2, 8): 0.0341179563096792, (2, 9): 0.007210299907505415, (3, 0): 0.008582042150632784, (3, 1): 0.03898636678753477, (3, 2): 0.06012416949363366, (3, 3): 0.07422118575980151, (3, 4): 0.08023807351826587, (3, 5): 0.08023807351826587, (3, 6): 0.0742211857598015, (3, 7): 0.06012416949363366, (3, 8): 0.03898636678753477, (3, 9): 0.008582042150632784, (4, 0): 0.009198515081603995, (4, 1): 0.04124709982923778, (4, 2): 0.0642920238361658, (4, 3): 0.08023807351826587, (4, 4): 0.0893485440868925, (4, 5): 0.0893485440868925, (4, 6): 0.08023807351826585, (4, 7): 0.0642920238361658, (4, 8): 0.04124709982923778, (4, 9): 0.009198515081603997, (5, 0): 0.009198515081603995, (5, 1): 0.041247099829237785, (5, 2): 0.06429202383616574, (5, 3): 0.08023807351826588, (5, 4): 0.08934854408689252, (5, 5): 0.08934854408689251, (5, 6): 0.0802380735182659, (5, 7): 0.06429202383616575, (5, 8): 0.041247099829237785, (5, 9): 0.009198515081603995, (6, 0): 0.008582042150632787, (6, 1): 0.03898636678753477, (6, 2): 0.060124169493633646, (6, 3): 0.07422118575980151, (6, 4): 0.08023807351826588, (6, 5): 0.08023807351826585, (6, 6): 0.07422118575980151, (6, 7): 0.06012416949363364, (6, 8): 0.038986366787534775, (6, 9): 0.008582042150632787, (7, 0): 0.007210299907505415, (7, 1): 0.034117956309679204, (7, 2): 0.05165301825949909, (7, 3): 0.06012416949363364, (7, 4): 0.06429202383616578, (7, 5): 0.06429202383616575, (7, 6): 0.060124169493633646, (7, 7): 0.0516530182594991, (7, 8): 0.0341179563096792, (7, 9): 0.007210299907505415, (8, 0): 0.0046504075907092025, (8, 1): 0.026258853087951714, (8, 2): 0.034117956309679204, (8, 3): 0.038986366787534775, (8, 4): 0.04124709982923778, (8, 5): 0.04124709982923778, (8, 6): 0.03898636678753477, (8, 7): 0.0341179563096792, (8, 8): 0.026258853087951714, (8, 9): 0.0046504075907092025, (9, 0): 0.0, (9, 1): 0.004650407590709203, (9, 2): 0.007210299907505417, (9, 3): 0.008582042150632789, (9, 4): 0.009198515081603997, (9, 5): 0.009198515081603995, (9, 6): 0.008582042150632786, (9, 7): 0.007210299907505415, (9, 8): 0.0046504075907092025, (9, 9): 0.0}
katz centrality: {(0, 0): 0.049180732948797885, (0, 1): 0.06476326155845186, (0, 2): 0.07055421185930279, (0, 3): 0.07277061536334699, (0, 4): 0.07353514756971258, (0, 5): 0.0735351475697126, (0, 6): 0.072770615363347, (0, 7): 0.07055421185930279, (0, 8): 0.06476326155845184, (0, 9): 0.04918073294879789, (1, 0): 0.06476326155845183, (1, 1): 0.09067396887327712, (1, 2): 0.10085360284689086, (1, 3): 0.10487383245326302, (1, 4): 0.10628252140650267, (1, 5): 0.10628252140650264, (1, 6): 0.10487383245326301, (1, 7): 0.10085360284689085, (1, 8): 0.09067396887327714, (1, 9): 0.06476326155845188, (2, 0): 0.07055421185930279, (2, 1): 0.10085360284689084, (2, 2): 0.11360996575688438, (2, 3): 0.1188297322596932, (2, 4): 0.12069568997249865, (2, 5): 0.12069568997249865, (2, 6): 0.1188297322596932, (2, 7): 0.11360996575688441, (2, 8): 0.10085360284689085, (2, 9): 0.07055421185930279, (3, 0): 0.07277061536334702, (3, 1): 0.10487383245326304, (3, 2): 0.11882973225969323, (3, 3): 0.12470451607807455, (3, 4): 0.12684062432532683, (3, 5): 0.12684062432532683, (3, 6): 0.12470451607807458, (3, 7): 0.11882973225969323, (3, 8): 0.10487383245326302, (3, 9): 0.072770615363347, (4, 0): 0.0735351475697126, (4, 1): 0.10628252140650267, (4, 2): 0.12069568997249872, (4, 3): 0.12684062432532686, (4, 4): 0.1290962644110257, (4, 5): 0.1290962644110257, (4, 6): 0.12684062432532686, (4, 7): 0.12069568997249865, (4, 8): 0.10628252140650266, (4, 9): 0.0735351475697126, (5, 0): 0.07353514756971262, (5, 1): 0.10628252140650267, (5, 2): 0.12069568997249867, (5, 3): 0.12684062432532683, (5, 4): 0.1290962644110257, (5, 5): 0.1290962644110257, (5, 6): 0.12684062432532683, (5, 7): 0.12069568997249867, (5, 8): 0.10628252140650267, (5, 9): 0.07353514756971262, (6, 0): 0.07277061536334702, (6, 1): 0.10487383245326304, (6, 2): 0.11882973225969323, (6, 3): 0.12470451607807455, (6, 4): 0.1268406243253268, (6, 5): 0.1268406243253268, (6, 6): 0.12470451607807458, (6, 7): 0.11882973225969323, (6, 8): 0.104873832453263, (6, 9): 0.07277061536334702, (7, 0): 0.07055421185930279, (7, 1): 0.10085360284689085, (7, 2): 0.11360996575688441, (7, 3): 0.1188297322596932, (7, 4): 0.12069568997249865, (7, 5): 0.1206956899724987, (7, 6): 0.11882973225969323, (7, 7): 0.11360996575688438, (7, 8): 0.10085360284689084, (7, 9): 0.07055421185930277, (8, 0): 0.06476326155845184, (8, 1): 0.09067396887327712, (8, 2): 0.10085360284689084, (8, 3): 0.10487383245326304, (8, 4): 0.10628252140650266, (8, 5): 0.10628252140650264, (8, 6): 0.10487383245326302, (8, 7): 0.10085360284689082, (8, 8): 0.09067396887327714, (8, 9): 0.06476326155845184, (9, 0): 0.04918073294879789, (9, 1): 0.06476326155845186, (9, 2): 0.07055421185930277, (9, 3): 0.072770615363347, (9, 4): 0.07353514756971259, (9, 5): 0.07353514756971259, (9, 6): 0.07277061536334697, (9, 7): 0.07055421185930279, (9, 8): 0.06476326155845184, (9, 9): 0.04918073294879789}
;
