9 20 3
4 2 1
0 2 1
3
param Vertices :=
1 0.0
2 0.1
3 0.2
4 1.0
5 1.1
6 1.2
7 2.0
8 2.1
9 2.2
;
param Edges :=
1 4
1 2
1 5
2 5
2 3
2 6
2 4
3 6
3 5
4 7
4 5
4 8
5 8
5 6
5 9
5 7
6 9
6 8
7 8
8 9
;
param Grid_Label_Edges :=
0 0 1 0
0 0 0 1
0 0 1 1
0 1 1 1
0 1 0 2
0 1 1 2
0 1 1 0
0 2 1 2
0 2 1 1
1 0 2 0
1 0 1 1
1 0 2 1
1 1 2 1
1 1 1 2
1 1 2 2
1 1 2 0
1 2 2 2
1 2 2 1
2 0 2 1
2 1 2 2
;
param Centralities :=
degree centrality: {(0, 0): 0.375, (0, 1): 0.625, (0, 2): 0.375, (1, 0): 0.625, (1, 1): 1.0, (1, 2): 0.625, (2, 0): 0.375, (2, 1): 0.625, (2, 2): 0.375}
eigenvector centrality: {(0, 0): 0.250000064418064, (0, 1): 0.353553390593262, (0, 2): 0.250000064418064, (1, 0): 0.353553390593262, (1, 1): 0.4999998711638721, (1, 2): 0.3535533905932621, (2, 0): 0.250000064418064, (2, 1): 0.353553390593262, (2, 2): 0.250000064418064}
closeness centrality: {(0, 0): 0.6153846153846154, (0, 1): 0.7272727272727273, (0, 2): 0.6153846153846154, (1, 0): 0.7272727272727273, (1, 1): 1.0, (1, 2): 0.7272727272727273, (2, 0): 0.6153846153846154, (2, 1): 0.7272727272727273, (2, 2): 0.6153846153846154}
betweenness centrality: {(0, 0): 0.0, (0, 1): 0.06547619047619047, (0, 2): 0.0, (1, 0): 0.06547619047619047, (1, 1): 0.30952380952380953, (1, 2): 0.06547619047619047, (2, 0): 0.0, (2, 1): 0.06547619047619047, (2, 2): 0.0}
katz centrality: {(0, 0): 0.2888821215632863, (0, 1): 0.3466585458759436, (0, 2): 0.2888821215632863, (1, 0): 0.3466585458759436, (1, 1): 0.43069698123980876, (1, 2): 0.3466585458759435, (2, 0): 0.2888821215632863, (2, 1): 0.3466585458759435, (2, 2): 0.2888821215632863}
;
