25 72 3
4 2 1
0 2 1
5
param Vertices :=
1 0.0
2 0.1
3 0.2
4 0.3
5 0.4
6 1.0
7 1.1
8 1.2
9 1.3
10 1.4
11 2.0
12 2.1
13 2.2
14 2.3
15 2.4
16 3.0
17 3.1
18 3.2
19 3.3
20 3.4
21 4.0
22 4.1
23 4.2
24 4.3
25 4.4
;
param Edges :=
1 6
1 2
1 7
2 7
2 3
2 8
2 6
3 8
3 4
3 9
3 7
4 9
4 5
4 10
4 8
5 10
5 9
6 11
6 7
6 12
7 12
7 8
7 13
7 11
8 13
8 9
8 14
8 12
9 14
9 10
9 15
9 13
10 15
10 14
11 16
11 12
11 17
12 17
12 13
12 18
12 16
13 18
13 14
13 19
13 17
14 19
14 15
14 20
14 18
15 20
15 19
16 21
16 17
16 22
17 22
17 18
17 23
17 21
18 23
18 19
18 24
18 22
19 24
19 20
19 25
19 23
20 25
20 24
21 22
22 23
23 24
24 25
;
param Grid_Label_Edges :=
0 0 1 0
0 0 0 1
0 0 1 1
0 1 1 1
0 1 0 2
0 1 1 2
0 1 1 0
0 2 1 2
0 2 0 3
0 2 1 3
0 2 1 1
0 3 1 3
0 3 0 4
0 3 1 4
0 3 1 2
0 4 1 4
0 4 1 3
1 0 2 0
1 0 1 1
1 0 2 1
1 1 2 1
1 1 1 2
1 1 2 2
1 1 2 0
1 2 2 2
1 2 1 3
1 2 2 3
1 2 2 1
1 3 2 3
1 3 1 4
1 3 2 4
1 3 2 2
1 4 2 4
1 4 2 3
2 0 3 0
2 0 2 1
2 0 3 1
2 1 3 1
2 1 2 2
2 1 3 2
2 1 3 0
2 2 3 2
2 2 2 3
2 2 3 3
2 2 3 1
2 3 3 3
2 3 2 4
2 3 3 4
2 3 3 2
2 4 3 4
2 4 3 3
3 0 4 0
3 0 3 1
3 0 4 1
3 1 4 1
3 1 3 2
3 1 4 2
3 1 4 0
3 2 4 2
3 2 3 3
3 2 4 3
3 2 4 1
3 3 4 3
3 3 3 4
3 3 4 4
3 3 4 2
3 4 4 4
3 4 4 3
4 0 4 1
4 1 4 2
4 2 4 3
4 3 4 4
;
param Centralities :=
degree centrality: {(0, 0): 0.125, (0, 1): 0.20833333333333331, (0, 2): 0.20833333333333331, (0, 3): 0.20833333333333331, (0, 4): 0.125, (1, 0): 0.20833333333333331, (1, 1): 0.3333333333333333, (1, 2): 0.3333333333333333, (1, 3): 0.3333333333333333, (1, 4): 0.20833333333333331, (2, 0): 0.20833333333333331, (2, 1): 0.3333333333333333, (2, 2): 0.3333333333333333, (2, 3): 0.3333333333333333, (2, 4): 0.20833333333333331, (3, 0): 0.20833333333333331, (3, 1): 0.3333333333333333, (3, 2): 0.3333333333333333, (3, 3): 0.3333333333333333, (3, 4): 0.20833333333333331, (4, 0): 0.125, (4, 1): 0.20833333333333331, (4, 2): 0.20833333333333331, (4, 3): 0.20833333333333331, (4, 4): 0.125}
eigenvector centrality: {(0, 0): 0.0833338514677365, (0, 1): 0.14433801459465787, (0, 2): 0.16666692819089107, (0, 3): 0.14433801459465787, (0, 4): 0.08333385146773652, (1, 0): 0.14433801459465787, (1, 1): 0.249999995082353, (1, 2): 0.2886746872965217, (1, 3): 0.24999999508235302, (1, 4): 0.14433801459465787, (2, 0): 0.16666692819089104, (2, 1): 0.28867468729652174, (2, 2): 0.33333230689982096, (2, 3): 0.28867468729652174, (2, 4): 0.1666669281908911, (3, 0): 0.14433801459465787, (3, 1): 0.24999999508235304, (3, 2): 0.28867468729652185, (3, 3): 0.24999999508235304, (3, 4): 0.1443380145946579, (4, 0): 0.0833338514677365, (4, 1): 0.14433801459465787, (4, 2): 0.1666669281908911, (4, 3): 0.14433801459465787, (4, 4): 0.08333385146773652}
closeness centrality: {(0, 0): 0.34285714285714286, (0, 1): 0.39344262295081966, (0, 2): 0.41379310344827586, (0, 3): 0.39344262295081966, (0, 4): 0.34285714285714286, (1, 0): 0.39344262295081966, (1, 1): 0.4897959183673469, (1, 2): 0.5333333333333333, (1, 3): 0.4897959183673469, (1, 4): 0.39344262295081966, (2, 0): 0.41379310344827586, (2, 1): 0.5333333333333333, (2, 2): 0.6, (2, 3): 0.5333333333333333, (2, 4): 0.41379310344827586, (3, 0): 0.39344262295081966, (3, 1): 0.4897959183673469, (3, 2): 0.5333333333333333, (3, 3): 0.4897959183673469, (3, 4): 0.39344262295081966, (4, 0): 0.34285714285714286, (4, 1): 0.39344262295081966, (4, 2): 0.41379310344827586, (4, 3): 0.39344262295081966, (4, 4): 0.34285714285714286}
betweenness centrality: {(0, 0): 0.0, (0, 1): 0.022688779618127448, (0, 2): 0.029294098773503804, (0, 3): 0.022688779618127448, (0, 4): 0.0, (1, 0): 0.022688779618127448, (1, 1): 0.11551584274696401, (1, 2): 0.13486017277493248, (1, 3): 0.11551584274696403, (1, 4): 0.022688779618127444, (2, 0): 0.02929409877350381, (2, 1): 0.13486017277493245, (2, 2): 0.1780701754385965, (2, 3): 0.13486017277493245, (2, 4): 0.029294098773503804, (3, 0): 0.022688779618127448, (3, 1): 0.11551584274696405, (3, 2): 0.13486017277493248, (3, 3): 0.11551584274696403, (3, 4): 0.022688779618127444, (4, 0): 0.0, (4, 1): 0.022688779618127444, (4, 2): 0.02929409877350381, (4, 3): 0.022688779618127444, (4, 4): 0.0}
katz centrality: {(0, 0): 0.1334866140093568, (0, 1): 0.17310767851761635, (0, 2): 0.18255445323497155, (0, 3): 0.17310767851761633, (0, 4): 0.1334866140093568, (1, 0): 0.17310767851761635, (1, 1): 0.23740113590026374, (1, 2): 0.25327725635588366, (1, 3): 0.23740113590026374, (1, 4): 0.17310767851761635, (2, 0): 0.1825544532349715, (2, 1): 0.25327725635588366, (2, 2): 0.2713963216182661, (2, 3): 0.25327725635588366, (2, 4): 0.18255445323497155, (3, 0): 0.17310767851761633, (3, 1): 0.2374011359002637, (3, 2): 0.25327725635588366, (3, 3): 0.23740113590026374, (3, 4): 0.17310767851761633, (4, 0): 0.1334866140093568, (4, 1): 0.17310767851761635, (4, 2): 0.1825544532349715, (4, 3): 0.17310767851761635, (4, 4): 0.1334866140093568}
;
