441 1640 3
4 2 1
0 2 1
21
param Vertices :=
1 0.0
2 0.1
3 0.2
4 0.3
5 0.4
6 0.5
7 0.6
8 0.7
9 0.8
10 0.9
11 0.10
12 0.11
13 0.12
14 0.13
15 0.14
16 0.15
17 0.16
18 0.17
19 0.18
20 0.19
21 0.20
22 1.0
23 1.1
24 1.2
25 1.3
26 1.4
27 1.5
28 1.6
29 1.7
30 1.8
31 1.9
32 1.10
33 1.11
34 1.12
35 1.13
36 1.14
37 1.15
38 1.16
39 1.17
40 1.18
41 1.19
42 1.20
43 2.0
44 2.1
45 2.2
46 2.3
47 2.4
48 2.5
49 2.6
50 2.7
51 2.8
52 2.9
53 2.10
54 2.11
55 2.12
56 2.13
57 2.14
58 2.15
59 2.16
60 2.17
61 2.18
62 2.19
63 2.20
64 3.0
65 3.1
66 3.2
67 3.3
68 3.4
69 3.5
70 3.6
71 3.7
72 3.8
73 3.9
74 3.10
75 3.11
76 3.12
77 3.13
78 3.14
79 3.15
80 3.16
81 3.17
82 3.18
83 3.19
84 3.20
85 4.0
86 4.1
87 4.2
88 4.3
89 4.4
90 4.5
91 4.6
92 4.7
93 4.8
94 4.9
95 4.10
96 4.11
97 4.12
98 4.13
99 4.14
100 4.15
101 4.16
102 4.17
103 4.18
104 4.19
105 4.20
106 5.0
107 5.1
108 5.2
109 5.3
110 5.4
111 5.5
112 5.6
113 5.7
114 5.8
115 5.9
116 5.10
117 5.11
118 5.12
119 5.13
120 5.14
121 5.15
122 5.16
123 5.17
124 5.18
125 5.19
126 5.20
127 6.0
128 6.1
129 6.2
130 6.3
131 6.4
132 6.5
133 6.6
134 6.7
135 6.8
136 6.9
137 6.10
138 6.11
139 6.12
140 6.13
141 6.14
142 6.15
143 6.16
144 6.17
145 6.18
146 6.19
147 6.20
148 7.0
149 7.1
150 7.2
151 7.3
152 7.4
153 7.5
154 7.6
155 7.7
156 7.8
157 7.9
158 7.10
159 7.11
160 7.12
161 7.13
162 7.14
163 7.15
164 7.16
165 7.17
166 7.18
167 7.19
168 7.20
169 8.0
170 8.1
171 8.2
172 8.3
173 8.4
174 8.5
175 8.6
176 8.7
177 8.8
178 8.9
179 8.10
180 8.11
181 8.12
182 8.13
183 8.14
184 8.15
185 8.16
186 8.17
187 8.18
188 8.19
189 8.20
190 9.0
191 9.1
192 9.2
193 9.3
194 9.4
195 9.5
196 9.6
197 9.7
198 9.8
199 9.9
200 9.10
201 9.11
202 9.12
203 9.13
204 9.14
205 9.15
206 9.16
207 9.17
208 9.18
209 9.19
210 9.20
211 10.0
212 10.1
213 10.2
214 10.3
215 10.4
216 10.5
217 10.6
218 10.7
219 10.8
220 10.9
221 10.10
222 10.11
223 10.12
224 10.13
225 10.14
226 10.15
227 10.16
228 10.17
229 10.18
230 10.19
231 10.20
232 11.0
233 11.1
234 11.2
235 11.3
236 11.4
237 11.5
238 11.6
239 11.7
240 11.8
241 11.9
242 11.10
243 11.11
244 11.12
245 11.13
246 11.14
247 11.15
248 11.16
249 11.17
250 11.18
251 11.19
252 11.20
253 12.0
254 12.1
255 12.2
256 12.3
257 12.4
258 12.5
259 12.6
260 12.7
261 12.8
262 12.9
263 12.10
264 12.11
265 12.12
266 12.13
267 12.14
268 12.15
269 12.16
270 12.17
271 12.18
272 12.19
273 12.20
274 13.0
275 13.1
276 13.2
277 13.3
278 13.4
279 13.5
280 13.6
281 13.7
282 13.8
283 13.9
284 13.10
285 13.11
286 13.12
287 13.13
288 13.14
289 13.15
290 13.16
291 13.17
292 13.18
293 13.19
294 13.20
295 14.0
296 14.1
297 14.2
298 14.3
299 14.4
300 14.5
301 14.6
302 14.7
303 14.8
304 14.9
305 14.10
306 14.11
307 14.12
308 14.13
309 14.14
310 14.15
311 14.16
312 14.17
313 14.18
314 14.19
315 14.20
316 15.0
317 15.1
318 15.2
319 15.3
320 15.4
321 15.5
322 15.6
323 15.7
324 15.8
325 15.9
326 15.10
327 15.11
328 15.12
329 15.13
330 15.14
331 15.15
332 15.16
333 15.17
334 15.18
335 15.19
336 15.20
337 16.0
338 16.1
339 16.2
340 16.3
341 16.4
342 16.5
343 16.6
344 16.7
345 16.8
346 16.9
347 16.10
348 16.11
349 16.12
350 16.13
351 16.14
352 16.15
353 16.16
354 16.17
355 16.18
356 16.19
357 16.20
358 17.0
359 17.1
360 17.2
361 17.3
362 17.4
363 17.5
364 17.6
365 17.7
366 17.8
367 17.9
368 17.10
369 17.11
370 17.12
371 17.13
372 17.14
373 17.15
374 17.16
375 17.17
376 17.18
377 17.19
378 17.20
379 18.0
380 18.1
381 18.2
382 18.3
383 18.4
384 18.5
385 18.6
386 18.7
387 18.8
388 18.9
389 18.10
390 18.11
391 18.12
392 18.13
393 18.14
394 18.15
395 18.16
396 18.17
397 18.18
398 18.19
399 18.20
400 19.0
401 19.1
402 19.2
403 19.3
404 19.4
405 19.5
406 19.6
407 19.7
408 19.8
409 19.9
410 19.10
411 19.11
412 19.12
413 19.13
414 19.14
415 19.15
416 19.16
417 19.17
418 19.18
419 19.19
420 19.20
421 20.0
422 20.1
423 20.2
424 20.3
425 20.4
426 20.5
427 20.6
428 20.7
429 20.8
430 20.9
431 20.10
432 20.11
433 20.12
434 20.13
435 20.14
436 20.15
437 20.16
438 20.17
439 20.18
440 20.19
441 20.20
;
param Edges :=
1 22
1 2
1 23
2 23
2 3
2 24
2 22
3 24
3 4
3 25
3 23
4 25
4 5
4 26
4 24
5 26
5 6
5 27
5 25
6 27
6 7
6 28
6 26
7 28
7 8
7 29
7 27
8 29
8 9
8 30
8 28
9 30
9 10
9 31
9 29
10 31
10 11
10 32
10 30
11 32
11 12
11 33
11 31
12 33
12 13
12 34
12 32
13 34
13 14
13 35
13 33
14 35
14 15
14 36
14 34
15 36
15 16
15 37
15 35
16 37
16 17
16 38
16 36
17 38
17 18
17 39
17 37
18 39
18 19
18 40
18 38
19 40
19 20
19 41
19 39
20 41
20 21
20 42
20 40
21 42
21 41
22 43
22 23
22 44
23 44
23 24
23 45
23 43
24 45
24 25
24 46
24 44
25 46
25 26
25 47
25 45
26 47
26 27
26 48
26 46
27 48
27 28
27 49
27 47
28 49
28 29
28 50
28 48
29 50
29 30
29 51
29 49
30 51
30 31
30 52
30 50
31 52
31 32
31 53
31 51
32 53
32 33
32 54
32 52
33 54
33 34
33 55
33 53
34 55
34 35
34 56
34 54
35 56
35 36
35 57
35 55
36 57
36 37
36 58
36 56
37 58
37 38
37 59
37 57
38 59
38 39
38 60
38 58
39 60
39 40
39 61
39 59
40 61
40 41
40 62
40 60
41 62
41 42
41 63
41 61
42 63
42 62
43 64
43 44
43 65
44 65
44 45
44 66
44 64
45 66
45 46
45 67
45 65
46 67
46 47
46 68
46 66
47 68
47 48
47 69
47 67
48 69
48 49
48 70
48 68
49 70
49 50
49 71
49 69
50 71
50 51
50 72
50 70
51 72
51 52
51 73
51 71
52 73
52 53
52 74
52 72
53 74
53 54
53 75
53 73
54 75
54 55
54 76
54 74
55 76
55 56
55 77
55 75
56 77
56 57
56 78
56 76
57 78
57 58
57 79
57 77
58 79
58 59
58 80
58 78
59 80
59 60
59 81
59 79
60 81
60 61
60 82
60 80
61 82
61 62
61 83
61 81
62 83
62 63
62 84
62 82
63 84
63 83
64 85
64 65
64 86
65 86
65 66
65 87
65 85
66 87
66 67
66 88
66 86
67 88
67 68
67 89
67 87
68 89
68 69
68 90
68 88
69 90
69 70
69 91
69 89
70 91
70 71
70 92
70 90
71 92
71 72
71 93
71 91
72 93
72 73
72 94
72 92
73 94
73 74
73 95
73 93
74 95
74 75
74 96
74 94
75 96
75 76
75 97
75 95
76 97
76 77
76 98
76 96
77 98
77 78
77 99
77 97
78 99
78 79
78 100
78 98
79 100
79 80
79 101
79 99
80 101
80 81
80 102
80 100
81 102
81 82
81 103
81 101
82 103
82 83
82 104
82 102
83 104
83 84
83 105
83 103
84 105
84 104
85 106
85 86
85 107
86 107
86 87
86 108
86 106
87 108
87 88
87 109
87 107
88 109
88 89
88 110
88 108
89 110
89 90
89 111
89 109
90 111
90 91
90 112
90 110
91 112
91 92
91 113
91 111
92 113
92 93
92 114
92 112
93 114
93 94
93 115
93 113
94 115
94 95
94 116
94 114
95 116
95 96
95 117
95 115
96 117
96 97
96 118
96 116
97 118
97 98
97 119
97 117
98 119
98 99
98 120
98 118
99 120
99 100
99 121
99 119
100 121
100 101
100 122
100 120
101 122
101 102
101 123
101 121
102 123
102 103
102 124
102 122
103 124
103 104
103 125
103 123
104 125
104 105
104 126
104 124
105 126
105 125
106 127
106 107
106 128
107 128
107 108
107 129
107 127
108 129
108 109
108 130
108 128
109 130
109 110
109 131
109 129
110 131
110 111
110 132
110 130
111 132
111 112
111 133
111 131
112 133
112 113
112 134
112 132
113 134
113 114
113 135
113 133
114 135
114 115
114 136
114 134
115 136
115 116
115 137
115 135
116 137
116 117
116 138
116 136
117 138
117 118
117 139
117 137
118 139
118 119
118 140
118 138
119 140
119 120
119 141
119 139
120 141
120 121
120 142
120 140
121 142
121 122
121 143
121 141
122 143
122 123
122 144
122 142
123 144
123 124
123 145
123 143
124 145
124 125
124 146
124 144
125 146
125 126
125 147
125 145
126 147
126 146
127 148
127 128
127 149
128 149
128 129
128 150
128 148
129 150
129 130
129 151
129 149
130 151
130 131
130 152
130 150
131 152
131 132
131 153
131 151
132 153
132 133
132 154
132 152
133 154
133 134
133 155
133 153
134 155
134 135
134 156
134 154
135 156
135 136
135 157
135 155
136 157
136 137
136 158
136 156
137 158
137 138
137 159
137 157
138 159
138 139
138 160
138 158
139 160
139 140
139 161
139 159
140 161
140 141
140 162
140 160
141 162
141 142
141 163
141 161
142 163
142 143
142 164
142 162
143 164
143 144
143 165
143 163
144 165
144 145
144 166
144 164
145 166
145 146
145 167
145 165
146 167
146 147
146 168
146 166
147 168
147 167
148 169
148 149
148 170
149 170
149 150
149 171
149 169
150 171
150 151
150 172
150 170
151 172
151 152
151 173
151 171
152 173
152 153
152 174
152 172
153 174
153 154
153 175
153 173
154 175
154 155
154 176
154 174
155 176
155 156
155 177
155 175
156 177
156 157
156 178
156 176
157 178
157 158
157 179
157 177
158 179
158 159
158 180
158 178
159 180
159 160
159 181
159 179
160 181
160 161
160 182
160 180
161 182
161 162
161 183
161 181
162 183
162 163
162 184
162 182
163 184
163 164
163 185
163 183
164 185
164 165
164 186
164 184
165 186
165 166
165 187
165 185
166 187
166 167
166 188
166 186
167 188
167 168
167 189
167 187
168 189
168 188
169 190
169 170
169 191
170 191
170 171
170 192
170 190
171 192
171 172
171 193
171 191
172 193
172 173
172 194
172 192
173 194
173 174
173 195
173 193
174 195
174 175
174 196
174 194
175 196
175 176
175 197
175 195
176 197
176 177
176 198
176 196
177 198
177 178
177 199
177 197
178 199
178 179
178 200
178 198
179 200
179 180
179 201
179 199
180 201
180 181
180 202
180 200
181 202
181 182
181 203
181 201
182 203
182 183
182 204
182 202
183 204
183 184
183 205
183 203
184 205
184 185
184 206
184 204
185 206
185 186
185 207
185 205
186 207
186 187
186 208
186 206
187 208
187 188
187 209
187 207
188 209
188 189
188 210
188 208
189 210
189 209
190 211
190 191
190 212
191 212
191 192
191 213
191 211
192 213
192 193
192 214
192 212
193 214
193 194
193 215
193 213
194 215
194 195
194 216
194 214
195 216
195 196
195 217
195 215
196 217
196 197
196 218
196 216
197 218
197 198
197 219
197 217
198 219
198 199
198 220
198 218
199 220
199 200
199 221
199 219
200 221
200 201
200 222
200 220
201 222
201 202
201 223
201 221
202 223
202 203
202 224
202 222
203 224
203 204
203 225
203 223
204 225
204 205
204 226
204 224
205 226
205 206
205 227
205 225
206 227
206 207
206 228
206 226
207 228
207 208
207 229
207 227
208 229
208 209
208 230
208 228
209 230
209 210
209 231
209 229
210 231
210 230
211 232
211 212
211 233
212 233
212 213
212 234
212 232
213 234
213 214
213 235
213 233
214 235
214 215
214 236
214 234
215 236
215 216
215 237
215 235
216 237
216 217
216 238
216 236
217 238
217 218
217 239
217 237
218 239
218 219
218 240
218 238
219 240
219 220
219 241
219 239
220 241
220 221
220 242
220 240
221 242
221 222
221 243
221 241
222 243
222 223
222 244
222 242
223 244
223 224
223 245
223 243
224 245
224 225
224 246
224 244
225 246
225 226
225 247
225 245
226 247
226 227
226 248
226 246
227 248
227 228
227 249
227 247
228 249
228 229
228 250
228 248
229 250
229 230
229 251
229 249
230 251
230 231
230 252
230 250
231 252
231 251
232 253
232 233
232 254
233 254
233 234
233 255
233 253
234 255
234 235
234 256
234 254
235 256
235 236
235 257
235 255
236 257
236 237
236 258
236 256
237 258
237 238
237 259
237 257
238 259
238 239
238 260
238 258
239 260
239 240
239 261
239 259
240 261
240 241
240 262
240 260
241 262
241 242
241 263
241 261
242 263
242 243
242 264
242 262
243 264
243 244
243 265
243 263
244 265
244 245
244 266
244 264
245 266
245 246
245 267
245 265
246 267
246 247
246 268
246 266
247 268
247 248
247 269
247 267
248 269
248 249
248 270
248 268
249 270
249 250
249 271
249 269
250 271
250 251
250 272
250 270
251 272
251 252
251 273
251 271
252 273
252 272
253 274
253 254
253 275
254 275
254 255
254 276
254 274
255 276
255 256
255 277
255 275
256 277
256 257
256 278
256 276
257 278
257 258
257 279
257 277
258 279
258 259
258 280
258 278
259 280
259 260
259 281
259 279
260 281
260 261
260 282
260 280
261 282
261 262
261 283
261 281
262 283
262 263
262 284
262 282
263 284
263 264
263 285
263 283
264 285
264 265
264 286
264 284
265 286
265 266
265 287
265 285
266 287
266 267
266 288
266 286
267 288
267 268
267 289
267 287
268 289
268 269
268 290
268 288
269 290
269 270
269 291
269 289
270 291
270 271
270 292
270 290
271 292
271 272
271 293
271 291
272 293
272 273
272 294
272 292
273 294
273 293
274 295
274 275
274 296
275 296
275 276
275 297
275 295
276 297
276 277
276 298
276 296
277 298
277 278
277 299
277 297
278 299
278 279
278 300
278 298
279 300
279 280
279 301
279 299
280 301
280 281
280 302
280 300
281 302
281 282
281 303
281 301
282 303
282 283
282 304
282 302
283 304
283 284
283 305
283 303
284 305
284 285
284 306
284 304
285 306
285 286
285 307
285 305
286 307
286 287
286 308
286 306
287 308
287 288
287 309
287 307
288 309
288 289
288 310
288 308
289 310
289 290
289 311
289 309
290 311
290 291
290 312
290 310
291 312
291 292
291 313
291 311
292 313
292 293
292 314
292 312
293 314
293 294
293 315
293 313
294 315
294 314
295 316
295 296
295 317
296 317
296 297
296 318
296 316
297 318
297 298
297 319
297 317
298 319
298 299
298 320
298 318
299 320
299 300
299 321
299 319
300 321
300 301
300 322
300 320
301 322
301 302
301 323
301 321
302 323
302 303
302 324
302 322
303 324
303 304
303 325
303 323
304 325
304 305
304 326
304 324
305 326
305 306
305 327
305 325
306 327
306 307
306 328
306 326
307 328
307 308
307 329
307 327
308 329
308 309
308 330
308 328
309 330
309 310
309 331
309 329
310 331
310 311
310 332
310 330
311 332
311 312
311 333
311 331
312 333
312 313
312 334
312 332
313 334
313 314
313 335
313 333
314 335
314 315
314 336
314 334
315 336
315 335
316 337
316 317
316 338
317 338
317 318
317 339
317 337
318 339
318 319
318 340
318 338
319 340
319 320
319 341
319 339
320 341
320 321
320 342
320 340
321 342
321 322
321 343
321 341
322 343
322 323
322 344
322 342
323 344
323 324
323 345
323 343
324 345
324 325
324 346
324 344
325 346
325 326
325 347
325 345
326 347
326 327
326 348
326 346
327 348
327 328
327 349
327 347
328 349
328 329
328 350
328 348
329 350
329 330
329 351
329 349
330 351
330 331
330 352
330 350
331 352
331 332
331 353
331 351
332 353
332 333
332 354
332 352
333 354
333 334
333 355
333 353
334 355
334 335
334 356
334 354
335 356
335 336
335 357
335 355
336 357
336 356
337 358
337 338
337 359
338 359
338 339
338 360
338 358
339 360
339 340
339 361
339 359
340 361
340 341
340 362
340 360
341 362
341 342
341 363
341 361
342 363
342 343
342 364
342 362
343 364
343 344
343 365
343 363
344 365
344 345
344 366
344 364
345 366
345 346
345 367
345 365
346 367
346 347
346 368
346 366
347 368
347 348
347 369
347 367
348 369
348 349
348 370
348 368
349 370
349 350
349 371
349 369
350 371
350 351
350 372
350 370
351 372
351 352
351 373
351 371
352 373
352 353
352 374
352 372
353 374
353 354
353 375
353 373
354 375
354 355
354 376
354 374
355 376
355 356
355 377
355 375
356 377
356 357
356 378
356 376
357 378
357 377
358 379
358 359
358 380
359 380
359 360
359 381
359 379
360 381
360 361
360 382
360 380
361 382
361 362
361 383
361 381
362 383
362 363
362 384
362 382
363 384
363 364
363 385
363 383
364 385
364 365
364 386
364 384
365 386
365 366
365 387
365 385
366 387
366 367
366 388
366 386
367 388
367 368
367 389
367 387
368 389
368 369
368 390
368 388
369 390
369 370
369 391
369 389
370 391
370 371
370 392
370 390
371 392
371 372
371 393
371 391
372 393
372 373
372 394
372 392
373 394
373 374
373 395
373 393
374 395
374 375
374 396
374 394
375 396
375 376
375 397
375 395
376 397
376 377
376 398
376 396
377 398
377 378
377 399
377 397
378 399
378 398
379 400
379 380
379 401
380 401
380 381
380 402
380 400
381 402
381 382
381 403
381 401
382 403
382 383
382 404
382 402
383 404
383 384
383 405
383 403
384 405
384 385
384 406
384 404
385 406
385 386
385 407
385 405
386 407
386 387
386 408
386 406
387 408
387 388
387 409
387 407
388 409
388 389
388 410
388 408
389 410
389 390
389 411
389 409
390 411
390 391
390 412
390 410
391 412
391 392
391 413
391 411
392 413
392 393
392 414
392 412
393 414
393 394
393 415
393 413
394 415
394 395
394 416
394 414
395 416
395 396
395 417
395 415
396 417
396 397
396 418
396 416
397 418
397 398
397 419
397 417
398 419
398 399
398 420
398 418
399 420
399 419
400 421
400 401
400 422
401 422
401 402
401 423
401 421
402 423
402 403
402 424
402 422
403 424
403 404
403 425
403 423
404 425
404 405
404 426
404 424
405 426
405 406
405 427
405 425
406 427
406 407
406 428
406 426
407 428
407 408
407 429
407 427
408 429
408 409
408 430
408 428
409 430
409 410
409 431
409 429
410 431
410 411
410 432
410 430
411 432
411 412
411 433
411 431
412 433
412 413
412 434
412 432
413 434
413 414
413 435
413 433
414 435
414 415
414 436
414 434
415 436
415 416
415 437
415 435
416 437
416 417
416 438
416 436
417 438
417 418
417 439
417 437
418 439
418 419
418 440
418 438
419 440
419 420
419 441
419 439
420 441
420 440
421 422
422 423
423 424
424 425
425 426
426 427
427 428
428 429
429 430
430 431
431 432
432 433
433 434
434 435
435 436
436 437
437 438
438 439
439 440
440 441
;
param Grid_Label_Edges :=
0 0 1 0
0 0 0 1
0 0 1 1
0 1 1 1
0 1 0 2
0 1 1 2
0 1 1 0
0 2 1 2
0 2 0 3
0 2 1 3
0 2 1 1
0 3 1 3
0 3 0 4
0 3 1 4
0 3 1 2
0 4 1 4
0 4 0 5
0 4 1 5
0 4 1 3
0 5 1 5
0 5 0 6
0 5 1 6
0 5 1 4
0 6 1 6
0 6 0 7
0 6 1 7
0 6 1 5
0 7 1 7
0 7 0 8
0 7 1 8
0 7 1 6
0 8 1 8
0 8 0 9
0 8 1 9
0 8 1 7
0 9 1 9
0 9 0 10
0 9 1 10
0 9 1 8
0 10 1 10
0 10 0 11
0 10 1 11
0 10 1 9
0 11 1 11
0 11 0 12
0 11 1 12
0 11 1 10
0 12 1 12
0 12 0 13
0 12 1 13
0 12 1 11
0 13 1 13
0 13 0 14
0 13 1 14
0 13 1 12
0 14 1 14
0 14 0 15
0 14 1 15
0 14 1 13
0 15 1 15
0 15 0 16
0 15 1 16
0 15 1 14
0 16 1 16
0 16 0 17
0 16 1 17
0 16 1 15
0 17 1 17
0 17 0 18
0 17 1 18
0 17 1 16
0 18 1 18
0 18 0 19
0 18 1 19
0 18 1 17
0 19 1 19
0 19 0 20
0 19 1 20
0 19 1 18
0 20 1 20
0 20 1 19
1 0 2 0
1 0 1 1
1 0 2 1
1 1 2 1
1 1 1 2
1 1 2 2
1 1 2 0
1 2 2 2
1 2 1 3
1 2 2 3
1 2 2 1
1 3 2 3
1 3 1 4
1 3 2 4
1 3 2 2
1 4 2 4
1 4 1 5
1 4 2 5
1 4 2 3
1 5 2 5
1 5 1 6
1 5 2 6
1 5 2 4
1 6 2 6
1 6 1 7
1 6 2 7
1 6 2 5
1 7 2 7
1 7 1 8
1 7 2 8
1 7 2 6
1 8 2 8
1 8 1 9
1 8 2 9
1 8 2 7
1 9 2 9
1 9 1 10
1 9 2 10
1 9 2 8
1 10 2 10
1 10 1 11
1 10 2 11
1 10 2 9
1 11 2 11
1 11 1 12
1 11 2 12
1 11 2 10
1 12 2 12
1 12 1 13
1 12 2 13
1 12 2 11
1 13 2 13
1 13 1 14
1 13 2 14
1 13 2 12
1 14 2 14
1 14 1 15
1 14 2 15
1 14 2 13
1 15 2 15
1 15 1 16
1 15 2 16
1 15 2 14
1 16 2 16
1 16 1 17
1 16 2 17
1 16 2 15
1 17 2 17
1 17 1 18
1 17 2 18
1 17 2 16
1 18 2 18
1 18 1 19
1 18 2 19
1 18 2 17
1 19 2 19
1 19 1 20
1 19 2 20
1 19 2 18
1 20 2 20
1 20 2 19
2 0 3 0
2 0 2 1
2 0 3 1
2 1 3 1
2 1 2 2
2 1 3 2
2 1 3 0
2 2 3 2
2 2 2 3
2 2 3 3
2 2 3 1
2 3 3 3
2 3 2 4
2 3 3 4
2 3 3 2
2 4 3 4
2 4 2 5
2 4 3 5
2 4 3 3
2 5 3 5
2 5 2 6
2 5 3 6
2 5 3 4
2 6 3 6
2 6 2 7
2 6 3 7
2 6 3 5
2 7 3 7
2 7 2 8
2 7 3 8
2 7 3 6
2 8 3 8
2 8 2 9
2 8 3 9
2 8 3 7
2 9 3 9
2 9 2 10
2 9 3 10
2 9 3 8
2 10 3 10
2 10 2 11
2 10 3 11
2 10 3 9
2 11 3 11
2 11 2 12
2 11 3 12
2 11 3 10
2 12 3 12
2 12 2 13
2 12 3 13
2 12 3 11
2 13 3 13
2 13 2 14
2 13 3 14
2 13 3 12
2 14 3 14
2 14 2 15
2 14 3 15
2 14 3 13
2 15 3 15
2 15 2 16
2 15 3 16
2 15 3 14
2 16 3 16
2 16 2 17
2 16 3 17
2 16 3 15
2 17 3 17
2 17 2 18
2 17 3 18
2 17 3 16
2 18 3 18
2 18 2 19
2 18 3 19
2 18 3 17
2 19 3 19
2 19 2 20
2 19 3 20
2 19 3 18
2 20 3 20
2 20 3 19
3 0 4 0
3 0 3 1
3 0 4 1
3 1 4 1
3 1 3 2
3 1 4 2
3 1 4 0
3 2 4 2
3 2 3 3
3 2 4 3
3 2 4 1
3 3 4 3
3 3 3 4
3 3 4 4
3 3 4 2
3 4 4 4
3 4 3 5
3 4 4 5
3 4 4 3
3 5 4 5
3 5 3 6
3 5 4 6
3 5 4 4
3 6 4 6
3 6 3 7
3 6 4 7
3 6 4 5
3 7 4 7
3 7 3 8
3 7 4 8
3 7 4 6
3 8 4 8
3 8 3 9
3 8 4 9
3 8 4 7
3 9 4 9
3 9 3 10
3 9 4 10
3 9 4 8
3 10 4 10
3 10 3 11
3 10 4 11
3 10 4 9
3 11 4 11
3 11 3 12
3 11 4 12
3 11 4 10
3 12 4 12
3 12 3 13
3 12 4 13
3 12 4 11
3 13 4 13
3 13 3 14
3 13 4 14
3 13 4 12
3 14 4 14
3 14 3 15
3 14 4 15
3 14 4 13
3 15 4 15
3 15 3 16
3 15 4 16
3 15 4 14
3 16 4 16
3 16 3 17
3 16 4 17
3 16 4 15
3 17 4 17
3 17 3 18
3 17 4 18
3 17 4 16
3 18 4 18
3 18 3 19
3 18 4 19
3 18 4 17
3 19 4 19
3 19 3 20
3 19 4 20
3 19 4 18
3 20 4 20
3 20 4 19
4 0 5 0
4 0 4 1
4 0 5 1
4 1 5 1
4 1 4 2
4 1 5 2
4 1 5 0
4 2 5 2
4 2 4 3
4 2 5 3
4 2 5 1
4 3 5 3
4 3 4 4
4 3 5 4
4 3 5 2
4 4 5 4
4 4 4 5
4 4 5 5
4 4 5 3
4 5 5 5
4 5 4 6
4 5 5 6
4 5 5 4
4 6 5 6
4 6 4 7
4 6 5 7
4 6 5 5
4 7 5 7
4 7 4 8
4 7 5 8
4 7 5 6
4 8 5 8
4 8 4 9
4 8 5 9
4 8 5 7
4 9 5 9
4 9 4 10
4 9 5 10
4 9 5 8
4 10 5 10
4 10 4 11
4 10 5 11
4 10 5 9
4 11 5 11
4 11 4 12
4 11 5 12
4 11 5 10
4 12 5 12
4 12 4 13
4 12 5 13
4 12 5 11
4 13 5 13
4 13 4 14
4 13 5 14
4 13 5 12
4 14 5 14
4 14 4 15
4 14 5 15
4 14 5 13
4 15 5 15
4 15 4 16
4 15 5 16
4 15 5 14
4 16 5 16
4 16 4 17
4 16 5 17
4 16 5 15
4 17 5 17
4 17 4 18
4 17 5 18
4 17 5 16
4 18 5 18
4 18 4 19
4 18 5 19
4 18 5 17
4 19 5 19
4 19 4 20
4 19 5 20
4 19 5 18
4 20 5 20
4 20 5 19
5 0 6 0
5 0 5 1
5 0 6 1
5 1 6 1
5 1 5 2
5 1 6 2
5 1 6 0
5 2 6 2
5 2 5 3
5 2 6 3
5 2 6 1
5 3 6 3
5 3 5 4
5 3 6 4
5 3 6 2
5 4 6 4
5 4 5 5
5 4 6 5
5 4 6 3
5 5 6 5
5 5 5 6
5 5 6 6
5 5 6 4
5 6 6 6
5 6 5 7
5 6 6 7
5 6 6 5
5 7 6 7
5 7 5 8
5 7 6 8
5 7 6 6
5 8 6 8
5 8 5 9
5 8 6 9
5 8 6 7
5 9 6 9
5 9 5 10
5 9 6 10
5 9 6 8
5 10 6 10
5 10 5 11
5 10 6 11
5 10 6 9
5 11 6 11
5 11 5 12
5 11 6 12
5 11 6 10
5 12 6 12
5 12 5 13
5 12 6 13
5 12 6 11
5 13 6 13
5 13 5 14
5 13 6 14
5 13 6 12
5 14 6 14
5 14 5 15
5 14 6 15
5 14 6 13
5 15 6 15
5 15 5 16
5 15 6 16
5 15 6 14
5 16 6 16
5 16 5 17
5 16 6 17
5 16 6 15
5 17 6 17
5 17 5 18
5 17 6 18
5 17 6 16
5 18 6 18
5 18 5 19
5 18 6 19
5 18 6 17
5 19 6 19
5 19 5 20
5 19 6 20
5 19 6 18
5 20 6 20
5 20 6 19
6 0 7 0
6 0 6 1
6 0 7 1
6 1 7 1
6 1 6 2
6 1 7 2
6 1 7 0
6 2 7 2
6 2 6 3
6 2 7 3
6 2 7 1
6 3 7 3
6 3 6 4
6 3 7 4
6 3 7 2
6 4 7 4
6 4 6 5
6 4 7 5
6 4 7 3
6 5 7 5
6 5 6 6
6 5 7 6
6 5 7 4
6 6 7 6
6 6 6 7
6 6 7 7
6 6 7 5
6 7 7 7
6 7 6 8
6 7 7 8
6 7 7 6
6 8 7 8
6 8 6 9
6 8 7 9
6 8 7 7
6 9 7 9
6 9 6 10
6 9 7 10
6 9 7 8
6 10 7 10
6 10 6 11
6 10 7 11
6 10 7 9
6 11 7 11
6 11 6 12
6 11 7 12
6 11 7 10
6 12 7 12
6 12 6 13
6 12 7 13
6 12 7 11
6 13 7 13
6 13 6 14
6 13 7 14
6 13 7 12
6 14 7 14
6 14 6 15
6 14 7 15
6 14 7 13
6 15 7 15
6 15 6 16
6 15 7 16
6 15 7 14
6 16 7 16
6 16 6 17
6 16 7 17
6 16 7 15
6 17 7 17
6 17 6 18
6 17 7 18
6 17 7 16
6 18 7 18
6 18 6 19
6 18 7 19
6 18 7 17
6 19 7 19
6 19 6 20
6 19 7 20
6 19 7 18
6 20 7 20
6 20 7 19
7 0 8 0
7 0 7 1
7 0 8 1
7 1 8 1
7 1 7 2
7 1 8 2
7 1 8 0
7 2 8 2
7 2 7 3
7 2 8 3
7 2 8 1
7 3 8 3
7 3 7 4
7 3 8 4
7 3 8 2
7 4 8 4
7 4 7 5
7 4 8 5
7 4 8 3
7 5 8 5
7 5 7 6
7 5 8 6
7 5 8 4
7 6 8 6
7 6 7 7
7 6 8 7
7 6 8 5
7 7 8 7
7 7 7 8
7 7 8 8
7 7 8 6
7 8 8 8
7 8 7 9
7 8 8 9
7 8 8 7
7 9 8 9
7 9 7 10
7 9 8 10
7 9 8 8
7 10 8 10
7 10 7 11
7 10 8 11
7 10 8 9
7 11 8 11
7 11 7 12
7 11 8 12
7 11 8 10
7 12 8 12
7 12 7 13
7 12 8 13
7 12 8 11
7 13 8 13
7 13 7 14
7 13 8 14
7 13 8 12
7 14 8 14
7 14 7 15
7 14 8 15
7 14 8 13
7 15 8 15
7 15 7 16
7 15 8 16
7 15 8 14
7 16 8 16
7 16 7 17
7 16 8 17
7 16 8 15
7 17 8 17
7 17 7 18
7 17 8 18
7 17 8 16
7 18 8 18
7 18 7 19
7 18 8 19
7 18 8 17
7 19 8 19
7 19 7 20
7 19 8 20
7 19 8 18
7 20 8 20
7 20 8 19
8 0 9 0
8 0 8 1
8 0 9 1
8 1 9 1
8 1 8 2
8 1 9 2
8 1 9 0
8 2 9 2
8 2 8 3
8 2 9 3
8 2 9 1
8 3 9 3
8 3 8 4
8 3 9 4
8 3 9 2
8 4 9 4
8 4 8 5
8 4 9 5
8 4 9 3
8 5 9 5
8 5 8 6
8 5 9 6
8 5 9 4
8 6 9 6
8 6 8 7
8 6 9 7
8 6 9 5
8 7 9 7
8 7 8 8
8 7 9 8
8 7 9 6
8 8 9 8
8 8 8 9
8 8 9 9
8 8 9 7
8 9 9 9
8 9 8 10
8 9 9 10
8 9 9 8
8 10 9 10
8 10 8 11
8 10 9 11
8 10 9 9
8 11 9 11
8 11 8 12
8 11 9 12
8 11 9 10
8 12 9 12
8 12 8 13
8 12 9 13
8 12 9 11
8 13 9 13
8 13 8 14
8 13 9 14
8 13 9 12
8 14 9 14
8 14 8 15
8 14 9 15
8 14 9 13
8 15 9 15
8 15 8 16
8 15 9 16
8 15 9 14
8 16 9 16
8 16 8 17
8 16 9 17
8 16 9 15
8 17 9 17
8 17 8 18
8 17 9 18
8 17 9 16
8 18 9 18
8 18 8 19
8 18 9 19
8 18 9 17
8 19 9 19
8 19 8 20
8 19 9 20
8 19 9 18
8 20 9 20
8 20 9 19
9 0 10 0
9 0 9 1
9 0 10 1
9 1 10 1
9 1 9 2
9 1 10 2
9 1 10 0
9 2 10 2
9 2 9 3
9 2 10 3
9 2 10 1
9 3 10 3
9 3 9 4
9 3 10 4
9 3 10 2
9 4 10 4
9 4 9 5
9 4 10 5
9 4 10 3
9 5 10 5
9 5 9 6
9 5 10 6
9 5 10 4
9 6 10 6
9 6 9 7
9 6 10 7
9 6 10 5
9 7 10 7
9 7 9 8
9 7 10 8
9 7 10 6
9 8 10 8
9 8 9 9
9 8 10 9
9 8 10 7
9 9 10 9
9 9 9 10
9 9 10 10
9 9 10 8
9 10 10 10
9 10 9 11
9 10 10 11
9 10 10 9
9 11 10 11
9 11 9 12
9 11 10 12
9 11 10 10
9 12 10 12
9 12 9 13
9 12 10 13
9 12 10 11
9 13 10 13
9 13 9 14
9 13 10 14
9 13 10 12
9 14 10 14
9 14 9 15
9 14 10 15
9 14 10 13
9 15 10 15
9 15 9 16
9 15 10 16
9 15 10 14
9 16 10 16
9 16 9 17
9 16 10 17
9 16 10 15
9 17 10 17
9 17 9 18
9 17 10 18
9 17 10 16
9 18 10 18
9 18 9 19
9 18 10 19
9 18 10 17
9 19 10 19
9 19 9 20
9 19 10 20
9 19 10 18
9 20 10 20
9 20 10 19
10 0 11 0
10 0 10 1
10 0 11 1
10 1 11 1
10 1 10 2
10 1 11 2
10 1 11 0
10 2 11 2
10 2 10 3
10 2 11 3
10 2 11 1
10 3 11 3
10 3 10 4
10 3 11 4
10 3 11 2
10 4 11 4
10 4 10 5
10 4 11 5
10 4 11 3
10 5 11 5
10 5 10 6
10 5 11 6
10 5 11 4
10 6 11 6
10 6 10 7
10 6 11 7
10 6 11 5
10 7 11 7
10 7 10 8
10 7 11 8
10 7 11 6
10 8 11 8
10 8 10 9
10 8 11 9
10 8 11 7
10 9 11 9
10 9 10 10
10 9 11 10
10 9 11 8
10 10 11 10
10 10 10 11
10 10 11 11
10 10 11 9
10 11 11 11
10 11 10 12
10 11 11 12
10 11 11 10
10 12 11 12
10 12 10 13
10 12 11 13
10 12 11 11
10 13 11 13
10 13 10 14
10 13 11 14
10 13 11 12
10 14 11 14
10 14 10 15
10 14 11 15
10 14 11 13
10 15 11 15
10 15 10 16
10 15 11 16
10 15 11 14
10 16 11 16
10 16 10 17
10 16 11 17
10 16 11 15
10 17 11 17
10 17 10 18
10 17 11 18
10 17 11 16
10 18 11 18
10 18 10 19
10 18 11 19
10 18 11 17
10 19 11 19
10 19 10 20
10 19 11 20
10 19 11 18
10 20 11 20
10 20 11 19
11 0 12 0
11 0 11 1
11 0 12 1
11 1 12 1
11 1 11 2
11 1 12 2
11 1 12 0
11 2 12 2
11 2 11 3
11 2 12 3
11 2 12 1
11 3 12 3
11 3 11 4
11 3 12 4
11 3 12 2
11 4 12 4
11 4 11 5
11 4 12 5
11 4 12 3
11 5 12 5
11 5 11 6
11 5 12 6
11 5 12 4
11 6 12 6
11 6 11 7
11 6 12 7
11 6 12 5
11 7 12 7
11 7 11 8
11 7 12 8
11 7 12 6
11 8 12 8
11 8 11 9
11 8 12 9
11 8 12 7
11 9 12 9
11 9 11 10
11 9 12 10
11 9 12 8
11 10 12 10
11 10 11 11
11 10 12 11
11 10 12 9
11 11 12 11
11 11 11 12
11 11 12 12
11 11 12 10
11 12 12 12
11 12 11 13
11 12 12 13
11 12 12 11
11 13 12 13
11 13 11 14
11 13 12 14
11 13 12 12
11 14 12 14
11 14 11 15
11 14 12 15
11 14 12 13
11 15 12 15
11 15 11 16
11 15 12 16
11 15 12 14
11 16 12 16
11 16 11 17
11 16 12 17
11 16 12 15
11 17 12 17
11 17 11 18
11 17 12 18
11 17 12 16
11 18 12 18
11 18 11 19
11 18 12 19
11 18 12 17
11 19 12 19
11 19 11 20
11 19 12 20
11 19 12 18
11 20 12 20
11 20 12 19
12 0 13 0
12 0 12 1
12 0 13 1
12 1 13 1
12 1 12 2
12 1 13 2
12 1 13 0
12 2 13 2
12 2 12 3
12 2 13 3
12 2 13 1
12 3 13 3
12 3 12 4
12 3 13 4
12 3 13 2
12 4 13 4
12 4 12 5
12 4 13 5
12 4 13 3
12 5 13 5
12 5 12 6
12 5 13 6
12 5 13 4
12 6 13 6
12 6 12 7
12 6 13 7
12 6 13 5
12 7 13 7
12 7 12 8
12 7 13 8
12 7 13 6
12 8 13 8
12 8 12 9
12 8 13 9
12 8 13 7
12 9 13 9
12 9 12 10
12 9 13 10
12 9 13 8
12 10 13 10
12 10 12 11
12 10 13 11
12 10 13 9
12 11 13 11
12 11 12 12
12 11 13 12
12 11 13 10
12 12 13 12
12 12 12 13
12 12 13 13
12 12 13 11
12 13 13 13
12 13 12 14
12 13 13 14
12 13 13 12
12 14 13 14
12 14 12 15
12 14 13 15
12 14 13 13
12 15 13 15
12 15 12 16
12 15 13 16
12 15 13 14
12 16 13 16
12 16 12 17
12 16 13 17
12 16 13 15
12 17 13 17
12 17 12 18
12 17 13 18
12 17 13 16
12 18 13 18
12 18 12 19
12 18 13 19
12 18 13 17
12 19 13 19
12 19 12 20
12 19 13 20
12 19 13 18
12 20 13 20
12 20 13 19
13 0 14 0
13 0 13 1
13 0 14 1
13 1 14 1
13 1 13 2
13 1 14 2
13 1 14 0
13 2 14 2
13 2 13 3
13 2 14 3
13 2 14 1
13 3 14 3
13 3 13 4
13 3 14 4
13 3 14 2
13 4 14 4
13 4 13 5
13 4 14 5
13 4 14 3
13 5 14 5
13 5 13 6
13 5 14 6
13 5 14 4
13 6 14 6
13 6 13 7
13 6 14 7
13 6 14 5
13 7 14 7
13 7 13 8
13 7 14 8
13 7 14 6
13 8 14 8
13 8 13 9
13 8 14 9
13 8 14 7
13 9 14 9
13 9 13 10
13 9 14 10
13 9 14 8
13 10 14 10
13 10 13 11
13 10 14 11
13 10 14 9
13 11 14 11
13 11 13 12
13 11 14 12
13 11 14 10
13 12 14 12
13 12 13 13
13 12 14 13
13 12 14 11
13 13 14 13
13 13 13 14
13 13 14 14
13 13 14 12
13 14 14 14
13 14 13 15
13 14 14 15
13 14 14 13
13 15 14 15
13 15 13 16
13 15 14 16
13 15 14 14
13 16 14 16
13 16 13 17
13 16 14 17
13 16 14 15
13 17 14 17
13 17 13 18
13 17 14 18
13 17 14 16
13 18 14 18
13 18 13 19
13 18 14 19
13 18 14 17
13 19 14 19
13 19 13 20
13 19 14 20
13 19 14 18
13 20 14 20
13 20 14 19
14 0 15 0
14 0 14 1
14 0 15 1
14 1 15 1
14 1 14 2
14 1 15 2
14 1 15 0
14 2 15 2
14 2 14 3
14 2 15 3
14 2 15 1
14 3 15 3
14 3 14 4
14 3 15 4
14 3 15 2
14 4 15 4
14 4 14 5
14 4 15 5
14 4 15 3
14 5 15 5
14 5 14 6
14 5 15 6
14 5 15 4
14 6 15 6
14 6 14 7
14 6 15 7
14 6 15 5
14 7 15 7
14 7 14 8
14 7 15 8
14 7 15 6
14 8 15 8
14 8 14 9
14 8 15 9
14 8 15 7
14 9 15 9
14 9 14 10
14 9 15 10
14 9 15 8
14 10 15 10
14 10 14 11
14 10 15 11
14 10 15 9
14 11 15 11
14 11 14 12
14 11 15 12
14 11 15 10
14 12 15 12
14 12 14 13
14 12 15 13
14 12 15 11
14 13 15 13
14 13 14 14
14 13 15 14
14 13 15 12
14 14 15 14
14 14 14 15
14 14 15 15
14 14 15 13
14 15 15 15
14 15 14 16
14 15 15 16
14 15 15 14
14 16 15 16
14 16 14 17
14 16 15 17
14 16 15 15
14 17 15 17
14 17 14 18
14 17 15 18
14 17 15 16
14 18 15 18
14 18 14 19
14 18 15 19
14 18 15 17
14 19 15 19
14 19 14 20
14 19 15 20
14 19 15 18
14 20 15 20
14 20 15 19
15 0 16 0
15 0 15 1
15 0 16 1
15 1 16 1
15 1 15 2
15 1 16 2
15 1 16 0
15 2 16 2
15 2 15 3
15 2 16 3
15 2 16 1
15 3 16 3
15 3 15 4
15 3 16 4
15 3 16 2
15 4 16 4
15 4 15 5
15 4 16 5
15 4 16 3
15 5 16 5
15 5 15 6
15 5 16 6
15 5 16 4
15 6 16 6
15 6 15 7
15 6 16 7
15 6 16 5
15 7 16 7
15 7 15 8
15 7 16 8
15 7 16 6
15 8 16 8
15 8 15 9
15 8 16 9
15 8 16 7
15 9 16 9
15 9 15 10
15 9 16 10
15 9 16 8
15 10 16 10
15 10 15 11
15 10 16 11
15 10 16 9
15 11 16 11
15 11 15 12
15 11 16 12
15 11 16 10
15 12 16 12
15 12 15 13
15 12 16 13
15 12 16 11
15 13 16 13
15 13 15 14
15 13 16 14
15 13 16 12
15 14 16 14
15 14 15 15
15 14 16 15
15 14 16 13
15 15 16 15
15 15 15 16
15 15 16 16
15 15 16 14
15 16 16 16
15 16 15 17
15 16 16 17
15 16 16 15
15 17 16 17
15 17 15 18
15 17 16 18
15 17 16 16
15 18 16 18
15 18 15 19
15 18 16 19
15 18 16 17
15 19 16 19
15 19 15 20
15 19 16 20
15 19 16 18
15 20 16 20
15 20 16 19
16 0 17 0
16 0 16 1
16 0 17 1
16 1 17 1
16 1 16 2
16 1 17 2
16 1 17 0
16 2 17 2
16 2 16 3
16 2 17 3
16 2 17 1
16 3 17 3
16 3 16 4
16 3 17 4
16 3 17 2
16 4 17 4
16 4 16 5
16 4 17 5
16 4 17 3
16 5 17 5
16 5 16 6
16 5 17 6
16 5 17 4
16 6 17 6
16 6 16 7
16 6 17 7
16 6 17 5
16 7 17 7
16 7 16 8
16 7 17 8
16 7 17 6
16 8 17 8
16 8 16 9
16 8 17 9
16 8 17 7
16 9 17 9
16 9 16 10
16 9 17 10
16 9 17 8
16 10 17 10
16 10 16 11
16 10 17 11
16 10 17 9
16 11 17 11
16 11 16 12
16 11 17 12
16 11 17 10
16 12 17 12
16 12 16 13
16 12 17 13
16 12 17 11
16 13 17 13
16 13 16 14
16 13 17 14
16 13 17 12
16 14 17 14
16 14 16 15
16 14 17 15
16 14 17 13
16 15 17 15
16 15 16 16
16 15 17 16
16 15 17 14
16 16 17 16
16 16 16 17
16 16 17 17
16 16 17 15
16 17 17 17
16 17 16 18
16 17 17 18
16 17 17 16
16 18 17 18
16 18 16 19
16 18 17 19
16 18 17 17
16 19 17 19
16 19 16 20
16 19 17 20
16 19 17 18
16 20 17 20
16 20 17 19
17 0 18 0
17 0 17 1
17 0 18 1
17 1 18 1
17 1 17 2
17 1 18 2
17 1 18 0
17 2 18 2
17 2 17 3
17 2 18 3
17 2 18 1
17 3 18 3
17 3 17 4
17 3 18 4
17 3 18 2
17 4 18 4
17 4 17 5
17 4 18 5
17 4 18 3
17 5 18 5
17 5 17 6
17 5 18 6
17 5 18 4
17 6 18 6
17 6 17 7
17 6 18 7
17 6 18 5
17 7 18 7
17 7 17 8
17 7 18 8
17 7 18 6
17 8 18 8
17 8 17 9
17 8 18 9
17 8 18 7
17 9 18 9
17 9 17 10
17 9 18 10
17 9 18 8
17 10 18 10
17 10 17 11
17 10 18 11
17 10 18 9
17 11 18 11
17 11 17 12
17 11 18 12
17 11 18 10
17 12 18 12
17 12 17 13
17 12 18 13
17 12 18 11
17 13 18 13
17 13 17 14
17 13 18 14
17 13 18 12
17 14 18 14
17 14 17 15
17 14 18 15
17 14 18 13
17 15 18 15
17 15 17 16
17 15 18 16
17 15 18 14
17 16 18 16
17 16 17 17
17 16 18 17
17 16 18 15
17 17 18 17
17 17 17 18
17 17 18 18
17 17 18 16
17 18 18 18
17 18 17 19
17 18 18 19
17 18 18 17
17 19 18 19
17 19 17 20
17 19 18 20
17 19 18 18
17 20 18 20
17 20 18 19
18 0 19 0
18 0 18 1
18 0 19 1
18 1 19 1
18 1 18 2
18 1 19 2
18 1 19 0
18 2 19 2
18 2 18 3
18 2 19 3
18 2 19 1
18 3 19 3
18 3 18 4
18 3 19 4
18 3 19 2
18 4 19 4
18 4 18 5
18 4 19 5
18 4 19 3
18 5 19 5
18 5 18 6
18 5 19 6
18 5 19 4
18 6 19 6
18 6 18 7
18 6 19 7
18 6 19 5
18 7 19 7
18 7 18 8
18 7 19 8
18 7 19 6
18 8 19 8
18 8 18 9
18 8 19 9
18 8 19 7
18 9 19 9
18 9 18 10
18 9 19 10
18 9 19 8
18 10 19 10
18 10 18 11
18 10 19 11
18 10 19 9
18 11 19 11
18 11 18 12
18 11 19 12
18 11 19 10
18 12 19 12
18 12 18 13
18 12 19 13
18 12 19 11
18 13 19 13
18 13 18 14
18 13 19 14
18 13 19 12
18 14 19 14
18 14 18 15
18 14 19 15
18 14 19 13
18 15 19 15
18 15 18 16
18 15 19 16
18 15 19 14
18 16 19 16
18 16 18 17
18 16 19 17
18 16 19 15
18 17 19 17
18 17 18 18
18 17 19 18
18 17 19 16
18 18 19 18
18 18 18 19
18 18 19 19
18 18 19 17
18 19 19 19
18 19 18 20
18 19 19 20
18 19 19 18
18 20 19 20
18 20 19 19
19 0 20 0
19 0 19 1
19 0 20 1
19 1 20 1
19 1 19 2
19 1 20 2
19 1 20 0
19 2 20 2
19 2 19 3
19 2 20 3
19 2 20 1
19 3 20 3
19 3 19 4
19 3 20 4
19 3 20 2
19 4 20 4
19 4 19 5
19 4 20 5
19 4 20 3
19 5 20 5
19 5 19 6
19 5 20 6
19 5 20 4
19 6 20 6
19 6 19 7
19 6 20 7
19 6 20 5
19 7 20 7
19 7 19 8
19 7 20 8
19 7 20 6
19 8 20 8
19 8 19 9
19 8 20 9
19 8 20 7
19 9 20 9
19 9 19 10
19 9 20 10
19 9 20 8
19 10 20 10
19 10 19 11
19 10 20 11
19 10 20 9
19 11 20 11
19 11 19 12
19 11 20 12
19 11 20 10
19 12 20 12
19 12 19 13
19 12 20 13
19 12 20 11
19 13 20 13
19 13 19 14
19 13 20 14
19 13 20 12
19 14 20 14
19 14 19 15
19 14 20 15
19 14 20 13
19 15 20 15
19 15 19 16
19 15 20 16
19 15 20 14
19 16 20 16
19 16 19 17
19 16 20 17
19 16 20 15
19 17 20 17
19 17 19 18
19 17 20 18
19 17 20 16
19 18 20 18
19 18 19 19
19 18 20 19
19 18 20 17
19 19 20 19
19 19 19 20
19 19 20 20
19 19 20 18
19 20 20 20
19 20 20 19
20 0 20 1
20 1 20 2
20 2 20 3
20 3 20 4
20 4 20 5
20 5 20 6
20 6 20 7
20 7 20 8
20 8 20 9
20 9 20 10
20 10 20 11
20 11 20 12
20 12 20 13
20 13 20 14
20 14 20 15
20 15 20 16
20 16 20 17
20 17 20 18
20 18 20 19
20 19 20 20
;
param Centralities :=
degree centrality: {(0, 0): 0.006818181818181818, (0, 1): 0.011363636363636364, (0, 2): 0.011363636363636364, (0, 3): 0.011363636363636364, (0, 4): 0.011363636363636364, (0, 5): 0.011363636363636364, (0, 6): 0.011363636363636364, (0, 7): 0.011363636363636364, (0, 8): 0.011363636363636364, (0, 9): 0.011363636363636364, (0, 10): 0.011363636363636364, (0, 11): 0.011363636363636364, (0, 12): 0.011363636363636364, (0, 13): 0.011363636363636364, (0, 14): 0.011363636363636364, (0, 15): 0.011363636363636364, (0, 16): 0.011363636363636364, (0, 17): 0.011363636363636364, (0, 18): 0.011363636363636364, (0, 19): 0.011363636363636364, (0, 20): 0.006818181818181818, (1, 0): 0.011363636363636364, (1, 1): 0.01818181818181818, (1, 2): 0.01818181818181818, (1, 3): 0.01818181818181818, (1, 4): 0.01818181818181818, (1, 5): 0.01818181818181818, (1, 6): 0.01818181818181818, (1, 7): 0.01818181818181818, (1, 8): 0.01818181818181818, (1, 9): 0.01818181818181818, (1, 10): 0.01818181818181818, (1, 11): 0.01818181818181818, (1, 12): 0.01818181818181818, (1, 13): 0.01818181818181818, (1, 14): 0.01818181818181818, (1, 15): 0.01818181818181818, (1, 16): 0.01818181818181818, (1, 17): 0.01818181818181818, (1, 18): 0.01818181818181818, (1, 19): 0.01818181818181818, (1, 20): 0.011363636363636364, (2, 0): 0.011363636363636364, (2, 1): 0.01818181818181818, (2, 2): 0.01818181818181818, (2, 3): 0.01818181818181818, (2, 4): 0.01818181818181818, (2, 5): 0.01818181818181818, (2, 6): 0.01818181818181818, (2, 7): 0.01818181818181818, (2, 8): 0.01818181818181818, (2, 9): 0.01818181818181818, (2, 10): 0.01818181818181818, (2, 11): 0.01818181818181818, (2, 12): 0.01818181818181818, (2, 13): 0.01818181818181818, (2, 14): 0.01818181818181818, (2, 15): 0.01818181818181818, (2, 16): 0.01818181818181818, (2, 17): 0.01818181818181818, (2, 18): 0.01818181818181818, (2, 19): 0.01818181818181818, (2, 20): 0.011363636363636364, (3, 0): 0.011363636363636364, (3, 1): 0.01818181818181818, (3, 2): 0.01818181818181818, (3, 3): 0.01818181818181818, (3, 4): 0.01818181818181818, (3, 5): 0.01818181818181818, (3, 6): 0.01818181818181818, (3, 7): 0.01818181818181818, (3, 8): 0.01818181818181818, (3, 9): 0.01818181818181818, (3, 10): 0.01818181818181818, (3, 11): 0.01818181818181818, (3, 12): 0.01818181818181818, (3, 13): 0.01818181818181818, (3, 14): 0.01818181818181818, (3, 15): 0.01818181818181818, (3, 16): 0.01818181818181818, (3, 17): 0.01818181818181818, (3, 18): 0.01818181818181818, (3, 19): 0.01818181818181818, (3, 20): 0.011363636363636364, (4, 0): 0.011363636363636364, (4, 1): 0.01818181818181818, (4, 2): 0.01818181818181818, (4, 3): 0.01818181818181818, (4, 4): 0.01818181818181818, (4, 5): 0.01818181818181818, (4, 6): 0.01818181818181818, (4, 7): 0.01818181818181818, (4, 8): 0.01818181818181818, (4, 9): 0.01818181818181818, (4, 10): 0.01818181818181818, (4, 11): 0.01818181818181818, (4, 12): 0.01818181818181818, (4, 13): 0.01818181818181818, (4, 14): 0.01818181818181818, (4, 15): 0.01818181818181818, (4, 16): 0.01818181818181818, (4, 17): 0.01818181818181818, (4, 18): 0.01818181818181818, (4, 19): 0.01818181818181818, (4, 20): 0.011363636363636364, (5, 0): 0.011363636363636364, (5, 1): 0.01818181818181818, (5, 2): 0.01818181818181818, (5, 3): 0.01818181818181818, (5, 4): 0.01818181818181818, (5, 5): 0.01818181818181818, (5, 6): 0.01818181818181818, (5, 7): 0.01818181818181818, (5, 8): 0.01818181818181818, (5, 9): 0.01818181818181818, (5, 10): 0.01818181818181818, (5, 11): 0.01818181818181818, (5, 12): 0.01818181818181818, (5, 13): 0.01818181818181818, (5, 14): 0.01818181818181818, (5, 15): 0.01818181818181818, (5, 16): 0.01818181818181818, (5, 17): 0.01818181818181818, (5, 18): 0.01818181818181818, (5, 19): 0.01818181818181818, (5, 20): 0.011363636363636364, (6, 0): 0.011363636363636364, (6, 1): 0.01818181818181818, (6, 2): 0.01818181818181818, (6, 3): 0.01818181818181818, (6, 4): 0.01818181818181818, (6, 5): 0.01818181818181818, (6, 6): 0.01818181818181818, (6, 7): 0.01818181818181818, (6, 8): 0.01818181818181818, (6, 9): 0.01818181818181818, (6, 10): 0.01818181818181818, (6, 11): 0.01818181818181818, (6, 12): 0.01818181818181818, (6, 13): 0.01818181818181818, (6, 14): 0.01818181818181818, (6, 15): 0.01818181818181818, (6, 16): 0.01818181818181818, (6, 17): 0.01818181818181818, (6, 18): 0.01818181818181818, (6, 19): 0.01818181818181818, (6, 20): 0.011363636363636364, (7, 0): 0.011363636363636364, (7, 1): 0.01818181818181818, (7, 2): 0.01818181818181818, (7, 3): 0.01818181818181818, (7, 4): 0.01818181818181818, (7, 5): 0.01818181818181818, (7, 6): 0.01818181818181818, (7, 7): 0.01818181818181818, (7, 8): 0.01818181818181818, (7, 9): 0.01818181818181818, (7, 10): 0.01818181818181818, (7, 11): 0.01818181818181818, (7, 12): 0.01818181818181818, (7, 13): 0.01818181818181818, (7, 14): 0.01818181818181818, (7, 15): 0.01818181818181818, (7, 16): 0.01818181818181818, (7, 17): 0.01818181818181818, (7, 18): 0.01818181818181818, (7, 19): 0.01818181818181818, (7, 20): 0.011363636363636364, (8, 0): 0.011363636363636364, (8, 1): 0.01818181818181818, (8, 2): 0.01818181818181818, (8, 3): 0.01818181818181818, (8, 4): 0.01818181818181818, (8, 5): 0.01818181818181818, (8, 6): 0.01818181818181818, (8, 7): 0.01818181818181818, (8, 8): 0.01818181818181818, (8, 9): 0.01818181818181818, (8, 10): 0.01818181818181818, (8, 11): 0.01818181818181818, (8, 12): 0.01818181818181818, (8, 13): 0.01818181818181818, (8, 14): 0.01818181818181818, (8, 15): 0.01818181818181818, (8, 16): 0.01818181818181818, (8, 17): 0.01818181818181818, (8, 18): 0.01818181818181818, (8, 19): 0.01818181818181818, (8, 20): 0.011363636363636364, (9, 0): 0.011363636363636364, (9, 1): 0.01818181818181818, (9, 2): 0.01818181818181818, (9, 3): 0.01818181818181818, (9, 4): 0.01818181818181818, (9, 5): 0.01818181818181818, (9, 6): 0.01818181818181818, (9, 7): 0.01818181818181818, (9, 8): 0.01818181818181818, (9, 9): 0.01818181818181818, (9, 10): 0.01818181818181818, (9, 11): 0.01818181818181818, (9, 12): 0.01818181818181818, (9, 13): 0.01818181818181818, (9, 14): 0.01818181818181818, (9, 15): 0.01818181818181818, (9, 16): 0.01818181818181818, (9, 17): 0.01818181818181818, (9, 18): 0.01818181818181818, (9, 19): 0.01818181818181818, (9, 20): 0.011363636363636364, (10, 0): 0.011363636363636364, (10, 1): 0.01818181818181818, (10, 2): 0.01818181818181818, (10, 3): 0.01818181818181818, (10, 4): 0.01818181818181818, (10, 5): 0.01818181818181818, (10, 6): 0.01818181818181818, (10, 7): 0.01818181818181818, (10, 8): 0.01818181818181818, (10, 9): 0.01818181818181818, (10, 10): 0.01818181818181818, (10, 11): 0.01818181818181818, (10, 12): 0.01818181818181818, (10, 13): 0.01818181818181818, (10, 14): 0.01818181818181818, (10, 15): 0.01818181818181818, (10, 16): 0.01818181818181818, (10, 17): 0.01818181818181818, (10, 18): 0.01818181818181818, (10, 19): 0.01818181818181818, (10, 20): 0.011363636363636364, (11, 0): 0.011363636363636364, (11, 1): 0.01818181818181818, (11, 2): 0.01818181818181818, (11, 3): 0.01818181818181818, (11, 4): 0.01818181818181818, (11, 5): 0.01818181818181818, (11, 6): 0.01818181818181818, (11, 7): 0.01818181818181818, (11, 8): 0.01818181818181818, (11, 9): 0.01818181818181818, (11, 10): 0.01818181818181818, (11, 11): 0.01818181818181818, (11, 12): 0.01818181818181818, (11, 13): 0.01818181818181818, (11, 14): 0.01818181818181818, (11, 15): 0.01818181818181818, (11, 16): 0.01818181818181818, (11, 17): 0.01818181818181818, (11, 18): 0.01818181818181818, (11, 19): 0.01818181818181818, (11, 20): 0.011363636363636364, (12, 0): 0.011363636363636364, (12, 1): 0.01818181818181818, (12, 2): 0.01818181818181818, (12, 3): 0.01818181818181818, (12, 4): 0.01818181818181818, (12, 5): 0.01818181818181818, (12, 6): 0.01818181818181818, (12, 7): 0.01818181818181818, (12, 8): 0.01818181818181818, (12, 9): 0.01818181818181818, (12, 10): 0.01818181818181818, (12, 11): 0.01818181818181818, (12, 12): 0.01818181818181818, (12, 13): 0.01818181818181818, (12, 14): 0.01818181818181818, (12, 15): 0.01818181818181818, (12, 16): 0.01818181818181818, (12, 17): 0.01818181818181818, (12, 18): 0.01818181818181818, (12, 19): 0.01818181818181818, (12, 20): 0.011363636363636364, (13, 0): 0.011363636363636364, (13, 1): 0.01818181818181818, (13, 2): 0.01818181818181818, (13, 3): 0.01818181818181818, (13, 4): 0.01818181818181818, (13, 5): 0.01818181818181818, (13, 6): 0.01818181818181818, (13, 7): 0.01818181818181818, (13, 8): 0.01818181818181818, (13, 9): 0.01818181818181818, (13, 10): 0.01818181818181818, (13, 11): 0.01818181818181818, (13, 12): 0.01818181818181818, (13, 13): 0.01818181818181818, (13, 14): 0.01818181818181818, (13, 15): 0.01818181818181818, (13, 16): 0.01818181818181818, (13, 17): 0.01818181818181818, (13, 18): 0.01818181818181818, (13, 19): 0.01818181818181818, (13, 20): 0.011363636363636364, (14, 0): 0.011363636363636364, (14, 1): 0.01818181818181818, (14, 2): 0.01818181818181818, (14, 3): 0.01818181818181818, (14, 4): 0.01818181818181818, (14, 5): 0.01818181818181818, (14, 6): 0.01818181818181818, (14, 7): 0.01818181818181818, (14, 8): 0.01818181818181818, (14, 9): 0.01818181818181818, (14, 10): 0.01818181818181818, (14, 11): 0.01818181818181818, (14, 12): 0.01818181818181818, (14, 13): 0.01818181818181818, (14, 14): 0.01818181818181818, (14, 15): 0.01818181818181818, (14, 16): 0.01818181818181818, (14, 17): 0.01818181818181818, (14, 18): 0.01818181818181818, (14, 19): 0.01818181818181818, (14, 20): 0.011363636363636364, (15, 0): 0.011363636363636364, (15, 1): 0.01818181818181818, (15, 2): 0.01818181818181818, (15, 3): 0.01818181818181818, (15, 4): 0.01818181818181818, (15, 5): 0.01818181818181818, (15, 6): 0.01818181818181818, (15, 7): 0.01818181818181818, (15, 8): 0.01818181818181818, (15, 9): 0.01818181818181818, (15, 10): 0.01818181818181818, (15, 11): 0.01818181818181818, (15, 12): 0.01818181818181818, (15, 13): 0.01818181818181818, (15, 14): 0.01818181818181818, (15, 15): 0.01818181818181818, (15, 16): 0.01818181818181818, (15, 17): 0.01818181818181818, (15, 18): 0.01818181818181818, (15, 19): 0.01818181818181818, (15, 20): 0.011363636363636364, (16, 0): 0.011363636363636364, (16, 1): 0.01818181818181818, (16, 2): 0.01818181818181818, (16, 3): 0.01818181818181818, (16, 4): 0.01818181818181818, (16, 5): 0.01818181818181818, (16, 6): 0.01818181818181818, (16, 7): 0.01818181818181818, (16, 8): 0.01818181818181818, (16, 9): 0.01818181818181818, (16, 10): 0.01818181818181818, (16, 11): 0.01818181818181818, (16, 12): 0.01818181818181818, (16, 13): 0.01818181818181818, (16, 14): 0.01818181818181818, (16, 15): 0.01818181818181818, (16, 16): 0.01818181818181818, (16, 17): 0.01818181818181818, (16, 18): 0.01818181818181818, (16, 19): 0.01818181818181818, (16, 20): 0.011363636363636364, (17, 0): 0.011363636363636364, (17, 1): 0.01818181818181818, (17, 2): 0.01818181818181818, (17, 3): 0.01818181818181818, (17, 4): 0.01818181818181818, (17, 5): 0.01818181818181818, (17, 6): 0.01818181818181818, (17, 7): 0.01818181818181818, (17, 8): 0.01818181818181818, (17, 9): 0.01818181818181818, (17, 10): 0.01818181818181818, (17, 11): 0.01818181818181818, (17, 12): 0.01818181818181818, (17, 13): 0.01818181818181818, (17, 14): 0.01818181818181818, (17, 15): 0.01818181818181818, (17, 16): 0.01818181818181818, (17, 17): 0.01818181818181818, (17, 18): 0.01818181818181818, (17, 19): 0.01818181818181818, (17, 20): 0.011363636363636364, (18, 0): 0.011363636363636364, (18, 1): 0.01818181818181818, (18, 2): 0.01818181818181818, (18, 3): 0.01818181818181818, (18, 4): 0.01818181818181818, (18, 5): 0.01818181818181818, (18, 6): 0.01818181818181818, (18, 7): 0.01818181818181818, (18, 8): 0.01818181818181818, (18, 9): 0.01818181818181818, (18, 10): 0.01818181818181818, (18, 11): 0.01818181818181818, (18, 12): 0.01818181818181818, (18, 13): 0.01818181818181818, (18, 14): 0.01818181818181818, (18, 15): 0.01818181818181818, (18, 16): 0.01818181818181818, (18, 17): 0.01818181818181818, (18, 18): 0.01818181818181818, (18, 19): 0.01818181818181818, (18, 20): 0.011363636363636364, (19, 0): 0.011363636363636364, (19, 1): 0.01818181818181818, (19, 2): 0.01818181818181818, (19, 3): 0.01818181818181818, (19, 4): 0.01818181818181818, (19, 5): 0.01818181818181818, (19, 6): 0.01818181818181818, (19, 7): 0.01818181818181818, (19, 8): 0.01818181818181818, (19, 9): 0.01818181818181818, (19, 10): 0.01818181818181818, (19, 11): 0.01818181818181818, (19, 12): 0.01818181818181818, (19, 13): 0.01818181818181818, (19, 14): 0.01818181818181818, (19, 15): 0.01818181818181818, (19, 16): 0.01818181818181818, (19, 17): 0.01818181818181818, (19, 18): 0.01818181818181818, (19, 19): 0.01818181818181818, (19, 20): 0.011363636363636364, (20, 0): 0.006818181818181818, (20, 1): 0.011363636363636364, (20, 2): 0.011363636363636364, (20, 3): 0.011363636363636364, (20, 4): 0.011363636363636364, (20, 5): 0.011363636363636364, (20, 6): 0.011363636363636364, (20, 7): 0.011363636363636364, (20, 8): 0.011363636363636364, (20, 9): 0.011363636363636364, (20, 10): 0.011363636363636364, (20, 11): 0.011363636363636364, (20, 12): 0.011363636363636364, (20, 13): 0.011363636363636364, (20, 14): 0.011363636363636364, (20, 15): 0.011363636363636364, (20, 16): 0.011363636363636364, (20, 17): 0.011363636363636364, (20, 18): 0.011363636363636364, (20, 19): 0.011363636363636364, (20, 20): 0.006818181818181818}
eigenvector centrality: {(0, 0): 0.0018443676848995888, (0, 1): 0.0036509375107246127, (0, 2): 0.005382726592574917, (0, 3): 0.007004357176452702, (0, 4): 0.008482799153231193, (0, 5): 0.009788045779513928, (0, 6): 0.010893708249091418, (0, 7): 0.011777519953537334, (0, 8): 0.012421746120020552, (0, 9): 0.012813498375717942, (0, 10): 0.01294495623297, (0, 11): 0.012813498375717942, (0, 12): 0.012421746120020552, (0, 13): 0.011777519953537333, (0, 14): 0.010893708249091416, (0, 15): 0.009788045779513928, (0, 16): 0.008482799153231193, (0, 17): 0.007004357176452702, (0, 18): 0.005382726592574915, (0, 19): 0.0036509375107246127, (0, 20): 0.0018443676848995888, (1, 0): 0.003650937510724612, (1, 1): 0.007227053920076518, (1, 2): 0.010655141373221646, (1, 3): 0.013865169382110767, (1, 4): 0.01679175463658203, (1, 5): 0.019375498598080586, (1, 6): 0.021564164457621837, (1, 7): 0.023313675322834553, (1, 8): 0.02458892509860361, (1, 9): 0.025364401169316944, (1, 10): 0.025624622830133535, (1, 11): 0.025364401169316944, (1, 12): 0.02458892509860361, (1, 13): 0.02331367532283455, (1, 14): 0.021564164457621833, (1, 15): 0.019375498598080586, (1, 16): 0.01679175463658203, (1, 17): 0.013865169382110767, (1, 18): 0.010655141373221644, (1, 19): 0.007227053920076518, (1, 20): 0.003650937510724612, (2, 0): 0.005382726592574915, (2, 1): 0.010655141373221646, (2, 2): 0.015709311005408635, (2, 3): 0.02044198667449409, (2, 4): 0.024756771090388832, (2, 5): 0.028566090556720335, (2, 6): 0.03179293020812684, (2, 7): 0.03437230567826743, (2, 8): 0.03625245861434026, (2, 9): 0.03739577472300345, (2, 10): 0.03777943016753706, (2, 11): 0.037395774723003455, (2, 12): 0.036252458614340254, (2, 13): 0.03437230567826742, (2, 14): 0.03179293020812683, (2, 15): 0.028566090556720335, (2, 16): 0.024756771090388825, (2, 17): 0.02044198667449409, (2, 18): 0.015709311005408635, (2, 19): 0.010655141373221646, (2, 20): 0.005382726592574917, (3, 0): 0.007004357176452701, (3, 1): 0.013865169382110765, (3, 2): 0.020441986674494088, (3, 3): 0.026600454918507984, (3, 4): 0.03221513563255504, (3, 5): 0.03717207217438232, (3, 6): 0.04137104774575334, (3, 7): 0.0447275004234664, (3, 8): 0.04717407884132184, (3, 9): 0.04866183681173701, (3, 10): 0.04916107446016431, (3, 11): 0.048661836811737025, (3, 12): 0.04717407884132184, (3, 13): 0.0447275004234664, (3, 14): 0.04137104774575334, (3, 15): 0.03717207217438233, (3, 16): 0.03221513563255504, (3, 17): 0.026600454918507994, (3, 18): 0.02044198667449409, (3, 19): 0.013865169382110768, (3, 20): 0.007004357176452703, (4, 0): 0.008482799153231193, (4, 1): 0.01679175463658203, (4, 2): 0.02475677109038883, (4, 3): 0.03221513563255504, (4, 4): 0.03901493290258844, (4, 5): 0.045018152904131595, (4, 6): 0.05010342561709502, (4, 7): 0.05416834024310562, (4, 8): 0.05713132925244229, (4, 9): 0.05893311515994542, (4, 10): 0.059537729201556144, (4, 11): 0.058933115159945426, (4, 12): 0.057131329252442305, (4, 13): 0.05416834024310563, (4, 14): 0.05010342561709502, (4, 15): 0.04501815290413159, (4, 16): 0.03901493290258844, (4, 17): 0.03221513563255505, (4, 18): 0.024756771090388832, (4, 19): 0.016791754636582033, (4, 20): 0.008482799153231194, (5, 0): 0.009788045779513928, (5, 1): 0.019375498598080586, (5, 2): 0.02856609055672033, (5, 3): 0.037172072174382315, (5, 4): 0.04501815290413159, (5, 5): 0.05194508717879443, (5, 6): 0.05781282979731903, (5, 7): 0.06250321203206191, (5, 8): 0.06592211557365252, (5, 9): 0.0680011419220255, (5, 10): 0.06869878780651735, (5, 11): 0.0680011419220255, (5, 12): 0.06592211557365252, (5, 13): 0.06250321203206191, (5, 14): 0.05781282979731903, (5, 15): 0.051945087178794445, (5, 16): 0.0450181529041316, (5, 17): 0.03717207217438233, (5, 18): 0.028566090556720335, (5, 19): 0.019375498598080586, (5, 20): 0.00978804577951393, (6, 0): 0.010893708249091416, (6, 1): 0.02156416445762184, (6, 2): 0.03179293020812683, (6, 3): 0.04137104774575334, (6, 4): 0.05010342561709503, (6, 5): 0.05781282979731905, (6, 6): 0.06434339551052323, (6, 7): 0.06956360563141906, (6, 8): 0.07336871020007825, (6, 9): 0.07568258438819772, (6, 10): 0.0764590366952292, (6, 11): 0.07568258438819771, (6, 12): 0.07336871020007822, (6, 13): 0.06956360563141907, (6, 14): 0.06434339551052325, (6, 15): 0.05781282979731905, (6, 16): 0.05010342561709502, (6, 17): 0.04137104774575334, (6, 18): 0.031792930208126825, (6, 19): 0.021564164457621837, (6, 20): 0.010893708249091416, (7, 0): 0.011777519953537336, (7, 1): 0.02331367532283455, (7, 2): 0.03437230567826742, (7, 3): 0.0447275004234664, (7, 4): 0.05416834024310563, (7, 5): 0.06250321203206191, (7, 6): 0.06956360563141907, (7, 7): 0.07520733386928848, (7, 8): 0.079321148371932, (7, 9): 0.08182274826770898, (7, 10): 0.08266219451777689, (7, 11): 0.08182274826770898, (7, 12): 0.07932114837193197, (7, 13): 0.07520733386928848, (7, 14): 0.06956360563141907, (7, 15): 0.06250321203206191, (7, 16): 0.05416834024310562, (7, 17): 0.0447275004234664, (7, 18): 0.03437230567826742, (7, 19): 0.023313675322834553, (7, 20): 0.011777519953537334, (8, 0): 0.012421746120020552, (8, 1): 0.02458892509860361, (8, 2): 0.036252458614340254, (8, 3): 0.04717407884132184, (8, 4): 0.057131329252442305, (8, 5): 0.06592211557365253, (8, 6): 0.07336871020007824, (8, 7): 0.07932114837193197, (8, 8): 0.08365998706957717, (8, 9): 0.08629842359286903, (8, 10): 0.08718378725524305, (8, 11): 0.08629842359286906, (8, 12): 0.08365998706957717, (8, 13): 0.07932114837193198, (8, 14): 0.07336871020007825, (8, 15): 0.06592211557365253, (8, 16): 0.05713132925244229, (8, 17): 0.04717407884132184, (8, 18): 0.03625245861434026, (8, 19): 0.02458892509860361, (8, 20): 0.012421746120020552, (9, 0): 0.01281349837571794, (9, 1): 0.02536440116931694, (9, 2): 0.03739577472300345, (9, 3): 0.04866183681173701, (9, 4): 0.05893311515994542, (9, 5): 0.0680011419220255, (9, 6): 0.07568258438819771, (9, 7): 0.08182274826770897, (9, 8): 0.08629842359286903, (9, 9): 0.08902007011333256, (9, 10): 0.08993335603466247, (9, 11): 0.08902007011333259, (9, 12): 0.08629842359286903, (9, 13): 0.08182274826770897, (9, 14): 0.07568258438819771, (9, 15): 0.0680011419220255, (9, 16): 0.05893311515994542, (9, 17): 0.04866183681173701, (9, 18): 0.037395774723003455, (9, 19): 0.025364401169316944, (9, 20): 0.01281349837571794, (10, 0): 0.01294495623297, (10, 1): 0.02562462283013353, (10, 2): 0.03777943016753705, (10, 3): 0.0491610744601643, (10, 4): 0.05953772920155613, (10, 5): 0.06869878780651735, (10, 6): 0.07645903669522922, (10, 7): 0.08266219451777686, (10, 8): 0.08718378725524303, (10, 9): 0.08993335603466247, (10, 10): 0.09085601165400582, (10, 11): 0.08993335603466246, (10, 12): 0.08718378725524305, (10, 13): 0.08266219451777689, (10, 14): 0.07645903669522922, (10, 15): 0.06869878780651735, (10, 16): 0.05953772920155613, (10, 17): 0.049161074460164295, (10, 18): 0.037779430167537056, (10, 19): 0.025624622830133535, (10, 20): 0.01294495623297, (11, 0): 0.012813498375717939, (11, 1): 0.025364401169316944, (11, 2): 0.03739577472300345, (11, 3): 0.04866183681173701, (11, 4): 0.05893311515994542, (11, 5): 0.0680011419220255, (11, 6): 0.07568258438819771, (11, 7): 0.08182274826770897, (11, 8): 0.08629842359286903, (11, 9): 0.08902007011333257, (11, 10): 0.08993335603466247, (11, 11): 0.08902007011333257, (11, 12): 0.08629842359286906, (11, 13): 0.08182274826770898, (11, 14): 0.07568258438819771, (11, 15): 0.0680011419220255, (11, 16): 0.05893311515994542, (11, 17): 0.048661836811737004, (11, 18): 0.037395774723003455, (11, 19): 0.025364401169316937, (11, 20): 0.01281349837571794, (12, 0): 0.012421746120020553, (12, 1): 0.024588925098603606, (12, 2): 0.036252458614340254, (12, 3): 0.04717407884132184, (12, 4): 0.05713132925244229, (12, 5): 0.06592211557365253, (12, 6): 0.07336871020007824, (12, 7): 0.07932114837193197, (12, 8): 0.08365998706957715, (12, 9): 0.08629842359286903, (12, 10): 0.08718378725524305, (12, 11): 0.08629842359286904, (12, 12): 0.08365998706957717, (12, 13): 0.07932114837193198, (12, 14): 0.07336871020007825, (12, 15): 0.06592211557365253, (12, 16): 0.05713132925244229, (12, 17): 0.04717407884132184, (12, 18): 0.036252458614340254, (12, 19): 0.024588925098603606, (12, 20): 0.01242174612002055, (13, 0): 0.011777519953537336, (13, 1): 0.02331367532283455, (13, 2): 0.03437230567826742, (13, 3): 0.0447275004234664, (13, 4): 0.054168340243105614, (13, 5): 0.06250321203206191, (13, 6): 0.06956360563141906, (13, 7): 0.07520733386928848, (13, 8): 0.07932114837193197, (13, 9): 0.08182274826770897, (13, 10): 0.08266219451777687, (13, 11): 0.08182274826770897, (13, 12): 0.07932114837193198, (13, 13): 0.07520733386928849, (13, 14): 0.06956360563141907, (13, 15): 0.06250321203206192, (13, 16): 0.05416834024310563, (13, 17): 0.0447275004234664, (13, 18): 0.03437230567826742, (13, 19): 0.023313675322834546, (13, 20): 0.011777519953537334, (14, 0): 0.01089370824909142, (14, 1): 0.02156416445762184, (14, 2): 0.03179293020812683, (14, 3): 0.04137104774575334, (14, 4): 0.05010342561709502, (14, 5): 0.05781282979731903, (14, 6): 0.06434339551052325, (14, 7): 0.06956360563141907, (14, 8): 0.07336871020007825, (14, 9): 0.07568258438819772, (14, 10): 0.07645903669522922, (14, 11): 0.07568258438819771, (14, 12): 0.07336871020007825, (14, 13): 0.06956360563141907, (14, 14): 0.06434339551052325, (14, 15): 0.05781282979731905, (14, 16): 0.05010342561709502, (14, 17): 0.04137104774575334, (14, 18): 0.03179293020812683, (14, 19): 0.021564164457621837, (14, 20): 0.010893708249091418, (15, 0): 0.009788045779513931, (15, 1): 0.01937549859808059, (15, 2): 0.028566090556720335, (15, 3): 0.037172072174382335, (15, 4): 0.04501815290413159, (15, 5): 0.051945087178794445, (15, 6): 0.05781282979731905, (15, 7): 0.06250321203206191, (15, 8): 0.06592211557365253, (15, 9): 0.0680011419220255, (15, 10): 0.06869878780651734, (15, 11): 0.0680011419220255, (15, 12): 0.06592211557365253, (15, 13): 0.06250321203206192, (15, 14): 0.05781282979731905, (15, 15): 0.051945087178794445, (15, 16): 0.0450181529041316, (15, 17): 0.03717207217438233, (15, 18): 0.028566090556720335, (15, 19): 0.019375498598080586, (15, 20): 0.009788045779513931, (16, 0): 0.008482799153231194, (16, 1): 0.016791754636582033, (16, 2): 0.02475677109038883, (16, 3): 0.032215135632555056, (16, 4): 0.03901493290258844, (16, 5): 0.045018152904131595, (16, 6): 0.05010342561709503, (16, 7): 0.05416834024310563, (16, 8): 0.057131329252442305, (16, 9): 0.058933115159945426, (16, 10): 0.059537729201556144, (16, 11): 0.058933115159945426, (16, 12): 0.057131329252442305, (16, 13): 0.05416834024310562, (16, 14): 0.05010342561709503, (16, 15): 0.0450181529041316, (16, 16): 0.03901493290258844, (16, 17): 0.032215135632555056, (16, 18): 0.02475677109038883, (16, 19): 0.016791754636582033, (16, 20): 0.008482799153231194, (17, 0): 0.0070043571764527015, (17, 1): 0.013865169382110763, (17, 2): 0.02044198667449409, (17, 3): 0.026600454918507994, (17, 4): 0.03221513563255505, (17, 5): 0.03717207217438232, (17, 6): 0.04137104774575334, (17, 7): 0.044727500423466404, (17, 8): 0.04717407884132184, (17, 9): 0.04866183681173702, (17, 10): 0.04916107446016431, (17, 11): 0.04866183681173702, (17, 12): 0.04717407884132184, (17, 13): 0.0447275004234664, (17, 14): 0.04137104774575334, (17, 15): 0.03717207217438233, (17, 16): 0.03221513563255505, (17, 17): 0.026600454918507994, (17, 18): 0.02044198667449409, (17, 19): 0.013865169382110768, (17, 20): 0.007004357176452703, (18, 0): 0.005382726592574917, (18, 1): 0.010655141373221646, (18, 2): 0.015709311005408635, (18, 3): 0.020441986674494088, (18, 4): 0.024756771090388832, (18, 5): 0.028566090556720335, (18, 6): 0.03179293020812684, (18, 7): 0.03437230567826743, (18, 8): 0.03625245861434026, (18, 9): 0.03739577472300346, (18, 10): 0.03777943016753707, (18, 11): 0.037395774723003455, (18, 12): 0.03625245861434026, (18, 13): 0.03437230567826743, (18, 14): 0.03179293020812683, (18, 15): 0.028566090556720335, (18, 16): 0.024756771090388836, (18, 17): 0.020441986674494088, (18, 18): 0.01570931100540864, (18, 19): 0.010655141373221646, (18, 20): 0.005382726592574917, (19, 0): 0.003650937510724612, (19, 1): 0.007227053920076518, (19, 2): 0.010655141373221646, (19, 3): 0.01386516938211077, (19, 4): 0.01679175463658203, (19, 5): 0.019375498598080586, (19, 6): 0.021564164457621837, (19, 7): 0.02331367532283455, (19, 8): 0.02458892509860361, (19, 9): 0.025364401169316944, (19, 10): 0.025624622830133538, (19, 11): 0.025364401169316944, (19, 12): 0.02458892509860361, (19, 13): 0.02331367532283455, (19, 14): 0.021564164457621837, (19, 15): 0.019375498598080586, (19, 16): 0.016791754636582026, (19, 17): 0.013865169382110767, (19, 18): 0.010655141373221646, (19, 19): 0.007227053920076518, (19, 20): 0.003650937510724612, (20, 0): 0.0018443676848995888, (20, 1): 0.003650937510724612, (20, 2): 0.005382726592574916, (20, 3): 0.0070043571764527015, (20, 4): 0.008482799153231194, (20, 5): 0.00978804577951393, (20, 6): 0.01089370824909142, (20, 7): 0.011777519953537336, (20, 8): 0.012421746120020555, (20, 9): 0.012813498375717939, (20, 10): 0.01294495623297, (20, 11): 0.01281349837571794, (20, 12): 0.012421746120020552, (20, 13): 0.011777519953537334, (20, 14): 0.010893708249091416, (20, 15): 0.009788045779513928, (20, 16): 0.008482799153231194, (20, 17): 0.007004357176452702, (20, 18): 0.005382726592574917, (20, 19): 0.003650937510724612, (20, 20): 0.0018443676848995888}
closeness centrality: {(0, 0): 0.07394957983193277, (0, 1): 0.0766417000522557, (0, 2): 0.07922218221101908, (0, 3): 0.08164780107626647, (0, 4): 0.08387342737323675, (0, 5): 0.08585365853658537, (0, 6): 0.08754476721050537, (0, 7): 0.08890684986866033, (0, 8): 0.08990600735594606, (0, 9): 0.09051635465953507, (0, 10): 0.09072164948453608, (0, 11): 0.09051635465953507, (0, 12): 0.08990600735594606, (0, 13): 0.08890684986866033, (0, 14): 0.08754476721050537, (0, 15): 0.08585365853658537, (0, 16): 0.08387342737323675, (0, 17): 0.08164780107626647, (0, 18): 0.07922218221101908, (0, 19): 0.0766417000522557, (0, 20): 0.07394957983193277, (1, 0): 0.0766417000522557, (1, 1): 0.07981135497914021, (1, 2): 0.08287813147485402, (1, 3): 0.08578670306102554, (1, 4): 0.08847778001206515, (1, 5): 0.090890311919025, (1, 6): 0.09296429326008873, (1, 7): 0.09464400946440095, (1, 8): 0.09588145565482677, (1, 9): 0.09663957830002197, (1, 10): 0.09689495705791676, (1, 11): 0.09663957830002197, (1, 12): 0.09588145565482677, (1, 13): 0.09464400946440095, (1, 14): 0.09296429326008873, (1, 15): 0.090890311919025, (1, 16): 0.08847778001206515, (1, 17): 0.08578670306102554, (1, 18): 0.08287813147485402, (1, 19): 0.07981135497914021, (1, 20): 0.0766417000522557, (2, 0): 0.07922218221101908, (2, 1): 0.08287813147485402, (2, 2): 0.08647798742138364, (2, 3): 0.08992438176987533, (2, 4): 0.09314140558848434, (2, 5): 0.09604889762060685, (2, 6): 0.0985663082437276, (2, 7): 0.10061742510862108, (2, 8): 0.1021355617455896, (2, 9): 0.10306863434059499, (2, 10): 0.10338345864661654, (2, 11): 0.10306863434059499, (2, 12): 0.1021355617455896, (2, 13): 0.10061742510862108, (2, 14): 0.0985663082437276, (2, 15): 0.09604889762060685, (2, 16): 0.09314140558848434, (2, 17): 0.08992438176987533, (2, 18): 0.08647798742138364, (2, 19): 0.08287813147485402, (2, 20): 0.07922218221101908, (3, 0): 0.08164780107626647, (3, 1): 0.08578670306102554, (3, 2): 0.08992438176987533, (3, 3): 0.09395686525731368, (3, 4): 0.09775605421017551, (3, 5): 0.10121923165401427, (3, 6): 0.10424070125562662, (3, 7): 0.10671840892553966, (3, 8): 0.10856155933876141, (3, 9): 0.10969832959361756, (3, 10): 0.11008256192144109, (3, 11): 0.10969832959361756, (3, 12): 0.10856155933876141, (3, 13): 0.10671840892553966, (3, 14): 0.10424070125562662, (3, 15): 0.10121923165401427, (3, 16): 0.09775605421017551, (3, 17): 0.09395686525731368, (3, 18): 0.08992438176987533, (3, 19): 0.08578670306102554, (3, 20): 0.08164780107626647, (4, 0): 0.08387342737323675, (4, 1): 0.08847778001206515, (4, 2): 0.09314140558848434, (4, 3): 0.09775605421017551, (4, 4): 0.10218300046446818, (4, 5): 0.10625452789181357, (4, 6): 0.10983524712930604, (4, 7): 0.11279159189951295, (4, 8): 0.11500261369576581, (4, 9): 0.11637133033588998, (4, 10): 0.11683483802442911, (4, 11): 0.11637133033588998, (4, 12): 0.11500261369576581, (4, 13): 0.11279159189951295, (4, 14): 0.10983524712930604, (4, 15): 0.10625452789181357, (4, 16): 0.10218300046446818, (4, 17): 0.09775605421017551, (4, 18): 0.09314140558848434, (4, 19): 0.08847778001206515, (4, 20): 0.08387342737323675, (5, 0): 0.08585365853658537, (5, 1): 0.090890311919025, (5, 2): 0.09604889762060685, (5, 3): 0.10121923165401427, (5, 4): 0.10625452789181357, (5, 5): 0.11097099621689786, (5, 6): 0.11515310128238682, (5, 7): 0.11863035858722028, (5, 8): 0.1212455221824194, (5, 9): 0.12287070650656241, (5, 10): 0.12342215988779803, (5, 11): 0.12287070650656241, (5, 12): 0.1212455221824194, (5, 13): 0.11863035858722028, (5, 14): 0.11515310128238682, (5, 15): 0.11097099621689786, (5, 16): 0.10625452789181357, (5, 17): 0.10121923165401427, (5, 18): 0.09604889762060685, (5, 19): 0.090890311919025, (5, 20): 0.08585365853658537, (6, 0): 0.08754476721050537, (6, 1): 0.09296429326008873, (6, 2): 0.0985663082437276, (6, 3): 0.10424070125562662, (6, 4): 0.10983524712930604, (6, 5): 0.11515310128238682, (6, 6): 0.11995637949836423, (6, 7): 0.12397858551704706, (6, 8): 0.12702078521939955, (6, 9): 0.12891883973044244, (6, 10): 0.12956419316843346, (6, 11): 0.12891883973044244, (6, 12): 0.12702078521939955, (6, 13): 0.12397858551704706, (6, 14): 0.11995637949836423, (6, 15): 0.11515310128238682, (6, 16): 0.10983524712930604, (6, 17): 0.10424070125562662, (6, 18): 0.0985663082437276, (6, 19): 0.09296429326008873, (6, 20): 0.08754476721050537, (7, 0): 0.08890684986866033, (7, 1): 0.09464400946440095, (7, 2): 0.10061742510862108, (7, 3): 0.10671840892553966, (7, 4): 0.11279159189951295, (7, 5): 0.11863035858722028, (7, 6): 0.12397858551704706, (7, 7): 0.12854221443178498, (7, 8): 0.132013201320132, (7, 9): 0.13418725221103994, (7, 10): 0.1349279362158847, (7, 11): 0.13418725221103994, (7, 12): 0.132013201320132, (7, 13): 0.12854221443178498, (7, 14): 0.12397858551704706, (7, 15): 0.11863035858722028, (7, 16): 0.11279159189951295, (7, 17): 0.10671840892553966, (7, 18): 0.10061742510862108, (7, 19): 0.09464400946440095, (7, 20): 0.08890684986866033, (8, 0): 0.08990600735594606, (8, 1): 0.09588145565482677, (8, 2): 0.1021355617455896, (8, 3): 0.10856155933876141, (8, 4): 0.11500261369576581, (8, 5): 0.1212455221824194, (8, 6): 0.12702078521939955, (8, 7): 0.132013201320132, (8, 8): 0.13588634959851761, (8, 9): 0.1383212826155297, (8, 10): 0.13915243516761544, (8, 11): 0.1383212826155297, (8, 12): 0.13588634959851761, (8, 13): 0.132013201320132, (8, 14): 0.12702078521939955, (8, 15): 0.1212455221824194, (8, 16): 0.11500261369576581, (8, 17): 0.10856155933876141, (8, 18): 0.1021355617455896, (8, 19): 0.09588145565482677, (8, 20): 0.08990600735594606, (9, 0): 0.09051635465953507, (9, 1): 0.09663957830002197, (9, 2): 0.10306863434059499, (9, 3): 0.10969832959361756, (9, 4): 0.11637133033588998, (9, 5): 0.12287070650656241, (9, 6): 0.12891883973044244, (9, 7): 0.13418725221103994, (9, 8): 0.1383212826155297, (9, 9): 0.14098045498237743, (9, 10): 0.1418897129958078, (9, 11): 0.14098045498237743, (9, 12): 0.1383212826155297, (9, 13): 0.13418725221103994, (9, 14): 0.12891883973044244, (9, 15): 0.12287070650656241, (9, 16): 0.11637133033588998, (9, 17): 0.10969832959361756, (9, 18): 0.10306863434059499, (9, 19): 0.09663957830002197, (9, 20): 0.09051635465953507, (10, 0): 0.09072164948453608, (10, 1): 0.09689495705791676, (10, 2): 0.10338345864661654, (10, 3): 0.11008256192144109, (10, 4): 0.11683483802442911, (10, 5): 0.12342215988779803, (10, 6): 0.12956419316843346, (10, 7): 0.1349279362158847, (10, 8): 0.13915243516761544, (10, 9): 0.1418897129958078, (10, 10): 0.14285714285714285, (10, 11): 0.1418897129958078, (10, 12): 0.13915243516761544, (10, 13): 0.1349279362158847, (10, 14): 0.12956419316843346, (10, 15): 0.12342215988779803, (10, 16): 0.11683483802442911, (10, 17): 0.11008256192144109, (10, 18): 0.10338345864661654, (10, 19): 0.09689495705791676, (10, 20): 0.09072164948453608, (11, 0): 0.09051635465953507, (11, 1): 0.09663957830002197, (11, 2): 0.10306863434059499, (11, 3): 0.10969832959361756, (11, 4): 0.11637133033588998, (11, 5): 0.12287070650656241, (11, 6): 0.12891883973044244, (11, 7): 0.13418725221103994, (11, 8): 0.1383212826155297, (11, 9): 0.14098045498237743, (11, 10): 0.1418897129958078, (11, 11): 0.14098045498237743, (11, 12): 0.1383212826155297, (11, 13): 0.13418725221103994, (11, 14): 0.12891883973044244, (11, 15): 0.12287070650656241, (11, 16): 0.11637133033588998, (11, 17): 0.10969832959361756, (11, 18): 0.10306863434059499, (11, 19): 0.09663957830002197, (11, 20): 0.09051635465953507, (12, 0): 0.08990600735594606, (12, 1): 0.09588145565482677, (12, 2): 0.1021355617455896, (12, 3): 0.10856155933876141, (12, 4): 0.11500261369576581, (12, 5): 0.1212455221824194, (12, 6): 0.12702078521939955, (12, 7): 0.132013201320132, (12, 8): 0.13588634959851761, (12, 9): 0.1383212826155297, (12, 10): 0.13915243516761544, (12, 11): 0.1383212826155297, (12, 12): 0.13588634959851761, (12, 13): 0.132013201320132, (12, 14): 0.12702078521939955, (12, 15): 0.1212455221824194, (12, 16): 0.11500261369576581, (12, 17): 0.10856155933876141, (12, 18): 0.1021355617455896, (12, 19): 0.09588145565482677, (12, 20): 0.08990600735594606, (13, 0): 0.08890684986866033, (13, 1): 0.09464400946440095, (13, 2): 0.10061742510862108, (13, 3): 0.10671840892553966, (13, 4): 0.11279159189951295, (13, 5): 0.11863035858722028, (13, 6): 0.12397858551704706, (13, 7): 0.12854221443178498, (13, 8): 0.132013201320132, (13, 9): 0.13418725221103994, (13, 10): 0.1349279362158847, (13, 11): 0.13418725221103994, (13, 12): 0.132013201320132, (13, 13): 0.12854221443178498, (13, 14): 0.12397858551704706, (13, 15): 0.11863035858722028, (13, 16): 0.11279159189951295, (13, 17): 0.10671840892553966, (13, 18): 0.10061742510862108, (13, 19): 0.09464400946440095, (13, 20): 0.08890684986866033, (14, 0): 0.08754476721050537, (14, 1): 0.09296429326008873, (14, 2): 0.0985663082437276, (14, 3): 0.10424070125562662, (14, 4): 0.10983524712930604, (14, 5): 0.11515310128238682, (14, 6): 0.11995637949836423, (14, 7): 0.12397858551704706, (14, 8): 0.12702078521939955, (14, 9): 0.12891883973044244, (14, 10): 0.12956419316843346, (14, 11): 0.12891883973044244, (14, 12): 0.12702078521939955, (14, 13): 0.12397858551704706, (14, 14): 0.11995637949836423, (14, 15): 0.11515310128238682, (14, 16): 0.10983524712930604, (14, 17): 0.10424070125562662, (14, 18): 0.0985663082437276, (14, 19): 0.09296429326008873, (14, 20): 0.08754476721050537, (15, 0): 0.08585365853658537, (15, 1): 0.090890311919025, (15, 2): 0.09604889762060685, (15, 3): 0.10121923165401427, (15, 4): 0.10625452789181357, (15, 5): 0.11097099621689786, (15, 6): 0.11515310128238682, (15, 7): 0.11863035858722028, (15, 8): 0.1212455221824194, (15, 9): 0.12287070650656241, (15, 10): 0.12342215988779803, (15, 11): 0.12287070650656241, (15, 12): 0.1212455221824194, (15, 13): 0.11863035858722028, (15, 14): 0.11515310128238682, (15, 15): 0.11097099621689786, (15, 16): 0.10625452789181357, (15, 17): 0.10121923165401427, (15, 18): 0.09604889762060685, (15, 19): 0.090890311919025, (15, 20): 0.08585365853658537, (16, 0): 0.08387342737323675, (16, 1): 0.08847778001206515, (16, 2): 0.09314140558848434, (16, 3): 0.09775605421017551, (16, 4): 0.10218300046446818, (16, 5): 0.10625452789181357, (16, 6): 0.10983524712930604, (16, 7): 0.11279159189951295, (16, 8): 0.11500261369576581, (16, 9): 0.11637133033588998, (16, 10): 0.11683483802442911, (16, 11): 0.11637133033588998, (16, 12): 0.11500261369576581, (16, 13): 0.11279159189951295, (16, 14): 0.10983524712930604, (16, 15): 0.10625452789181357, (16, 16): 0.10218300046446818, (16, 17): 0.09775605421017551, (16, 18): 0.09314140558848434, (16, 19): 0.08847778001206515, (16, 20): 0.08387342737323675, (17, 0): 0.08164780107626647, (17, 1): 0.08578670306102554, (17, 2): 0.08992438176987533, (17, 3): 0.09395686525731368, (17, 4): 0.09775605421017551, (17, 5): 0.10121923165401427, (17, 6): 0.10424070125562662, (17, 7): 0.10671840892553966, (17, 8): 0.10856155933876141, (17, 9): 0.10969832959361756, (17, 10): 0.11008256192144109, (17, 11): 0.10969832959361756, (17, 12): 0.10856155933876141, (17, 13): 0.10671840892553966, (17, 14): 0.10424070125562662, (17, 15): 0.10121923165401427, (17, 16): 0.09775605421017551, (17, 17): 0.09395686525731368, (17, 18): 0.08992438176987533, (17, 19): 0.08578670306102554, (17, 20): 0.08164780107626647, (18, 0): 0.07922218221101908, (18, 1): 0.08287813147485402, (18, 2): 0.08647798742138364, (18, 3): 0.08992438176987533, (18, 4): 0.09314140558848434, (18, 5): 0.09604889762060685, (18, 6): 0.0985663082437276, (18, 7): 0.10061742510862108, (18, 8): 0.1021355617455896, (18, 9): 0.10306863434059499, (18, 10): 0.10338345864661654, (18, 11): 0.10306863434059499, (18, 12): 0.1021355617455896, (18, 13): 0.10061742510862108, (18, 14): 0.0985663082437276, (18, 15): 0.09604889762060685, (18, 16): 0.09314140558848434, (18, 17): 0.08992438176987533, (18, 18): 0.08647798742138364, (18, 19): 0.08287813147485402, (18, 20): 0.07922218221101908, (19, 0): 0.0766417000522557, (19, 1): 0.07981135497914021, (19, 2): 0.08287813147485402, (19, 3): 0.08578670306102554, (19, 4): 0.08847778001206515, (19, 5): 0.090890311919025, (19, 6): 0.09296429326008873, (19, 7): 0.09464400946440095, (19, 8): 0.09588145565482677, (19, 9): 0.09663957830002197, (19, 10): 0.09689495705791676, (19, 11): 0.09663957830002197, (19, 12): 0.09588145565482677, (19, 13): 0.09464400946440095, (19, 14): 0.09296429326008873, (19, 15): 0.090890311919025, (19, 16): 0.08847778001206515, (19, 17): 0.08578670306102554, (19, 18): 0.08287813147485402, (19, 19): 0.07981135497914021, (19, 20): 0.0766417000522557, (20, 0): 0.07394957983193277, (20, 1): 0.0766417000522557, (20, 2): 0.07922218221101908, (20, 3): 0.08164780107626647, (20, 4): 0.08387342737323675, (20, 5): 0.08585365853658537, (20, 6): 0.08754476721050537, (20, 7): 0.08890684986866033, (20, 8): 0.08990600735594606, (20, 9): 0.09051635465953507, (20, 10): 0.09072164948453608, (20, 11): 0.09051635465953507, (20, 12): 0.08990600735594606, (20, 13): 0.08890684986866033, (20, 14): 0.08754476721050537, (20, 15): 0.08585365853658537, (20, 16): 0.08387342737323675, (20, 17): 0.08164780107626647, (20, 18): 0.07922218221101908, (20, 19): 0.0766417000522557, (20, 20): 0.07394957983193277}
betweenness centrality: {(0, 0): 0.0, (0, 1): 0.0008972894832574366, (0, 2): 0.0014286390791068248, (0, 3): 0.0017662879642792162, (0, 4): 0.0019973674874619648, (0, 5): 0.0021591319577588686, (0, 6): 0.0022732468404511865, (0, 7): 0.0023523273274836097, (0, 8): 0.0024042183743819123, (0, 9): 0.0024336538656220636, (0, 10): 0.0024431956767810028, (0, 11): 0.0024336538656220636, (0, 12): 0.0024042183743819123, (0, 13): 0.0023523273274836097, (0, 14): 0.0022732468404511865, (0, 15): 0.0021591319577588686, (0, 16): 0.0019973674874619648, (0, 17): 0.0017662879642792162, (0, 18): 0.0014286390791068257, (0, 19): 0.0008972894832574366, (0, 20): 0.0, (1, 0): 0.0008972894832574373, (1, 1): 0.00549445668563699, (1, 2): 0.0070754129140483315, (1, 3): 0.008268443543862533, (1, 4): 0.00913936740577416, (1, 5): 0.009783963873108259, (1, 6): 0.010258160209245856, (1, 7): 0.01059837658556576, (1, 8): 0.010827535949908988, (1, 9): 0.010959877577918966, (1, 10): 0.011003166098065165, (1, 11): 0.010959877577918966, (1, 12): 0.010827535949908988, (1, 13): 0.01059837658556576, (1, 14): 0.010258160209245856, (1, 15): 0.009783963873108259, (1, 16): 0.009139367405774163, (1, 17): 0.008268443543862533, (1, 18): 0.007075412914048333, (1, 19): 0.0054944566856369925, (1, 20): 0.0008972894832574375, (2, 0): 0.001428639079106824, (2, 1): 0.007075412914048326, (2, 2): 0.010907773698940477, (2, 3): 0.012944479304895107, (2, 4): 0.01456509857697485, (2, 5): 0.01580615878276355, (2, 6): 0.016743792118004662, (2, 7): 0.017429418947787604, (2, 8): 0.017897795062620372, (2, 9): 0.018170770596957025, (2, 10): 0.018260470375273407, (2, 11): 0.018170770596957018, (2, 12): 0.017897795062620372, (2, 13): 0.01742941894778761, (2, 14): 0.016743792118004662, (2, 15): 0.01580615878276355, (2, 16): 0.01456509857697485, (2, 17): 0.01294447930489511, (2, 18): 0.010907773698940474, (2, 19): 0.007075412914048327, (2, 20): 0.001428639079106825, (3, 0): 0.0017662879642792158, (3, 1): 0.008268443543862535, (3, 2): 0.012944479304895111, (3, 3): 0.01644878446639662, (3, 4): 0.01872889738512516, (3, 5): 0.02054551517391566, (3, 6): 0.021939223232498396, (3, 7): 0.02297016739703625, (3, 8): 0.0236800107356399, (3, 9): 0.0240958852159442, (3, 10): 0.02423288896769287, (3, 11): 0.024095885215944194, (3, 12): 0.023680010735639908, (3, 13): 0.022970167397036254, (3, 14): 0.021939223232498393, (3, 15): 0.020545515173915656, (3, 16): 0.01872889738512516, (3, 17): 0.01644878446639662, (3, 18): 0.012944479304895114, (3, 19): 0.008268443543862537, (3, 20): 0.0017662879642792162, (4, 0): 0.0019973674874619648, (4, 1): 0.009139367405774165, (4, 2): 0.014565098576974843, (4, 3): 0.018728897385125155, (4, 4): 0.02209944134646273, (4, 5): 0.024464722454270543, (4, 6): 0.02630963857342846, (4, 7): 0.027681736794095316, (4, 8): 0.028630205140384047, (4, 9): 0.029187233849391137, (4, 10): 0.029370969931815906, (4, 11): 0.029187233849391134, (4, 12): 0.028630205140384044, (4, 13): 0.02768173679409531, (4, 14): 0.026309638573428464, (4, 15): 0.02446472245427054, (4, 16): 0.022099441346462727, (4, 17): 0.018728897385125155, (4, 18): 0.014565098576974841, (4, 19): 0.009139367405774165, (4, 20): 0.0019973674874619648, (5, 0): 0.0021591319577588695, (5, 1): 0.009783963873108259, (5, 2): 0.015806158782763566, (5, 3): 0.02054551517391568, (5, 4): 0.02446472245427057, (5, 5): 0.027703854216772357, (5, 6): 0.030014381257554394, (5, 7): 0.03174449653065722, (5, 8): 0.03294211970555765, (5, 9): 0.03364615598744733, (5, 10): 0.03387847818021755, (5, 11): 0.03364615598744735, (5, 12): 0.03294211970555766, (5, 13): 0.031744496530657224, (5, 14): 0.030014381257554405, (5, 15): 0.027703854216772357, (5, 16): 0.024464722454270556, (5, 17): 0.02054551517391568, (5, 18): 0.015806158782763563, (5, 19): 0.009783963873108262, (5, 20): 0.002159131957758869, (6, 0): 0.0022732468404511865, (6, 1): 0.010258160209245862, (6, 2): 0.016743792118004665, (6, 3): 0.02193922323249838, (6, 4): 0.026309638573428485, (6, 5): 0.030014381257554394, (6, 6): 0.03303590204176924, (6, 7): 0.035146756707137704, (6, 8): 0.03661243570563906, (6, 9): 0.03747423090252813, (6, 10): 0.03775866018160691, (6, 11): 0.037474230902528126, (6, 12): 0.03661243570563907, (6, 13): 0.035146756707137704, (6, 14): 0.03303590204176924, (6, 15): 0.030014381257554384, (6, 16): 0.026309638573428475, (6, 17): 0.021939223232498382, (6, 18): 0.01674379211800466, (6, 19): 0.01025816020924586, (6, 20): 0.002273246840451186, (7, 0): 0.0023523273274836097, (7, 1): 0.01059837658556576, (7, 2): 0.017429418947787618, (7, 3): 0.02297016739703623, (7, 4): 0.027681736794095316, (7, 5): 0.03174449653065719, (7, 6): 0.0351467567071377, (7, 7): 0.03782402511353084, (7, 8): 0.03957516777877037, (7, 9): 0.04060649775299381, (7, 10): 0.04094684637751798, (7, 11): 0.040606497752993805, (7, 12): 0.039575167778770376, (7, 13): 0.03782402511353084, (7, 14): 0.03514675670713769, (7, 15): 0.03174449653065718, (7, 16): 0.027681736794095316, (7, 17): 0.022970167397036237, (7, 18): 0.017429418947787618, (7, 19): 0.010598376585565759, (7, 20): 0.00235232732748361, (8, 0): 0.002404218374381913, (8, 1): 0.010827535949909001, (8, 2): 0.01789779506262039, (8, 3): 0.023680010735639908, (8, 4): 0.028630205140384044, (8, 5): 0.032942119705557604, (8, 6): 0.03661243570563906, (8, 7): 0.039575167778770376, (8, 8): 0.041755868771827354, (8, 9): 0.04296653128046391, (8, 10): 0.043366556536223885, (8, 11): 0.0429665312804639, (8, 12): 0.041755868771827354, (8, 13): 0.03957516777877037, (8, 14): 0.03661243570563907, (8, 15): 0.032942119705557604, (8, 16): 0.028630205140384044, (8, 17): 0.0236800107356399, (8, 18): 0.017897795062620382, (8, 19): 0.010827535949908996, (8, 20): 0.0024042183743819127, (9, 0): 0.0024336538656220645, (9, 1): 0.010959877577918959, (9, 2): 0.018170770596957025, (9, 3): 0.024095885215944173, (9, 4): 0.029187233849391144, (9, 5): 0.033646155987447364, (9, 6): 0.03747423090252813, (9, 7): 0.04060649775299383, (9, 8): 0.04296653128046393, (9, 9): 0.04447363035226974, (9, 10): 0.04493606221598168, (9, 11): 0.04447363035226975, (9, 12): 0.042966531280463925, (9, 13): 0.04060649775299384, (9, 14): 0.037474230902528154, (9, 15): 0.03364615598744738, (9, 16): 0.029187233849391134, (9, 17): 0.02409588521594417, (9, 18): 0.01817077059695702, (9, 19): 0.010959877577918957, (9, 20): 0.002433653865622064, (10, 0): 0.002443195676781003, (10, 1): 0.011003166098065181, (10, 2): 0.018260470375273407, (10, 3): 0.024232888967692868, (10, 4): 0.029370969931815944, (10, 5): 0.03387847818021758, (10, 6): 0.037758660181606896, (10, 7): 0.04094684637751793, (10, 8): 0.043366556536223885, (10, 9): 0.044936062215981634, (10, 10): 0.04556253623469894, (10, 11): 0.044936062215981634, (10, 12): 0.04336655653622386, (10, 13): 0.040946846377517936, (10, 14): 0.037758660181606896, (10, 15): 0.03387847818021758, (10, 16): 0.029370969931815944, (10, 17): 0.024232888967692868, (10, 18): 0.018260470375273403, (10, 19): 0.011003166098065181, (10, 20): 0.002443195676781003, (11, 0): 0.0024336538656220645, (11, 1): 0.010959877577918957, (11, 2): 0.018170770596957028, (11, 3): 0.02409588521594416, (11, 4): 0.029187233849391158, (11, 5): 0.03364615598744733, (11, 6): 0.037474230902528174, (11, 7): 0.04060649775299378, (11, 8): 0.042966531280463946, (11, 9): 0.04447363035226977, (11, 10): 0.04493606221598167, (11, 11): 0.04447363035226976, (11, 12): 0.04296653128046393, (11, 13): 0.04060649775299378, (11, 14): 0.037474230902528174, (11, 15): 0.03364615598744733, (11, 16): 0.02918723384939116, (11, 17): 0.02409588521594417, (11, 18): 0.018170770596957028, (11, 19): 0.010959877577918964, (11, 20): 0.0024336538656220636, (12, 0): 0.0024042183743819123, (12, 1): 0.010827535949908988, (12, 2): 0.017897795062620354, (12, 3): 0.023680010735639898, (12, 4): 0.02863020514038407, (12, 5): 0.03294211970555769, (12, 6): 0.036612435705639074, (12, 7): 0.039575167778770376, (12, 8): 0.04175586877182733, (12, 9): 0.04296653128046395, (12, 10): 0.04336655653622386, (12, 11): 0.04296653128046393, (12, 12): 0.04175586877182733, (12, 13): 0.039575167778770376, (12, 14): 0.03661243570563908, (12, 15): 0.032942119705557674, (12, 16): 0.02863020514038407, (12, 17): 0.023680010735639898, (12, 18): 0.017897795062620354, (12, 19): 0.010827535949908988, (12, 20): 0.0024042183743819123, (13, 0): 0.00235232732748361, (13, 1): 0.010598376585565764, (13, 2): 0.017429418947787625, (13, 3): 0.02297016739703625, (13, 4): 0.02768173679409533, (13, 5): 0.031744496530657224, (13, 6): 0.035146756707137704, (13, 7): 0.03782402511353085, (13, 8): 0.039575167778770355, (13, 9): 0.040606497752993825, (13, 10): 0.0409468463775179, (13, 11): 0.040606497752993825, (13, 12): 0.039575167778770355, (13, 13): 0.03782402511353086, (13, 14): 0.035146756707137704, (13, 15): 0.03174449653065721, (13, 16): 0.027681736794095337, (13, 17): 0.02297016739703625, (13, 18): 0.01742941894778763, (13, 19): 0.010598376585565764, (13, 20): 0.00235232732748361, (14, 0): 0.0022732468404511852, (14, 1): 0.010258160209245857, (14, 2): 0.01674379211800465, (14, 3): 0.021939223232498365, (14, 4): 0.02630963857342849, (14, 5): 0.030014381257554363, (14, 6): 0.03303590204176924, (14, 7): 0.03514675670713771, (14, 8): 0.03661243570563907, (14, 9): 0.037474230902528174, (14, 10): 0.03775866018160689, (14, 11): 0.03747423090252819, (14, 12): 0.036612435705639074, (14, 13): 0.03514675670713771, (14, 14): 0.03303590204176924, (14, 15): 0.030014381257554363, (14, 16): 0.026309638573428485, (14, 17): 0.02193922323249838, (14, 18): 0.016743792118004662, (14, 19): 0.010258160209245859, (14, 20): 0.002273246840451185, (15, 0): 0.002159131957758871, (15, 1): 0.009783963873108262, (15, 2): 0.01580615878276356, (15, 3): 0.020545515173915646, (15, 4): 0.024464722454270508, (15, 5): 0.027703854216772364, (15, 6): 0.030014381257554384, (15, 7): 0.03174449653065718, (15, 8): 0.032942119705557674, (15, 9): 0.03364615598744733, (15, 10): 0.03387847818021758, (15, 11): 0.03364615598744732, (15, 12): 0.03294211970555765, (15, 13): 0.03174449653065718, (15, 14): 0.030014381257554394, (15, 15): 0.027703854216772357, (15, 16): 0.02446472245427052, (15, 17): 0.020545515173915646, (15, 18): 0.01580615878276357, (15, 19): 0.009783963873108259, (15, 20): 0.002159131957758871, (16, 0): 0.001997367487461964, (16, 1): 0.009139367405774161, (16, 2): 0.014565098576974836, (16, 3): 0.018728897385125173, (16, 4): 0.022099441346462727, (16, 5): 0.024464722454270543, (16, 6): 0.026309638573428495, (16, 7): 0.0276817367940953, (16, 8): 0.028630205140384075, (16, 9): 0.029187233849391137, (16, 10): 0.029370969931815944, (16, 11): 0.029187233849391127, (16, 12): 0.028630205140384075, (16, 13): 0.027681736794095316, (16, 14): 0.026309638573428485, (16, 15): 0.024464722454270532, (16, 16): 0.022099441346462745, (16, 17): 0.018728897385125176, (16, 18): 0.014565098576974836, (16, 19): 0.009139367405774165, (16, 20): 0.001997367487461964, (17, 0): 0.0017662879642792156, (17, 1): 0.008268443543862523, (17, 2): 0.012944479304895111, (17, 3): 0.016448784466396603, (17, 4): 0.018728897385125166, (17, 5): 0.020545515173915667, (17, 6): 0.02193922323249838, (17, 7): 0.022970167397036226, (17, 8): 0.023680010735639884, (17, 9): 0.02409588521594417, (17, 10): 0.024232888967692857, (17, 11): 0.024095885215944173, (17, 12): 0.023680010735639894, (17, 13): 0.022970167397036237, (17, 14): 0.02193922323249837, (17, 15): 0.020545515173915667, (17, 16): 0.01872889738512517, (17, 17): 0.01644878446639661, (17, 18): 0.012944479304895111, (17, 19): 0.008268443543862527, (17, 20): 0.0017662879642792156, (18, 0): 0.0014286390791068257, (18, 1): 0.0070754129140483376, (18, 2): 0.010907773698940469, (18, 3): 0.012944479304895111, (18, 4): 0.014565098576974822, (18, 5): 0.015806158782763566, (18, 6): 0.01674379211800466, (18, 7): 0.017429418947787625, (18, 8): 0.01789779506262038, (18, 9): 0.01817077059695702, (18, 10): 0.0182604703752734, (18, 11): 0.01817077059695702, (18, 12): 0.017897795062620372, (18, 13): 0.017429418947787628, (18, 14): 0.016743792118004655, (18, 15): 0.015806158782763563, (18, 16): 0.014565098576974824, (18, 17): 0.012944479304895107, (18, 18): 0.010907773698940474, (18, 19): 0.0070754129140483376, (18, 20): 0.0014286390791068257, (19, 0): 0.0008972894832574373, (19, 1): 0.005494456685636986, (19, 2): 0.0070754129140483315, (19, 3): 0.00826844354386253, (19, 4): 0.009139367405774165, (19, 5): 0.009783963873108262, (19, 6): 0.010258160209245857, (19, 7): 0.01059837658556576, (19, 8): 0.010827535949908991, (19, 9): 0.01095987757791895, (19, 10): 0.011003166098065172, (19, 11): 0.010959877577918957, (19, 12): 0.010827535949908994, (19, 13): 0.010598376585565762, (19, 14): 0.010258160209245857, (19, 15): 0.009783963873108262, (19, 16): 0.009139367405774163, (19, 17): 0.008268443543862532, (19, 18): 0.007075412914048334, (19, 19): 0.0054944566856369855, (19, 20): 0.0008972894832574375, (20, 0): 0.0, (20, 1): 0.0008972894832574372, (20, 2): 0.001428639079106825, (20, 3): 0.0017662879642792162, (20, 4): 0.001997367487461964, (20, 5): 0.0021591319577588717, (20, 6): 0.002273246840451186, (20, 7): 0.0023523273274836097, (20, 8): 0.002404218374381912, (20, 9): 0.002433653865622064, (20, 10): 0.0024431956767810036, (20, 11): 0.0024336538656220636, (20, 12): 0.0024042183743819114, (20, 13): 0.0023523273274836105, (20, 14): 0.0022732468404511852, (20, 15): 0.0021591319577588712, (20, 16): 0.001997367487461964, (20, 17): 0.0017662879642792156, (20, 18): 0.0014286390791068255, (20, 19): 0.0008972894832574372, (20, 20): 0.0}
katz centrality: {(0, 0): 0.019820679705422027, (0, 1): 0.02610684132937464, (0, 2): 0.028453955901213194, (0, 3): 0.029375818654296, (0, 4): 0.029749185274376675, (0, 5): 0.029903343288134803, (0, 6): 0.029967836252130398, (0, 7): 0.029995036081905024, (0, 8): 0.030006479381995754, (0, 9): 0.03001105597700289, (0, 10): 0.030012272973863875, (0, 11): 0.03001105597700289, (0, 12): 0.030006479381995764, (0, 13): 0.02999503608190504, (0, 14): 0.0299678362521304, (0, 15): 0.02990334328813481, (0, 16): 0.029749185274376675, (0, 17): 0.029375818654295997, (0, 18): 0.028453955901213194, (0, 19): 0.02610684132937464, (0, 20): 0.019820679705422024, (1, 0): 0.02610684132937464, (1, 1): 0.036563863646409706, (1, 2): 0.04069382196226556, (1, 3): 0.042369962670724785, (1, 4): 0.04306200998531852, (1, 5): 0.04335146739623139, (1, 6): 0.043473683224229766, (1, 7): 0.04352558178174166, (1, 8): 0.04354752942989148, (1, 9): 0.04355633980035522, (1, 10): 0.04355868743486126, (1, 11): 0.04355633980035521, (1, 12): 0.043547529429891485, (1, 13): 0.043525581781741686, (1, 14): 0.04347368322422978, (1, 15): 0.04335146739623141, (1, 16): 0.043062009985318506, (1, 17): 0.04236996267072477, (1, 18): 0.04069382196226555, (1, 19): 0.03656386364640972, (1, 20): 0.02610684132937464, (2, 0): 0.028453955901213187, (2, 1): 0.04069382196226554, (2, 2): 0.04587946762390702, (2, 3): 0.04806523708540328, (2, 4): 0.04899087947140631, (2, 5): 0.049384955263550454, (2, 6): 0.04955353045410589, (2, 7): 0.04962583097543673, (2, 8): 0.0496566412686603, (2, 9): 0.04966907828275597, (2, 10): 0.04967240250545931, (2, 11): 0.04966907828275595, (2, 12): 0.04965664126866029, (2, 13): 0.04962583097543673, (2, 14): 0.04955353045410591, (2, 15): 0.049384955263550454, (2, 16): 0.04899087947140629, (2, 17): 0.04806523708540328, (2, 18): 0.04587946762390702, (2, 19): 0.04069382196226555, (2, 20): 0.02845395590121319, (3, 0): 0.029375818654295994, (3, 1): 0.04236996267072477, (3, 2): 0.048065237085403285, (3, 3): 0.05054351840681213, (3, 4): 0.051618222899133925, (3, 5): 0.05208417025782722, (3, 6): 0.05228633819819025, (3, 7): 0.05237402669479017, (3, 8): 0.052411727953696474, (3, 9): 0.05242704701887396, (3, 10): 0.0524311566667003, (3, 11): 0.052427047018873955, (3, 12): 0.05241172795369646, (3, 13): 0.05237402669479017, (3, 14): 0.05228633819819025, (3, 15): 0.052084170257827224, (3, 16): 0.05161822289913392, (3, 17): 0.05054351840681215, (3, 18): 0.04806523708540327, (3, 19): 0.04236996267072477, (3, 20): 0.029375818654295983, (4, 0): 0.029749185274376682, (4, 1): 0.04306200998531849, (4, 2): 0.0489908794714063, (4, 3): 0.05161822289913392, (4, 4): 0.0527777867832661, (4, 5): 0.053288208074878524, (4, 6): 0.05351253068467943, (4, 7): 0.05361087882757283, (4, 8): 0.053653537836498406, (4, 9): 0.053670987883315105, (4, 10): 0.05367568704259238, (4, 11): 0.053670987883315084, (4, 12): 0.05365353783649839, (4, 13): 0.05361087882757282, (4, 14): 0.05351253068467944, (4, 15): 0.053288208074878544, (4, 16): 0.05277778678326612, (4, 17): 0.051618222899133925, (4, 18): 0.04899087947140627, (4, 19): 0.04306200998531851, (4, 20): 0.02974918527437667, (5, 0): 0.029903343288134817, (5, 1): 0.043351467396231406, (5, 2): 0.049384955263550454, (5, 3): 0.052084170257827224, (5, 4): 0.05328820807487853, (5, 5): 0.05382389621310833, (5, 6): 0.05406167688864027, (5, 7): 0.054166860942725444, (5, 8): 0.05421283832744648, (5, 9): 0.05423175996750236, (5, 10): 0.05423687327077929, (5, 11): 0.05423175996750234, (5, 12): 0.05421283832744646, (5, 13): 0.054166860942725444, (5, 14): 0.05406167688864025, (5, 15): 0.053823896213108346, (5, 16): 0.053288208074878544, (5, 17): 0.05208417025782724, (5, 18): 0.049384955263550454, (5, 19): 0.04335146739623139, (5, 20): 0.029903343288134793, (6, 0): 0.029967836252130398, (6, 1): 0.04347368322422977, (6, 2): 0.04955353045410589, (6, 3): 0.05228633819819025, (6, 4): 0.05351253068467942, (6, 5): 0.05406167688864027, (6, 6): 0.054307093302359576, (6, 7): 0.054416373203376944, (6, 8): 0.054464429607619345, (6, 9): 0.05448430425679299, (6, 10): 0.05448969070091826, (6, 11): 0.05448430425679298, (6, 12): 0.05446442960761933, (6, 13): 0.05441637320337693, (6, 14): 0.05430709330235956, (6, 15): 0.05406167688864027, (6, 16): 0.05351253068467942, (6, 17): 0.052286338198190244, (6, 18): 0.0495535304541059, (6, 19): 0.043473683224229766, (6, 20): 0.029967836252130398, (7, 0): 0.02999503608190504, (7, 1): 0.043525581781741644, (7, 2): 0.04962583097543672, (7, 3): 0.05237402669479016, (7, 4): 0.05361087882757282, (7, 5): 0.05416686094272546, (7, 6): 0.05441637320337695, (7, 7): 0.05452796399194077, (7, 8): 0.05457724502059931, (7, 9): 0.054597699616747826, (7, 10): 0.05460325530725559, (7, 11): 0.054597699616747805, (7, 12): 0.05457724502059929, (7, 13): 0.054527963991940744, (7, 14): 0.05441637320337692, (7, 15): 0.054166860942725444, (7, 16): 0.05361087882757281, (7, 17): 0.05237402669479017, (7, 18): 0.04962583097543673, (7, 19): 0.04352558178174166, (7, 20): 0.029995036081905034, (8, 0): 0.030006479381995743, (8, 1): 0.04354752942989148, (8, 2): 0.04965664126866029, (8, 3): 0.05241172795369646, (8, 4): 0.053653537836498406, (8, 5): 0.05421283832744647, (8, 6): 0.05446442960761933, (8, 7): 0.05457724502059931, (8, 8): 0.05462720020479562, (8, 9): 0.054647983555059, (8, 10): 0.05465363676537671, (8, 11): 0.054647983555059024, (8, 12): 0.05462720020479561, (8, 13): 0.05457724502059929, (8, 14): 0.05446442960761932, (8, 15): 0.05421283832744646, (8, 16): 0.0536535378364984, (8, 17): 0.05241172795369646, (8, 18): 0.049656641268660276, (8, 19): 0.043547529429891485, (8, 20): 0.030006479381995743, (9, 0): 0.03001105597700289, (9, 1): 0.043556339800355226, (9, 2): 0.04966907828275594, (9, 3): 0.05242704701887394, (9, 4): 0.053670987883315084, (9, 5): 0.05423175996750233, (9, 6): 0.05448430425679296, (9, 7): 0.054597699616747805, (9, 8): 0.054647983555059, (9, 9): 0.054668930922141826, (9, 10): 0.054674633409552975, (9, 11): 0.05466893092214185, (9, 12): 0.05464798355505901, (9, 13): 0.05459769961674782, (9, 14): 0.05448430425679295, (9, 15): 0.05423175996750233, (9, 16): 0.053670987883315056, (9, 17): 0.052427047018873935, (9, 18): 0.04966907828275595, (9, 19): 0.043556339800355226, (9, 20): 0.03001105597700288, (10, 0): 0.030012272973863885, (10, 1): 0.04355868743486127, (10, 2): 0.04967240250545931, (10, 3): 0.0524311566667003, (10, 4): 0.05367568704259236, (10, 5): 0.054236873270779244, (10, 6): 0.05448969070091825, (10, 7): 0.05460325530725558, (10, 8): 0.054653636765376705, (10, 9): 0.05467463340955298, (10, 10): 0.05468035080758405, (10, 11): 0.05467463340955297, (10, 12): 0.05465363676537671, (10, 13): 0.05460325530725558, (10, 14): 0.05448969070091825, (10, 15): 0.05423687327077927, (10, 16): 0.05367568704259236, (10, 17): 0.05243115666670027, (10, 18): 0.049672402505459304, (10, 19): 0.04355868743486125, (10, 20): 0.030012272973863875, (11, 0): 0.03001105597700289, (11, 1): 0.043556339800355226, (11, 2): 0.04966907828275596, (11, 3): 0.05242704701887394, (11, 4): 0.05367098788331509, (11, 5): 0.05423175996750234, (11, 6): 0.05448430425679296, (11, 7): 0.05459769961674782, (11, 8): 0.054647983555059, (11, 9): 0.05466893092214184, (11, 10): 0.054674633409552975, (11, 11): 0.05466893092214183, (11, 12): 0.054647983555059024, (11, 13): 0.05459769961674783, (11, 14): 0.05448430425679298, (11, 15): 0.05423175996750235, (11, 16): 0.053670987883315084, (11, 17): 0.05242704701887394, (11, 18): 0.04966907828275595, (11, 19): 0.04355633980035522, (11, 20): 0.03001105597700288, (12, 0): 0.030006479381995754, (12, 1): 0.0435475294298915, (12, 2): 0.0496566412686603, (12, 3): 0.05241172795369649, (12, 4): 0.053653537836498406, (12, 5): 0.05421283832744648, (12, 6): 0.05446442960761933, (12, 7): 0.054577245020599296, (12, 8): 0.05462720020479561, (12, 9): 0.05464798355505901, (12, 10): 0.054653636765376705, (12, 11): 0.054647983555059, (12, 12): 0.054627200204795626, (12, 13): 0.05457724502059932, (12, 14): 0.05446442960761936, (12, 15): 0.05421283832744647, (12, 16): 0.053653537836498406, (12, 17): 0.05241172795369647, (12, 18): 0.04965664126866029, (12, 19): 0.04354752942989149, (12, 20): 0.030006479381995764, (13, 0): 0.029995036081905048, (13, 1): 0.04352558178174167, (13, 2): 0.049625830975436734, (13, 3): 0.05237402669479018, (13, 4): 0.05361087882757283, (13, 5): 0.05416686094272546, (13, 6): 0.05441637320337693, (13, 7): 0.05452796399194076, (13, 8): 0.05457724502059931, (13, 9): 0.054597699616747805, (13, 10): 0.05460325530725558, (13, 11): 0.054597699616747805, (13, 12): 0.05457724502059932, (13, 13): 0.054527963991940764, (13, 14): 0.05441637320337695, (13, 15): 0.054166860942725464, (13, 16): 0.05361087882757283, (13, 17): 0.05237402669479015, (13, 18): 0.04962583097543673, (13, 19): 0.043525581781741665, (13, 20): 0.02999503608190504, (14, 0): 0.02996783625213039, (14, 1): 0.04347368322422975, (14, 2): 0.0495535304541059, (14, 3): 0.05228633819819026, (14, 4): 0.05351253068467945, (14, 5): 0.054061676888640275, (14, 6): 0.054307093302359576, (14, 7): 0.05441637320337693, (14, 8): 0.05446442960761932, (14, 9): 0.05448430425679296, (14, 10): 0.05448969070091825, (14, 11): 0.05448430425679296, (14, 12): 0.05446442960761934, (14, 13): 0.054416373203376944, (14, 14): 0.05430709330235956, (14, 15): 0.054061676888640275, (14, 16): 0.05351253068467944, (14, 17): 0.05228633819819025, (14, 18): 0.0495535304541059, (14, 19): 0.04347368322422978, (14, 20): 0.02996783625213041, (15, 0): 0.029903343288134796, (15, 1): 0.04335146739623139, (15, 2): 0.04938495526355045, (15, 3): 0.052084170257827224, (15, 4): 0.05328820807487853, (15, 5): 0.05382389621310835, (15, 6): 0.054061676888640255, (15, 7): 0.05416686094272544, (15, 8): 0.05421283832744646, (15, 9): 0.05423175996750233, (15, 10): 0.054236873270779265, (15, 11): 0.05423175996750232, (15, 12): 0.05421283832744646, (15, 13): 0.05416686094272546, (15, 14): 0.05406167688864025, (15, 15): 0.053823896213108346, (15, 16): 0.05328820807487853, (15, 17): 0.052084170257827224, (15, 18): 0.04938495526355047, (15, 19): 0.04335146739623142, (15, 20): 0.029903343288134817, (16, 0): 0.029749185274376668, (16, 1): 0.0430620099853185, (16, 2): 0.04899087947140629, (16, 3): 0.051618222899133925, (16, 4): 0.0527777867832661, (16, 5): 0.053288208074878524, (16, 6): 0.05351253068467943, (16, 7): 0.0536108788275728, (16, 8): 0.0536535378364984, (16, 9): 0.053670987883315084, (16, 10): 0.05367568704259237, (16, 11): 0.05367098788331509, (16, 12): 0.0536535378364984, (16, 13): 0.0536108788275728, (16, 14): 0.05351253068467942, (16, 15): 0.05328820807487853, (16, 16): 0.05277778678326612, (16, 17): 0.05161822289913393, (16, 18): 0.04899087947140631, (16, 19): 0.04306200998531849, (16, 20): 0.029749185274376675, (17, 0): 0.029375818654296, (17, 1): 0.04236996267072479, (17, 2): 0.04806523708540328, (17, 3): 0.05054351840681215, (17, 4): 0.05161822289913393, (17, 5): 0.05208417025782722, (17, 6): 0.052286338198190244, (17, 7): 0.05237402669479014, (17, 8): 0.05241172795369647, (17, 9): 0.05242704701887394, (17, 10): 0.0524311566667003, (17, 11): 0.05242704701887394, (17, 12): 0.05241172795369646, (17, 13): 0.05237402669479014, (17, 14): 0.05228633819819026, (17, 15): 0.05208417025782722, (17, 16): 0.051618222899133925, (17, 17): 0.05054351840681215, (17, 18): 0.048065237085403285, (17, 19): 0.04236996267072479, (17, 20): 0.02937581865429601, (18, 0): 0.0284539559012132, (18, 1): 0.04069382196226557, (18, 2): 0.045879467623907044, (18, 3): 0.048065237085403285, (18, 4): 0.0489908794714063, (18, 5): 0.04938495526355047, (18, 6): 0.049553530454105876, (18, 7): 0.049625830975436706, (18, 8): 0.04965664126866027, (18, 9): 0.04966907828275596, (18, 10): 0.049672402505459304, (18, 11): 0.04966907828275595, (18, 12): 0.049656641268660276, (18, 13): 0.04962583097543672, (18, 14): 0.0495535304541059, (18, 15): 0.04938495526355049, (18, 16): 0.0489908794714063, (18, 17): 0.04806523708540328, (18, 18): 0.045879467623907044, (18, 19): 0.04069382196226556, (18, 20): 0.028453955901213194, (19, 0): 0.02610684132937464, (19, 1): 0.036563863646409726, (19, 2): 0.040693821962265564, (19, 3): 0.04236996267072479, (19, 4): 0.04306200998531849, (19, 5): 0.043351467396231386, (19, 6): 0.04347368322422975, (19, 7): 0.04352558178174165, (19, 8): 0.04354752942989147, (19, 9): 0.04355633980035519, (19, 10): 0.04355868743486125, (19, 11): 0.043556339800355205, (19, 12): 0.04354752942989149, (19, 13): 0.043525581781741665, (19, 14): 0.04347368322422977, (19, 15): 0.043351467396231406, (19, 16): 0.0430620099853185, (19, 17): 0.04236996267072478, (19, 18): 0.040693821962265564, (19, 19): 0.03656386364640971, (19, 20): 0.02610684132937464, (20, 0): 0.019820679705422034, (20, 1): 0.026106841329374644, (20, 2): 0.028453955901213204, (20, 3): 0.029375818654295994, (20, 4): 0.02974918527437667, (20, 5): 0.029903343288134793, (20, 6): 0.029967836252130398, (20, 7): 0.02999503608190503, (20, 8): 0.03000647938199575, (20, 9): 0.03001105597700288, (20, 10): 0.030012272973863868, (20, 11): 0.03001105597700289, (20, 12): 0.030006479381995754, (20, 13): 0.02999503608190504, (20, 14): 0.029967836252130398, (20, 15): 0.029903343288134803, (20, 16): 0.029749185274376675, (20, 17): 0.029375818654296, (20, 18): 0.028453955901213194, (20, 19): 0.02610684132937465, (20, 20): 0.019820679705422034}
;
