256 930 3
4 2 1
0 2 1
16
param Vertices :=
1 0.0
2 0.1
3 0.2
4 0.3
5 0.4
6 0.5
7 0.6
8 0.7
9 0.8
10 0.9
11 0.10
12 0.11
13 0.12
14 0.13
15 0.14
16 0.15
17 1.0
18 1.1
19 1.2
20 1.3
21 1.4
22 1.5
23 1.6
24 1.7
25 1.8
26 1.9
27 1.10
28 1.11
29 1.12
30 1.13
31 1.14
32 1.15
33 2.0
34 2.1
35 2.2
36 2.3
37 2.4
38 2.5
39 2.6
40 2.7
41 2.8
42 2.9
43 2.10
44 2.11
45 2.12
46 2.13
47 2.14
48 2.15
49 3.0
50 3.1
51 3.2
52 3.3
53 3.4
54 3.5
55 3.6
56 3.7
57 3.8
58 3.9
59 3.10
60 3.11
61 3.12
62 3.13
63 3.14
64 3.15
65 4.0
66 4.1
67 4.2
68 4.3
69 4.4
70 4.5
71 4.6
72 4.7
73 4.8
74 4.9
75 4.10
76 4.11
77 4.12
78 4.13
79 4.14
80 4.15
81 5.0
82 5.1
83 5.2
84 5.3
85 5.4
86 5.5
87 5.6
88 5.7
89 5.8
90 5.9
91 5.10
92 5.11
93 5.12
94 5.13
95 5.14
96 5.15
97 6.0
98 6.1
99 6.2
100 6.3
101 6.4
102 6.5
103 6.6
104 6.7
105 6.8
106 6.9
107 6.10
108 6.11
109 6.12
110 6.13
111 6.14
112 6.15
113 7.0
114 7.1
115 7.2
116 7.3
117 7.4
118 7.5
119 7.6
120 7.7
121 7.8
122 7.9
123 7.10
124 7.11
125 7.12
126 7.13
127 7.14
128 7.15
129 8.0
130 8.1
131 8.2
132 8.3
133 8.4
134 8.5
135 8.6
136 8.7
137 8.8
138 8.9
139 8.10
140 8.11
141 8.12
142 8.13
143 8.14
144 8.15
145 9.0
146 9.1
147 9.2
148 9.3
149 9.4
150 9.5
151 9.6
152 9.7
153 9.8
154 9.9
155 9.10
156 9.11
157 9.12
158 9.13
159 9.14
160 9.15
161 10.0
162 10.1
163 10.2
164 10.3
165 10.4
166 10.5
167 10.6
168 10.7
169 10.8
170 10.9
171 10.10
172 10.11
173 10.12
174 10.13
175 10.14
176 10.15
177 11.0
178 11.1
179 11.2
180 11.3
181 11.4
182 11.5
183 11.6
184 11.7
185 11.8
186 11.9
187 11.10
188 11.11
189 11.12
190 11.13
191 11.14
192 11.15
193 12.0
194 12.1
195 12.2
196 12.3
197 12.4
198 12.5
199 12.6
200 12.7
201 12.8
202 12.9
203 12.10
204 12.11
205 12.12
206 12.13
207 12.14
208 12.15
209 13.0
210 13.1
211 13.2
212 13.3
213 13.4
214 13.5
215 13.6
216 13.7
217 13.8
218 13.9
219 13.10
220 13.11
221 13.12
222 13.13
223 13.14
224 13.15
225 14.0
226 14.1
227 14.2
228 14.3
229 14.4
230 14.5
231 14.6
232 14.7
233 14.8
234 14.9
235 14.10
236 14.11
237 14.12
238 14.13
239 14.14
240 14.15
241 15.0
242 15.1
243 15.2
244 15.3
245 15.4
246 15.5
247 15.6
248 15.7
249 15.8
250 15.9
251 15.10
252 15.11
253 15.12
254 15.13
255 15.14
256 15.15
;
param Edges :=
1 17
1 2
1 18
2 18
2 3
2 19
2 17
3 19
3 4
3 20
3 18
4 20
4 5
4 21
4 19
5 21
5 6
5 22
5 20
6 22
6 7
6 23
6 21
7 23
7 8
7 24
7 22
8 24
8 9
8 25
8 23
9 25
9 10
9 26
9 24
10 26
10 11
10 27
10 25
11 27
11 12
11 28
11 26
12 28
12 13
12 29
12 27
13 29
13 14
13 30
13 28
14 30
14 15
14 31
14 29
15 31
15 16
15 32
15 30
16 32
16 31
17 33
17 18
17 34
18 34
18 19
18 35
18 33
19 35
19 20
19 36
19 34
20 36
20 21
20 37
20 35
21 37
21 22
21 38
21 36
22 38
22 23
22 39
22 37
23 39
23 24
23 40
23 38
24 40
24 25
24 41
24 39
25 41
25 26
25 42
25 40
26 42
26 27
26 43
26 41
27 43
27 28
27 44
27 42
28 44
28 29
28 45
28 43
29 45
29 30
29 46
29 44
30 46
30 31
30 47
30 45
31 47
31 32
31 48
31 46
32 48
32 47
33 49
33 34
33 50
34 50
34 35
34 51
34 49
35 51
35 36
35 52
35 50
36 52
36 37
36 53
36 51
37 53
37 38
37 54
37 52
38 54
38 39
38 55
38 53
39 55
39 40
39 56
39 54
40 56
40 41
40 57
40 55
41 57
41 42
41 58
41 56
42 58
42 43
42 59
42 57
43 59
43 44
43 60
43 58
44 60
44 45
44 61
44 59
45 61
45 46
45 62
45 60
46 62
46 47
46 63
46 61
47 63
47 48
47 64
47 62
48 64
48 63
49 65
49 50
49 66
50 66
50 51
50 67
50 65
51 67
51 52
51 68
51 66
52 68
52 53
52 69
52 67
53 69
53 54
53 70
53 68
54 70
54 55
54 71
54 69
55 71
55 56
55 72
55 70
56 72
56 57
56 73
56 71
57 73
57 58
57 74
57 72
58 74
58 59
58 75
58 73
59 75
59 60
59 76
59 74
60 76
60 61
60 77
60 75
61 77
61 62
61 78
61 76
62 78
62 63
62 79
62 77
63 79
63 64
63 80
63 78
64 80
64 79
65 81
65 66
65 82
66 82
66 67
66 83
66 81
67 83
67 68
67 84
67 82
68 84
68 69
68 85
68 83
69 85
69 70
69 86
69 84
70 86
70 71
70 87
70 85
71 87
71 72
71 88
71 86
72 88
72 73
72 89
72 87
73 89
73 74
73 90
73 88
74 90
74 75
74 91
74 89
75 91
75 76
75 92
75 90
76 92
76 77
76 93
76 91
77 93
77 78
77 94
77 92
78 94
78 79
78 95
78 93
79 95
79 80
79 96
79 94
80 96
80 95
81 97
81 82
81 98
82 98
82 83
82 99
82 97
83 99
83 84
83 100
83 98
84 100
84 85
84 101
84 99
85 101
85 86
85 102
85 100
86 102
86 87
86 103
86 101
87 103
87 88
87 104
87 102
88 104
88 89
88 105
88 103
89 105
89 90
89 106
89 104
90 106
90 91
90 107
90 105
91 107
91 92
91 108
91 106
92 108
92 93
92 109
92 107
93 109
93 94
93 110
93 108
94 110
94 95
94 111
94 109
95 111
95 96
95 112
95 110
96 112
96 111
97 113
97 98
97 114
98 114
98 99
98 115
98 113
99 115
99 100
99 116
99 114
100 116
100 101
100 117
100 115
101 117
101 102
101 118
101 116
102 118
102 103
102 119
102 117
103 119
103 104
103 120
103 118
104 120
104 105
104 121
104 119
105 121
105 106
105 122
105 120
106 122
106 107
106 123
106 121
107 123
107 108
107 124
107 122
108 124
108 109
108 125
108 123
109 125
109 110
109 126
109 124
110 126
110 111
110 127
110 125
111 127
111 112
111 128
111 126
112 128
112 127
113 129
113 114
113 130
114 130
114 115
114 131
114 129
115 131
115 116
115 132
115 130
116 132
116 117
116 133
116 131
117 133
117 118
117 134
117 132
118 134
118 119
118 135
118 133
119 135
119 120
119 136
119 134
120 136
120 121
120 137
120 135
121 137
121 122
121 138
121 136
122 138
122 123
122 139
122 137
123 139
123 124
123 140
123 138
124 140
124 125
124 141
124 139
125 141
125 126
125 142
125 140
126 142
126 127
126 143
126 141
127 143
127 128
127 144
127 142
128 144
128 143
129 145
129 130
129 146
130 146
130 131
130 147
130 145
131 147
131 132
131 148
131 146
132 148
132 133
132 149
132 147
133 149
133 134
133 150
133 148
134 150
134 135
134 151
134 149
135 151
135 136
135 152
135 150
136 152
136 137
136 153
136 151
137 153
137 138
137 154
137 152
138 154
138 139
138 155
138 153
139 155
139 140
139 156
139 154
140 156
140 141
140 157
140 155
141 157
141 142
141 158
141 156
142 158
142 143
142 159
142 157
143 159
143 144
143 160
143 158
144 160
144 159
145 161
145 146
145 162
146 162
146 147
146 163
146 161
147 163
147 148
147 164
147 162
148 164
148 149
148 165
148 163
149 165
149 150
149 166
149 164
150 166
150 151
150 167
150 165
151 167
151 152
151 168
151 166
152 168
152 153
152 169
152 167
153 169
153 154
153 170
153 168
154 170
154 155
154 171
154 169
155 171
155 156
155 172
155 170
156 172
156 157
156 173
156 171
157 173
157 158
157 174
157 172
158 174
158 159
158 175
158 173
159 175
159 160
159 176
159 174
160 176
160 175
161 177
161 162
161 178
162 178
162 163
162 179
162 177
163 179
163 164
163 180
163 178
164 180
164 165
164 181
164 179
165 181
165 166
165 182
165 180
166 182
166 167
166 183
166 181
167 183
167 168
167 184
167 182
168 184
168 169
168 185
168 183
169 185
169 170
169 186
169 184
170 186
170 171
170 187
170 185
171 187
171 172
171 188
171 186
172 188
172 173
172 189
172 187
173 189
173 174
173 190
173 188
174 190
174 175
174 191
174 189
175 191
175 176
175 192
175 190
176 192
176 191
177 193
177 178
177 194
178 194
178 179
178 195
178 193
179 195
179 180
179 196
179 194
180 196
180 181
180 197
180 195
181 197
181 182
181 198
181 196
182 198
182 183
182 199
182 197
183 199
183 184
183 200
183 198
184 200
184 185
184 201
184 199
185 201
185 186
185 202
185 200
186 202
186 187
186 203
186 201
187 203
187 188
187 204
187 202
188 204
188 189
188 205
188 203
189 205
189 190
189 206
189 204
190 206
190 191
190 207
190 205
191 207
191 192
191 208
191 206
192 208
192 207
193 209
193 194
193 210
194 210
194 195
194 211
194 209
195 211
195 196
195 212
195 210
196 212
196 197
196 213
196 211
197 213
197 198
197 214
197 212
198 214
198 199
198 215
198 213
199 215
199 200
199 216
199 214
200 216
200 201
200 217
200 215
201 217
201 202
201 218
201 216
202 218
202 203
202 219
202 217
203 219
203 204
203 220
203 218
204 220
204 205
204 221
204 219
205 221
205 206
205 222
205 220
206 222
206 207
206 223
206 221
207 223
207 208
207 224
207 222
208 224
208 223
209 225
209 210
209 226
210 226
210 211
210 227
210 225
211 227
211 212
211 228
211 226
212 228
212 213
212 229
212 227
213 229
213 214
213 230
213 228
214 230
214 215
214 231
214 229
215 231
215 216
215 232
215 230
216 232
216 217
216 233
216 231
217 233
217 218
217 234
217 232
218 234
218 219
218 235
218 233
219 235
219 220
219 236
219 234
220 236
220 221
220 237
220 235
221 237
221 222
221 238
221 236
222 238
222 223
222 239
222 237
223 239
223 224
223 240
223 238
224 240
224 239
225 241
225 226
225 242
226 242
226 227
226 243
226 241
227 243
227 228
227 244
227 242
228 244
228 229
228 245
228 243
229 245
229 230
229 246
229 244
230 246
230 231
230 247
230 245
231 247
231 232
231 248
231 246
232 248
232 233
232 249
232 247
233 249
233 234
233 250
233 248
234 250
234 235
234 251
234 249
235 251
235 236
235 252
235 250
236 252
236 237
236 253
236 251
237 253
237 238
237 254
237 252
238 254
238 239
238 255
238 253
239 255
239 240
239 256
239 254
240 256
240 255
241 242
242 243
243 244
244 245
245 246
246 247
247 248
248 249
249 250
250 251
251 252
252 253
253 254
254 255
255 256
;
param Grid_Label_Edges :=
0 0 1 0
0 0 0 1
0 0 1 1
0 1 1 1
0 1 0 2
0 1 1 2
0 1 1 0
0 2 1 2
0 2 0 3
0 2 1 3
0 2 1 1
0 3 1 3
0 3 0 4
0 3 1 4
0 3 1 2
0 4 1 4
0 4 0 5
0 4 1 5
0 4 1 3
0 5 1 5
0 5 0 6
0 5 1 6
0 5 1 4
0 6 1 6
0 6 0 7
0 6 1 7
0 6 1 5
0 7 1 7
0 7 0 8
0 7 1 8
0 7 1 6
0 8 1 8
0 8 0 9
0 8 1 9
0 8 1 7
0 9 1 9
0 9 0 10
0 9 1 10
0 9 1 8
0 10 1 10
0 10 0 11
0 10 1 11
0 10 1 9
0 11 1 11
0 11 0 12
0 11 1 12
0 11 1 10
0 12 1 12
0 12 0 13
0 12 1 13
0 12 1 11
0 13 1 13
0 13 0 14
0 13 1 14
0 13 1 12
0 14 1 14
0 14 0 15
0 14 1 15
0 14 1 13
0 15 1 15
0 15 1 14
1 0 2 0
1 0 1 1
1 0 2 1
1 1 2 1
1 1 1 2
1 1 2 2
1 1 2 0
1 2 2 2
1 2 1 3
1 2 2 3
1 2 2 1
1 3 2 3
1 3 1 4
1 3 2 4
1 3 2 2
1 4 2 4
1 4 1 5
1 4 2 5
1 4 2 3
1 5 2 5
1 5 1 6
1 5 2 6
1 5 2 4
1 6 2 6
1 6 1 7
1 6 2 7
1 6 2 5
1 7 2 7
1 7 1 8
1 7 2 8
1 7 2 6
1 8 2 8
1 8 1 9
1 8 2 9
1 8 2 7
1 9 2 9
1 9 1 10
1 9 2 10
1 9 2 8
1 10 2 10
1 10 1 11
1 10 2 11
1 10 2 9
1 11 2 11
1 11 1 12
1 11 2 12
1 11 2 10
1 12 2 12
1 12 1 13
1 12 2 13
1 12 2 11
1 13 2 13
1 13 1 14
1 13 2 14
1 13 2 12
1 14 2 14
1 14 1 15
1 14 2 15
1 14 2 13
1 15 2 15
1 15 2 14
2 0 3 0
2 0 2 1
2 0 3 1
2 1 3 1
2 1 2 2
2 1 3 2
2 1 3 0
2 2 3 2
2 2 2 3
2 2 3 3
2 2 3 1
2 3 3 3
2 3 2 4
2 3 3 4
2 3 3 2
2 4 3 4
2 4 2 5
2 4 3 5
2 4 3 3
2 5 3 5
2 5 2 6
2 5 3 6
2 5 3 4
2 6 3 6
2 6 2 7
2 6 3 7
2 6 3 5
2 7 3 7
2 7 2 8
2 7 3 8
2 7 3 6
2 8 3 8
2 8 2 9
2 8 3 9
2 8 3 7
2 9 3 9
2 9 2 10
2 9 3 10
2 9 3 8
2 10 3 10
2 10 2 11
2 10 3 11
2 10 3 9
2 11 3 11
2 11 2 12
2 11 3 12
2 11 3 10
2 12 3 12
2 12 2 13
2 12 3 13
2 12 3 11
2 13 3 13
2 13 2 14
2 13 3 14
2 13 3 12
2 14 3 14
2 14 2 15
2 14 3 15
2 14 3 13
2 15 3 15
2 15 3 14
3 0 4 0
3 0 3 1
3 0 4 1
3 1 4 1
3 1 3 2
3 1 4 2
3 1 4 0
3 2 4 2
3 2 3 3
3 2 4 3
3 2 4 1
3 3 4 3
3 3 3 4
3 3 4 4
3 3 4 2
3 4 4 4
3 4 3 5
3 4 4 5
3 4 4 3
3 5 4 5
3 5 3 6
3 5 4 6
3 5 4 4
3 6 4 6
3 6 3 7
3 6 4 7
3 6 4 5
3 7 4 7
3 7 3 8
3 7 4 8
3 7 4 6
3 8 4 8
3 8 3 9
3 8 4 9
3 8 4 7
3 9 4 9
3 9 3 10
3 9 4 10
3 9 4 8
3 10 4 10
3 10 3 11
3 10 4 11
3 10 4 9
3 11 4 11
3 11 3 12
3 11 4 12
3 11 4 10
3 12 4 12
3 12 3 13
3 12 4 13
3 12 4 11
3 13 4 13
3 13 3 14
3 13 4 14
3 13 4 12
3 14 4 14
3 14 3 15
3 14 4 15
3 14 4 13
3 15 4 15
3 15 4 14
4 0 5 0
4 0 4 1
4 0 5 1
4 1 5 1
4 1 4 2
4 1 5 2
4 1 5 0
4 2 5 2
4 2 4 3
4 2 5 3
4 2 5 1
4 3 5 3
4 3 4 4
4 3 5 4
4 3 5 2
4 4 5 4
4 4 4 5
4 4 5 5
4 4 5 3
4 5 5 5
4 5 4 6
4 5 5 6
4 5 5 4
4 6 5 6
4 6 4 7
4 6 5 7
4 6 5 5
4 7 5 7
4 7 4 8
4 7 5 8
4 7 5 6
4 8 5 8
4 8 4 9
4 8 5 9
4 8 5 7
4 9 5 9
4 9 4 10
4 9 5 10
4 9 5 8
4 10 5 10
4 10 4 11
4 10 5 11
4 10 5 9
4 11 5 11
4 11 4 12
4 11 5 12
4 11 5 10
4 12 5 12
4 12 4 13
4 12 5 13
4 12 5 11
4 13 5 13
4 13 4 14
4 13 5 14
4 13 5 12
4 14 5 14
4 14 4 15
4 14 5 15
4 14 5 13
4 15 5 15
4 15 5 14
5 0 6 0
5 0 5 1
5 0 6 1
5 1 6 1
5 1 5 2
5 1 6 2
5 1 6 0
5 2 6 2
5 2 5 3
5 2 6 3
5 2 6 1
5 3 6 3
5 3 5 4
5 3 6 4
5 3 6 2
5 4 6 4
5 4 5 5
5 4 6 5
5 4 6 3
5 5 6 5
5 5 5 6
5 5 6 6
5 5 6 4
5 6 6 6
5 6 5 7
5 6 6 7
5 6 6 5
5 7 6 7
5 7 5 8
5 7 6 8
5 7 6 6
5 8 6 8
5 8 5 9
5 8 6 9
5 8 6 7
5 9 6 9
5 9 5 10
5 9 6 10
5 9 6 8
5 10 6 10
5 10 5 11
5 10 6 11
5 10 6 9
5 11 6 11
5 11 5 12
5 11 6 12
5 11 6 10
5 12 6 12
5 12 5 13
5 12 6 13
5 12 6 11
5 13 6 13
5 13 5 14
5 13 6 14
5 13 6 12
5 14 6 14
5 14 5 15
5 14 6 15
5 14 6 13
5 15 6 15
5 15 6 14
6 0 7 0
6 0 6 1
6 0 7 1
6 1 7 1
6 1 6 2
6 1 7 2
6 1 7 0
6 2 7 2
6 2 6 3
6 2 7 3
6 2 7 1
6 3 7 3
6 3 6 4
6 3 7 4
6 3 7 2
6 4 7 4
6 4 6 5
6 4 7 5
6 4 7 3
6 5 7 5
6 5 6 6
6 5 7 6
6 5 7 4
6 6 7 6
6 6 6 7
6 6 7 7
6 6 7 5
6 7 7 7
6 7 6 8
6 7 7 8
6 7 7 6
6 8 7 8
6 8 6 9
6 8 7 9
6 8 7 7
6 9 7 9
6 9 6 10
6 9 7 10
6 9 7 8
6 10 7 10
6 10 6 11
6 10 7 11
6 10 7 9
6 11 7 11
6 11 6 12
6 11 7 12
6 11 7 10
6 12 7 12
6 12 6 13
6 12 7 13
6 12 7 11
6 13 7 13
6 13 6 14
6 13 7 14
6 13 7 12
6 14 7 14
6 14 6 15
6 14 7 15
6 14 7 13
6 15 7 15
6 15 7 14
7 0 8 0
7 0 7 1
7 0 8 1
7 1 8 1
7 1 7 2
7 1 8 2
7 1 8 0
7 2 8 2
7 2 7 3
7 2 8 3
7 2 8 1
7 3 8 3
7 3 7 4
7 3 8 4
7 3 8 2
7 4 8 4
7 4 7 5
7 4 8 5
7 4 8 3
7 5 8 5
7 5 7 6
7 5 8 6
7 5 8 4
7 6 8 6
7 6 7 7
7 6 8 7
7 6 8 5
7 7 8 7
7 7 7 8
7 7 8 8
7 7 8 6
7 8 8 8
7 8 7 9
7 8 8 9
7 8 8 7
7 9 8 9
7 9 7 10
7 9 8 10
7 9 8 8
7 10 8 10
7 10 7 11
7 10 8 11
7 10 8 9
7 11 8 11
7 11 7 12
7 11 8 12
7 11 8 10
7 12 8 12
7 12 7 13
7 12 8 13
7 12 8 11
7 13 8 13
7 13 7 14
7 13 8 14
7 13 8 12
7 14 8 14
7 14 7 15
7 14 8 15
7 14 8 13
7 15 8 15
7 15 8 14
8 0 9 0
8 0 8 1
8 0 9 1
8 1 9 1
8 1 8 2
8 1 9 2
8 1 9 0
8 2 9 2
8 2 8 3
8 2 9 3
8 2 9 1
8 3 9 3
8 3 8 4
8 3 9 4
8 3 9 2
8 4 9 4
8 4 8 5
8 4 9 5
8 4 9 3
8 5 9 5
8 5 8 6
8 5 9 6
8 5 9 4
8 6 9 6
8 6 8 7
8 6 9 7
8 6 9 5
8 7 9 7
8 7 8 8
8 7 9 8
8 7 9 6
8 8 9 8
8 8 8 9
8 8 9 9
8 8 9 7
8 9 9 9
8 9 8 10
8 9 9 10
8 9 9 8
8 10 9 10
8 10 8 11
8 10 9 11
8 10 9 9
8 11 9 11
8 11 8 12
8 11 9 12
8 11 9 10
8 12 9 12
8 12 8 13
8 12 9 13
8 12 9 11
8 13 9 13
8 13 8 14
8 13 9 14
8 13 9 12
8 14 9 14
8 14 8 15
8 14 9 15
8 14 9 13
8 15 9 15
8 15 9 14
9 0 10 0
9 0 9 1
9 0 10 1
9 1 10 1
9 1 9 2
9 1 10 2
9 1 10 0
9 2 10 2
9 2 9 3
9 2 10 3
9 2 10 1
9 3 10 3
9 3 9 4
9 3 10 4
9 3 10 2
9 4 10 4
9 4 9 5
9 4 10 5
9 4 10 3
9 5 10 5
9 5 9 6
9 5 10 6
9 5 10 4
9 6 10 6
9 6 9 7
9 6 10 7
9 6 10 5
9 7 10 7
9 7 9 8
9 7 10 8
9 7 10 6
9 8 10 8
9 8 9 9
9 8 10 9
9 8 10 7
9 9 10 9
9 9 9 10
9 9 10 10
9 9 10 8
9 10 10 10
9 10 9 11
9 10 10 11
9 10 10 9
9 11 10 11
9 11 9 12
9 11 10 12
9 11 10 10
9 12 10 12
9 12 9 13
9 12 10 13
9 12 10 11
9 13 10 13
9 13 9 14
9 13 10 14
9 13 10 12
9 14 10 14
9 14 9 15
9 14 10 15
9 14 10 13
9 15 10 15
9 15 10 14
10 0 11 0
10 0 10 1
10 0 11 1
10 1 11 1
10 1 10 2
10 1 11 2
10 1 11 0
10 2 11 2
10 2 10 3
10 2 11 3
10 2 11 1
10 3 11 3
10 3 10 4
10 3 11 4
10 3 11 2
10 4 11 4
10 4 10 5
10 4 11 5
10 4 11 3
10 5 11 5
10 5 10 6
10 5 11 6
10 5 11 4
10 6 11 6
10 6 10 7
10 6 11 7
10 6 11 5
10 7 11 7
10 7 10 8
10 7 11 8
10 7 11 6
10 8 11 8
10 8 10 9
10 8 11 9
10 8 11 7
10 9 11 9
10 9 10 10
10 9 11 10
10 9 11 8
10 10 11 10
10 10 10 11
10 10 11 11
10 10 11 9
10 11 11 11
10 11 10 12
10 11 11 12
10 11 11 10
10 12 11 12
10 12 10 13
10 12 11 13
10 12 11 11
10 13 11 13
10 13 10 14
10 13 11 14
10 13 11 12
10 14 11 14
10 14 10 15
10 14 11 15
10 14 11 13
10 15 11 15
10 15 11 14
11 0 12 0
11 0 11 1
11 0 12 1
11 1 12 1
11 1 11 2
11 1 12 2
11 1 12 0
11 2 12 2
11 2 11 3
11 2 12 3
11 2 12 1
11 3 12 3
11 3 11 4
11 3 12 4
11 3 12 2
11 4 12 4
11 4 11 5
11 4 12 5
11 4 12 3
11 5 12 5
11 5 11 6
11 5 12 6
11 5 12 4
11 6 12 6
11 6 11 7
11 6 12 7
11 6 12 5
11 7 12 7
11 7 11 8
11 7 12 8
11 7 12 6
11 8 12 8
11 8 11 9
11 8 12 9
11 8 12 7
11 9 12 9
11 9 11 10
11 9 12 10
11 9 12 8
11 10 12 10
11 10 11 11
11 10 12 11
11 10 12 9
11 11 12 11
11 11 11 12
11 11 12 12
11 11 12 10
11 12 12 12
11 12 11 13
11 12 12 13
11 12 12 11
11 13 12 13
11 13 11 14
11 13 12 14
11 13 12 12
11 14 12 14
11 14 11 15
11 14 12 15
11 14 12 13
11 15 12 15
11 15 12 14
12 0 13 0
12 0 12 1
12 0 13 1
12 1 13 1
12 1 12 2
12 1 13 2
12 1 13 0
12 2 13 2
12 2 12 3
12 2 13 3
12 2 13 1
12 3 13 3
12 3 12 4
12 3 13 4
12 3 13 2
12 4 13 4
12 4 12 5
12 4 13 5
12 4 13 3
12 5 13 5
12 5 12 6
12 5 13 6
12 5 13 4
12 6 13 6
12 6 12 7
12 6 13 7
12 6 13 5
12 7 13 7
12 7 12 8
12 7 13 8
12 7 13 6
12 8 13 8
12 8 12 9
12 8 13 9
12 8 13 7
12 9 13 9
12 9 12 10
12 9 13 10
12 9 13 8
12 10 13 10
12 10 12 11
12 10 13 11
12 10 13 9
12 11 13 11
12 11 12 12
12 11 13 12
12 11 13 10
12 12 13 12
12 12 12 13
12 12 13 13
12 12 13 11
12 13 13 13
12 13 12 14
12 13 13 14
12 13 13 12
12 14 13 14
12 14 12 15
12 14 13 15
12 14 13 13
12 15 13 15
12 15 13 14
13 0 14 0
13 0 13 1
13 0 14 1
13 1 14 1
13 1 13 2
13 1 14 2
13 1 14 0
13 2 14 2
13 2 13 3
13 2 14 3
13 2 14 1
13 3 14 3
13 3 13 4
13 3 14 4
13 3 14 2
13 4 14 4
13 4 13 5
13 4 14 5
13 4 14 3
13 5 14 5
13 5 13 6
13 5 14 6
13 5 14 4
13 6 14 6
13 6 13 7
13 6 14 7
13 6 14 5
13 7 14 7
13 7 13 8
13 7 14 8
13 7 14 6
13 8 14 8
13 8 13 9
13 8 14 9
13 8 14 7
13 9 14 9
13 9 13 10
13 9 14 10
13 9 14 8
13 10 14 10
13 10 13 11
13 10 14 11
13 10 14 9
13 11 14 11
13 11 13 12
13 11 14 12
13 11 14 10
13 12 14 12
13 12 13 13
13 12 14 13
13 12 14 11
13 13 14 13
13 13 13 14
13 13 14 14
13 13 14 12
13 14 14 14
13 14 13 15
13 14 14 15
13 14 14 13
13 15 14 15
13 15 14 14
14 0 15 0
14 0 14 1
14 0 15 1
14 1 15 1
14 1 14 2
14 1 15 2
14 1 15 0
14 2 15 2
14 2 14 3
14 2 15 3
14 2 15 1
14 3 15 3
14 3 14 4
14 3 15 4
14 3 15 2
14 4 15 4
14 4 14 5
14 4 15 5
14 4 15 3
14 5 15 5
14 5 14 6
14 5 15 6
14 5 15 4
14 6 15 6
14 6 14 7
14 6 15 7
14 6 15 5
14 7 15 7
14 7 14 8
14 7 15 8
14 7 15 6
14 8 15 8
14 8 14 9
14 8 15 9
14 8 15 7
14 9 15 9
14 9 14 10
14 9 15 10
14 9 15 8
14 10 15 10
14 10 14 11
14 10 15 11
14 10 15 9
14 11 15 11
14 11 14 12
14 11 15 12
14 11 15 10
14 12 15 12
14 12 14 13
14 12 15 13
14 12 15 11
14 13 15 13
14 13 14 14
14 13 15 14
14 13 15 12
14 14 15 14
14 14 14 15
14 14 15 15
14 14 15 13
14 15 15 15
14 15 15 14
15 0 15 1
15 1 15 2
15 2 15 3
15 3 15 4
15 4 15 5
15 5 15 6
15 6 15 7
15 7 15 8
15 8 15 9
15 9 15 10
15 10 15 11
15 11 15 12
15 12 15 13
15 13 15 14
15 14 15 15
;
param Centralities :=
degree centrality: {(0, 0): 0.011764705882352941, (0, 1): 0.0196078431372549, (0, 2): 0.0196078431372549, (0, 3): 0.0196078431372549, (0, 4): 0.0196078431372549, (0, 5): 0.0196078431372549, (0, 6): 0.0196078431372549, (0, 7): 0.0196078431372549, (0, 8): 0.0196078431372549, (0, 9): 0.0196078431372549, (0, 10): 0.0196078431372549, (0, 11): 0.0196078431372549, (0, 12): 0.0196078431372549, (0, 13): 0.0196078431372549, (0, 14): 0.0196078431372549, (0, 15): 0.011764705882352941, (1, 0): 0.0196078431372549, (1, 1): 0.03137254901960784, (1, 2): 0.03137254901960784, (1, 3): 0.03137254901960784, (1, 4): 0.03137254901960784, (1, 5): 0.03137254901960784, (1, 6): 0.03137254901960784, (1, 7): 0.03137254901960784, (1, 8): 0.03137254901960784, (1, 9): 0.03137254901960784, (1, 10): 0.03137254901960784, (1, 11): 0.03137254901960784, (1, 12): 0.03137254901960784, (1, 13): 0.03137254901960784, (1, 14): 0.03137254901960784, (1, 15): 0.0196078431372549, (2, 0): 0.0196078431372549, (2, 1): 0.03137254901960784, (2, 2): 0.03137254901960784, (2, 3): 0.03137254901960784, (2, 4): 0.03137254901960784, (2, 5): 0.03137254901960784, (2, 6): 0.03137254901960784, (2, 7): 0.03137254901960784, (2, 8): 0.03137254901960784, (2, 9): 0.03137254901960784, (2, 10): 0.03137254901960784, (2, 11): 0.03137254901960784, (2, 12): 0.03137254901960784, (2, 13): 0.03137254901960784, (2, 14): 0.03137254901960784, (2, 15): 0.0196078431372549, (3, 0): 0.0196078431372549, (3, 1): 0.03137254901960784, (3, 2): 0.03137254901960784, (3, 3): 0.03137254901960784, (3, 4): 0.03137254901960784, (3, 5): 0.03137254901960784, (3, 6): 0.03137254901960784, (3, 7): 0.03137254901960784, (3, 8): 0.03137254901960784, (3, 9): 0.03137254901960784, (3, 10): 0.03137254901960784, (3, 11): 0.03137254901960784, (3, 12): 0.03137254901960784, (3, 13): 0.03137254901960784, (3, 14): 0.03137254901960784, (3, 15): 0.0196078431372549, (4, 0): 0.0196078431372549, (4, 1): 0.03137254901960784, (4, 2): 0.03137254901960784, (4, 3): 0.03137254901960784, (4, 4): 0.03137254901960784, (4, 5): 0.03137254901960784, (4, 6): 0.03137254901960784, (4, 7): 0.03137254901960784, (4, 8): 0.03137254901960784, (4, 9): 0.03137254901960784, (4, 10): 0.03137254901960784, (4, 11): 0.03137254901960784, (4, 12): 0.03137254901960784, (4, 13): 0.03137254901960784, (4, 14): 0.03137254901960784, (4, 15): 0.0196078431372549, (5, 0): 0.0196078431372549, (5, 1): 0.03137254901960784, (5, 2): 0.03137254901960784, (5, 3): 0.03137254901960784, (5, 4): 0.03137254901960784, (5, 5): 0.03137254901960784, (5, 6): 0.03137254901960784, (5, 7): 0.03137254901960784, (5, 8): 0.03137254901960784, (5, 9): 0.03137254901960784, (5, 10): 0.03137254901960784, (5, 11): 0.03137254901960784, (5, 12): 0.03137254901960784, (5, 13): 0.03137254901960784, (5, 14): 0.03137254901960784, (5, 15): 0.0196078431372549, (6, 0): 0.0196078431372549, (6, 1): 0.03137254901960784, (6, 2): 0.03137254901960784, (6, 3): 0.03137254901960784, (6, 4): 0.03137254901960784, (6, 5): 0.03137254901960784, (6, 6): 0.03137254901960784, (6, 7): 0.03137254901960784, (6, 8): 0.03137254901960784, (6, 9): 0.03137254901960784, (6, 10): 0.03137254901960784, (6, 11): 0.03137254901960784, (6, 12): 0.03137254901960784, (6, 13): 0.03137254901960784, (6, 14): 0.03137254901960784, (6, 15): 0.0196078431372549, (7, 0): 0.0196078431372549, (7, 1): 0.03137254901960784, (7, 2): 0.03137254901960784, (7, 3): 0.03137254901960784, (7, 4): 0.03137254901960784, (7, 5): 0.03137254901960784, (7, 6): 0.03137254901960784, (7, 7): 0.03137254901960784, (7, 8): 0.03137254901960784, (7, 9): 0.03137254901960784, (7, 10): 0.03137254901960784, (7, 11): 0.03137254901960784, (7, 12): 0.03137254901960784, (7, 13): 0.03137254901960784, (7, 14): 0.03137254901960784, (7, 15): 0.0196078431372549, (8, 0): 0.0196078431372549, (8, 1): 0.03137254901960784, (8, 2): 0.03137254901960784, (8, 3): 0.03137254901960784, (8, 4): 0.03137254901960784, (8, 5): 0.03137254901960784, (8, 6): 0.03137254901960784, (8, 7): 0.03137254901960784, (8, 8): 0.03137254901960784, (8, 9): 0.03137254901960784, (8, 10): 0.03137254901960784, (8, 11): 0.03137254901960784, (8, 12): 0.03137254901960784, (8, 13): 0.03137254901960784, (8, 14): 0.03137254901960784, (8, 15): 0.0196078431372549, (9, 0): 0.0196078431372549, (9, 1): 0.03137254901960784, (9, 2): 0.03137254901960784, (9, 3): 0.03137254901960784, (9, 4): 0.03137254901960784, (9, 5): 0.03137254901960784, (9, 6): 0.03137254901960784, (9, 7): 0.03137254901960784, (9, 8): 0.03137254901960784, (9, 9): 0.03137254901960784, (9, 10): 0.03137254901960784, (9, 11): 0.03137254901960784, (9, 12): 0.03137254901960784, (9, 13): 0.03137254901960784, (9, 14): 0.03137254901960784, (9, 15): 0.0196078431372549, (10, 0): 0.0196078431372549, (10, 1): 0.03137254901960784, (10, 2): 0.03137254901960784, (10, 3): 0.03137254901960784, (10, 4): 0.03137254901960784, (10, 5): 0.03137254901960784, (10, 6): 0.03137254901960784, (10, 7): 0.03137254901960784, (10, 8): 0.03137254901960784, (10, 9): 0.03137254901960784, (10, 10): 0.03137254901960784, (10, 11): 0.03137254901960784, (10, 12): 0.03137254901960784, (10, 13): 0.03137254901960784, (10, 14): 0.03137254901960784, (10, 15): 0.0196078431372549, (11, 0): 0.0196078431372549, (11, 1): 0.03137254901960784, (11, 2): 0.03137254901960784, (11, 3): 0.03137254901960784, (11, 4): 0.03137254901960784, (11, 5): 0.03137254901960784, (11, 6): 0.03137254901960784, (11, 7): 0.03137254901960784, (11, 8): 0.03137254901960784, (11, 9): 0.03137254901960784, (11, 10): 0.03137254901960784, (11, 11): 0.03137254901960784, (11, 12): 0.03137254901960784, (11, 13): 0.03137254901960784, (11, 14): 0.03137254901960784, (11, 15): 0.0196078431372549, (12, 0): 0.0196078431372549, (12, 1): 0.03137254901960784, (12, 2): 0.03137254901960784, (12, 3): 0.03137254901960784, (12, 4): 0.03137254901960784, (12, 5): 0.03137254901960784, (12, 6): 0.03137254901960784, (12, 7): 0.03137254901960784, (12, 8): 0.03137254901960784, (12, 9): 0.03137254901960784, (12, 10): 0.03137254901960784, (12, 11): 0.03137254901960784, (12, 12): 0.03137254901960784, (12, 13): 0.03137254901960784, (12, 14): 0.03137254901960784, (12, 15): 0.0196078431372549, (13, 0): 0.0196078431372549, (13, 1): 0.03137254901960784, (13, 2): 0.03137254901960784, (13, 3): 0.03137254901960784, (13, 4): 0.03137254901960784, (13, 5): 0.03137254901960784, (13, 6): 0.03137254901960784, (13, 7): 0.03137254901960784, (13, 8): 0.03137254901960784, (13, 9): 0.03137254901960784, (13, 10): 0.03137254901960784, (13, 11): 0.03137254901960784, (13, 12): 0.03137254901960784, (13, 13): 0.03137254901960784, (13, 14): 0.03137254901960784, (13, 15): 0.0196078431372549, (14, 0): 0.0196078431372549, (14, 1): 0.03137254901960784, (14, 2): 0.03137254901960784, (14, 3): 0.03137254901960784, (14, 4): 0.03137254901960784, (14, 5): 0.03137254901960784, (14, 6): 0.03137254901960784, (14, 7): 0.03137254901960784, (14, 8): 0.03137254901960784, (14, 9): 0.03137254901960784, (14, 10): 0.03137254901960784, (14, 11): 0.03137254901960784, (14, 12): 0.03137254901960784, (14, 13): 0.03137254901960784, (14, 14): 0.03137254901960784, (14, 15): 0.0196078431372549, (15, 0): 0.011764705882352941, (15, 1): 0.0196078431372549, (15, 2): 0.0196078431372549, (15, 3): 0.0196078431372549, (15, 4): 0.0196078431372549, (15, 5): 0.0196078431372549, (15, 6): 0.0196078431372549, (15, 7): 0.0196078431372549, (15, 8): 0.0196078431372549, (15, 9): 0.0196078431372549, (15, 10): 0.0196078431372549, (15, 11): 0.0196078431372549, (15, 12): 0.0196078431372549, (15, 13): 0.0196078431372549, (15, 14): 0.0196078431372549, (15, 15): 0.011764705882352941}
eigenvector centrality: {(0, 0): 0.00397503205357369, (0, 1): 0.007814326006105357, (0, 2): 0.011386877938348406, (0, 3): 0.014570957591224327, (0, 4): 0.01725827509917284, (0, 5): 0.019357626688044985, (0, 6): 0.0207979077645339, (0, 7): 0.021530418573441824, (0, 8): 0.021530418573441824, (0, 9): 0.0207979077645339, (0, 10): 0.019357626688044978, (0, 11): 0.01725827509917284, (0, 12): 0.014570957591224327, (0, 13): 0.011386877938348404, (0, 14): 0.007814326006105356, (0, 15): 0.003975032053573689, (1, 0): 0.007814326006105357, (1, 1): 0.015361810950630236, (1, 2): 0.022384920474285624, (1, 3): 0.028644350864189014, (1, 4): 0.033927220236310174, (1, 5): 0.038054235439152, (1, 6): 0.04088561534261473, (1, 7): 0.04232562341969585, (1, 8): 0.042325623419695854, (1, 9): 0.04088561534261473, (1, 10): 0.038054235439151984, (1, 11): 0.03392722023631017, (1, 12): 0.028644350864189014, (1, 13): 0.02238492047428562, (1, 14): 0.015361810950630234, (1, 15): 0.007814326006105356, (2, 0): 0.011386877938348406, (2, 1): 0.02238492047428562, (2, 2): 0.032618853743902776, (2, 3): 0.041739969212816, (2, 4): 0.049438059701692884, (2, 5): 0.05545186285346203, (2, 6): 0.059577692430143776, (2, 7): 0.06167604309930544, (2, 8): 0.061676043099305425, (2, 9): 0.05957769243014377, (2, 10): 0.055451862853462014, (2, 11): 0.04943805970169288, (2, 12): 0.041739969212815996, (2, 13): 0.03261885374390277, (2, 14): 0.02238492047428562, (2, 15): 0.011386877938348406, (3, 0): 0.014570957591224327, (3, 1): 0.028644350864189014, (3, 2): 0.041739969212816, (3, 3): 0.053411595746600704, (3, 4): 0.06326228095233864, (3, 5): 0.07095770643778204, (3, 6): 0.07623722977297011, (3, 7): 0.07892233615396523, (3, 8): 0.07892233615396521, (3, 9): 0.0762372297729701, (3, 10): 0.07095770643778201, (3, 11): 0.06326228095233863, (3, 12): 0.05341159574660068, (3, 13): 0.041739969212815996, (3, 14): 0.028644350864189014, (3, 15): 0.014570957591224327, (4, 0): 0.017258275099172844, (4, 1): 0.033927220236310174, (4, 2): 0.049438059701692884, (4, 3): 0.06326228095233864, (4, 4): 0.07492972519075759, (4, 5): 0.08404441577999901, (4, 6): 0.0902976400818839, (4, 7): 0.09347795985864776, (4, 8): 0.09347795985864775, (4, 9): 0.09029764008188389, (4, 10): 0.08404441577999897, (4, 11): 0.07492972519075759, (4, 12): 0.06326228095233863, (4, 13): 0.04943805970169288, (4, 14): 0.03392722023631017, (4, 15): 0.01725827509917284, (5, 0): 0.019357626688044978, (5, 1): 0.03805423543915199, (5, 2): 0.05545186285346203, (5, 3): 0.07095770643778203, (5, 4): 0.08404441577999901, (5, 5): 0.09426784638298133, (5, 6): 0.10128173281930891, (5, 7): 0.10484891683007669, (5, 8): 0.10484891683007669, (5, 9): 0.10128173281930888, (5, 10): 0.09426784638298129, (5, 11): 0.08404441577999897, (5, 12): 0.070957706437782, (5, 13): 0.05545186285346202, (5, 14): 0.03805423543915199, (5, 15): 0.019357626688044974, (6, 0): 0.020797907764533895, (6, 1): 0.04088561534261473, (6, 2): 0.05957769243014377, (6, 3): 0.07623722977297011, (6, 4): 0.09029764008188389, (6, 5): 0.1012817328193089, (6, 6): 0.10881747909257218, (6, 7): 0.1126500751659786, (6, 8): 0.1126500751659786, (6, 9): 0.10881747909257217, (6, 10): 0.1012817328193089, (6, 11): 0.09029764008188389, (6, 12): 0.0762372297729701, (6, 13): 0.05957769243014377, (6, 14): 0.040885615342614715, (6, 15): 0.020797907764533892, (7, 0): 0.021530418573441824, (7, 1): 0.04232562341969585, (7, 2): 0.061676043099305425, (7, 3): 0.07892233615396523, (7, 4): 0.09347795985864775, (7, 5): 0.10484891683007669, (7, 6): 0.1126500751659786, (7, 7): 0.11661765683898154, (7, 8): 0.11661765683898154, (7, 9): 0.1126500751659786, (7, 10): 0.10484891683007669, (7, 11): 0.09347795985864774, (7, 12): 0.07892233615396521, (7, 13): 0.061676043099305425, (7, 14): 0.04232562341969585, (7, 15): 0.02153041857344182, (8, 0): 0.021530418573441824, (8, 1): 0.04232562341969585, (8, 2): 0.06167604309930544, (8, 3): 0.07892233615396523, (8, 4): 0.09347795985864775, (8, 5): 0.10484891683007669, (8, 6): 0.11265007516597858, (8, 7): 0.11661765683898154, (8, 8): 0.11661765683898151, (8, 9): 0.11265007516597857, (8, 10): 0.10484891683007669, (8, 11): 0.09347795985864775, (8, 12): 0.07892233615396523, (8, 13): 0.061676043099305425, (8, 14): 0.04232562341969585, (8, 15): 0.02153041857344182, (9, 0): 0.020797907764533895, (9, 1): 0.04088561534261473, (9, 2): 0.05957769243014377, (9, 3): 0.0762372297729701, (9, 4): 0.09029764008188387, (9, 5): 0.10128173281930891, (9, 6): 0.10881747909257217, (9, 7): 0.11265007516597858, (9, 8): 0.11265007516597858, (9, 9): 0.10881747909257217, (9, 10): 0.1012817328193089, (9, 11): 0.09029764008188389, (9, 12): 0.0762372297729701, (9, 13): 0.05957769243014377, (9, 14): 0.040885615342614715, (9, 15): 0.020797907764533895, (10, 0): 0.01935762668804498, (10, 1): 0.038054235439152, (10, 2): 0.05545186285346202, (10, 3): 0.07095770643778203, (10, 4): 0.084044415779999, (10, 5): 0.09426784638298129, (10, 6): 0.1012817328193089, (10, 7): 0.10484891683007667, (10, 8): 0.10484891683007667, (10, 9): 0.10128173281930888, (10, 10): 0.09426784638298129, (10, 11): 0.08404441577999898, (10, 12): 0.07095770643778201, (10, 13): 0.05545186285346202, (10, 14): 0.038054235439151984, (10, 15): 0.01935762668804498, (11, 0): 0.017258275099172844, (11, 1): 0.033927220236310174, (11, 2): 0.04943805970169288, (11, 3): 0.06326228095233864, (11, 4): 0.07492972519075759, (11, 5): 0.08404441577999898, (11, 6): 0.09029764008188387, (11, 7): 0.09347795985864772, (11, 8): 0.09347795985864774, (11, 9): 0.09029764008188389, (11, 10): 0.08404441577999897, (11, 11): 0.07492972519075759, (11, 12): 0.06326228095233863, (11, 13): 0.04943805970169288, (11, 14): 0.033927220236310174, (11, 15): 0.01725827509917284, (12, 0): 0.01457095759122433, (12, 1): 0.02864435086418902, (12, 2): 0.041739969212816, (12, 3): 0.0534115957466007, (12, 4): 0.06326228095233863, (12, 5): 0.070957706437782, (12, 6): 0.07623722977297011, (12, 7): 0.0789223361539652, (12, 8): 0.0789223361539652, (12, 9): 0.07623722977297011, (12, 10): 0.07095770643778201, (12, 11): 0.06326228095233861, (12, 12): 0.053411595746600676, (12, 13): 0.041739969212816, (12, 14): 0.028644350864189014, (12, 15): 0.014570957591224327, (13, 0): 0.01138687793834841, (13, 1): 0.022384920474285627, (13, 2): 0.03261885374390278, (13, 3): 0.04173996921281601, (13, 4): 0.049438059701692884, (13, 5): 0.05545186285346202, (13, 6): 0.05957769243014377, (13, 7): 0.06167604309930542, (13, 8): 0.061676043099305425, (13, 9): 0.05957769243014377, (13, 10): 0.05545186285346202, (13, 11): 0.04943805970169288, (13, 12): 0.041739969212816, (13, 13): 0.032618853743902776, (13, 14): 0.022384920474285627, (13, 15): 0.011386877938348408, (14, 0): 0.00781432600610536, (14, 1): 0.01536181095063024, (14, 2): 0.022384920474285624, (14, 3): 0.028644350864189014, (14, 4): 0.033927220236310174, (14, 5): 0.038054235439152, (14, 6): 0.04088561534261473, (14, 7): 0.042325623419695854, (14, 8): 0.042325623419695854, (14, 9): 0.04088561534261473, (14, 10): 0.038054235439152, (14, 11): 0.033927220236310174, (14, 12): 0.028644350864189014, (14, 13): 0.022384920474285624, (14, 14): 0.015361810950630236, (14, 15): 0.00781432600610536, (15, 0): 0.00397503205357369, (15, 1): 0.007814326006105357, (15, 2): 0.01138687793834841, (15, 3): 0.01457095759122433, (15, 4): 0.01725827509917284, (15, 5): 0.019357626688044978, (15, 6): 0.020797907764533892, (15, 7): 0.02153041857344182, (15, 8): 0.02153041857344182, (15, 9): 0.020797907764533895, (15, 10): 0.019357626688044978, (15, 11): 0.01725827509917284, (15, 12): 0.014570957591224327, (15, 13): 0.01138687793834841, (15, 14): 0.00781432600610536, (15, 15): 0.00397503205357369}
closeness centrality: {(0, 0): 0.09807692307692308, (0, 1): 0.10278113663845223, (0, 2): 0.10718789407313997, (0, 3): 0.11115954664341761, (0, 4): 0.11455525606469003, (0, 5): 0.11724137931034483, (0, 6): 0.11910322279308734, (0, 7): 0.12005649717514125, (0, 8): 0.12005649717514125, (0, 9): 0.11910322279308734, (0, 10): 0.11724137931034483, (0, 11): 0.11455525606469003, (0, 12): 0.11115954664341761, (0, 13): 0.10718789407313997, (0, 14): 0.10278113663845223, (0, 15): 0.09807692307692308, (1, 0): 0.10278113663845223, (1, 1): 0.108603066439523, (1, 2): 0.11414503133393017, (1, 3): 0.11921458625525946, (1, 4): 0.12360639844886089, (1, 5): 0.1271186440677966, (1, 6): 0.12957317073170732, (1, 7): 0.13083632632119035, (1, 8): 0.13083632632119035, (1, 9): 0.12957317073170732, (1, 10): 0.1271186440677966, (1, 11): 0.12360639844886089, (1, 12): 0.11921458625525946, (1, 13): 0.11414503133393017, (1, 14): 0.108603066439523, (1, 15): 0.10278113663845223, (2, 0): 0.10718789407313997, (2, 1): 0.11414503133393017, (2, 2): 0.12096774193548387, (2, 3): 0.127309036445332, (2, 4): 0.13288170922355394, (2, 5): 0.13739224137931033, (2, 6): 0.14057331863285558, (2, 7): 0.14221974344673732, (2, 8): 0.14221974344673732, (2, 9): 0.14057331863285558, (2, 10): 0.13739224137931033, (2, 11): 0.13288170922355394, (2, 12): 0.127309036445332, (2, 13): 0.12096774193548387, (2, 14): 0.11414503133393017, (2, 15): 0.10718789407313997, (3, 0): 0.11115954664341761, (3, 1): 0.11921458625525946, (3, 2): 0.127309036445332, (3, 3): 0.1350635593220339, (3, 4): 0.14198218262806236, (3, 5): 0.14765489287782282, (3, 6): 0.15169541939321832, (3, 7): 0.15379975874547647, (3, 8): 0.15379975874547647, (3, 9): 0.15169541939321832, (3, 10): 0.14765489287782282, (3, 11): 0.14198218262806236, (3, 12): 0.1350635593220339, (3, 13): 0.127309036445332, (3, 14): 0.11921458625525946, (3, 15): 0.11115954664341761, (4, 0): 0.11455525606469003, (4, 1): 0.12360639844886089, (4, 2): 0.13288170922355394, (4, 3): 0.14198218262806236, (4, 4): 0.15035377358490565, (4, 5): 0.15731030228254164, (4, 6): 0.16231699554423934, (4, 7): 0.1649417852522639, (4, 8): 0.1649417852522639, (4, 9): 0.16231699554423934, (4, 10): 0.15731030228254164, (4, 11): 0.15035377358490565, (4, 12): 0.14198218262806236, (4, 13): 0.13288170922355394, (4, 14): 0.12360639844886089, (4, 15): 0.11455525606469003, (5, 0): 0.11724137931034483, (5, 1): 0.1271186440677966, (5, 2): 0.13739224137931033, (5, 3): 0.14765489287782282, (5, 4): 0.15731030228254164, (5, 5): 0.16558441558441558, (5, 6): 0.17160161507402422, (5, 7): 0.17477724468814257, (5, 8): 0.17477724468814257, (5, 9): 0.17160161507402422, (5, 10): 0.16558441558441558, (5, 11): 0.15731030228254164, (5, 12): 0.14765489287782282, (5, 13): 0.13739224137931033, (5, 14): 0.1271186440677966, (5, 15): 0.11724137931034483, (6, 0): 0.11910322279308734, (6, 1): 0.12957317073170732, (6, 2): 0.14057331863285558, (6, 3): 0.15169541939321832, (6, 4): 0.16231699554423934, (6, 5): 0.17160161507402422, (6, 6): 0.17857142857142858, (6, 7): 0.18227305218012865, (6, 8): 0.18227305218012865, (6, 9): 0.17857142857142858, (6, 10): 0.17160161507402422, (6, 11): 0.16231699554423934, (6, 12): 0.15169541939321832, (6, 13): 0.14057331863285558, (6, 14): 0.12957317073170732, (6, 15): 0.11910322279308734, (7, 0): 0.12005649717514125, (7, 1): 0.13083632632119035, (7, 2): 0.14221974344673732, (7, 3): 0.15379975874547647, (7, 4): 0.1649417852522639, (7, 5): 0.17477724468814257, (7, 6): 0.18227305218012865, (7, 7): 0.18640350877192982, (7, 8): 0.18640350877192982, (7, 9): 0.18227305218012865, (7, 10): 0.17477724468814257, (7, 11): 0.1649417852522639, (7, 12): 0.15379975874547647, (7, 13): 0.14221974344673732, (7, 14): 0.13083632632119035, (7, 15): 0.12005649717514125, (8, 0): 0.12005649717514125, (8, 1): 0.13083632632119035, (8, 2): 0.14221974344673732, (8, 3): 0.15379975874547647, (8, 4): 0.1649417852522639, (8, 5): 0.17477724468814257, (8, 6): 0.18227305218012865, (8, 7): 0.18640350877192982, (8, 8): 0.18640350877192982, (8, 9): 0.18227305218012865, (8, 10): 0.17477724468814257, (8, 11): 0.1649417852522639, (8, 12): 0.15379975874547647, (8, 13): 0.14221974344673732, (8, 14): 0.13083632632119035, (8, 15): 0.12005649717514125, (9, 0): 0.11910322279308734, (9, 1): 0.12957317073170732, (9, 2): 0.14057331863285558, (9, 3): 0.15169541939321832, (9, 4): 0.16231699554423934, (9, 5): 0.17160161507402422, (9, 6): 0.17857142857142858, (9, 7): 0.18227305218012865, (9, 8): 0.18227305218012865, (9, 9): 0.17857142857142858, (9, 10): 0.17160161507402422, (9, 11): 0.16231699554423934, (9, 12): 0.15169541939321832, (9, 13): 0.14057331863285558, (9, 14): 0.12957317073170732, (9, 15): 0.11910322279308734, (10, 0): 0.11724137931034483, (10, 1): 0.1271186440677966, (10, 2): 0.13739224137931033, (10, 3): 0.14765489287782282, (10, 4): 0.15731030228254164, (10, 5): 0.16558441558441558, (10, 6): 0.17160161507402422, (10, 7): 0.17477724468814257, (10, 8): 0.17477724468814257, (10, 9): 0.17160161507402422, (10, 10): 0.16558441558441558, (10, 11): 0.15731030228254164, (10, 12): 0.14765489287782282, (10, 13): 0.13739224137931033, (10, 14): 0.1271186440677966, (10, 15): 0.11724137931034483, (11, 0): 0.11455525606469003, (11, 1): 0.12360639844886089, (11, 2): 0.13288170922355394, (11, 3): 0.14198218262806236, (11, 4): 0.15035377358490565, (11, 5): 0.15731030228254164, (11, 6): 0.16231699554423934, (11, 7): 0.1649417852522639, (11, 8): 0.1649417852522639, (11, 9): 0.16231699554423934, (11, 10): 0.15731030228254164, (11, 11): 0.15035377358490565, (11, 12): 0.14198218262806236, (11, 13): 0.13288170922355394, (11, 14): 0.12360639844886089, (11, 15): 0.11455525606469003, (12, 0): 0.11115954664341761, (12, 1): 0.11921458625525946, (12, 2): 0.127309036445332, (12, 3): 0.1350635593220339, (12, 4): 0.14198218262806236, (12, 5): 0.14765489287782282, (12, 6): 0.15169541939321832, (12, 7): 0.15379975874547647, (12, 8): 0.15379975874547647, (12, 9): 0.15169541939321832, (12, 10): 0.14765489287782282, (12, 11): 0.14198218262806236, (12, 12): 0.1350635593220339, (12, 13): 0.127309036445332, (12, 14): 0.11921458625525946, (12, 15): 0.11115954664341761, (13, 0): 0.10718789407313997, (13, 1): 0.11414503133393017, (13, 2): 0.12096774193548387, (13, 3): 0.127309036445332, (13, 4): 0.13288170922355394, (13, 5): 0.13739224137931033, (13, 6): 0.14057331863285558, (13, 7): 0.14221974344673732, (13, 8): 0.14221974344673732, (13, 9): 0.14057331863285558, (13, 10): 0.13739224137931033, (13, 11): 0.13288170922355394, (13, 12): 0.127309036445332, (13, 13): 0.12096774193548387, (13, 14): 0.11414503133393017, (13, 15): 0.10718789407313997, (14, 0): 0.10278113663845223, (14, 1): 0.108603066439523, (14, 2): 0.11414503133393017, (14, 3): 0.11921458625525946, (14, 4): 0.12360639844886089, (14, 5): 0.1271186440677966, (14, 6): 0.12957317073170732, (14, 7): 0.13083632632119035, (14, 8): 0.13083632632119035, (14, 9): 0.12957317073170732, (14, 10): 0.1271186440677966, (14, 11): 0.12360639844886089, (14, 12): 0.11921458625525946, (14, 13): 0.11414503133393017, (14, 14): 0.108603066439523, (14, 15): 0.10278113663845223, (15, 0): 0.09807692307692308, (15, 1): 0.10278113663845223, (15, 2): 0.10718789407313997, (15, 3): 0.11115954664341761, (15, 4): 0.11455525606469003, (15, 5): 0.11724137931034483, (15, 6): 0.11910322279308734, (15, 7): 0.12005649717514125, (15, 8): 0.12005649717514125, (15, 9): 0.11910322279308734, (15, 10): 0.11724137931034483, (15, 11): 0.11455525606469003, (15, 12): 0.11115954664341761, (15, 13): 0.10718789407313997, (15, 14): 0.10278113663845223, (15, 15): 0.09807692307692308}
betweenness centrality: {(0, 0): 0.0, (0, 1): 0.001625874490003728, (0, 2): 0.002576876924718375, (0, 3): 0.0031658382859819476, (0, 4): 0.003551329214212577, (0, 5): 0.003800459646509417, (0, 6): 0.003950718079714418, (0, 7): 0.004021526217650697, (0, 8): 0.004021526217650697, (0, 9): 0.003950718079714419, (0, 10): 0.0038004596465094167, (0, 11): 0.003551329214212577, (0, 12): 0.003165838285981947, (0, 13): 0.0025768769247183753, (0, 14): 0.0016258744900037273, (0, 15): 0.0, (1, 0): 0.001625874490003728, (1, 1): 0.009701452595089036, (1, 2): 0.012568971823778663, (1, 3): 0.014663984961358756, (1, 4): 0.016117677899564743, (1, 5): 0.0171025895458667, (1, 6): 0.017714327672239363, (1, 7): 0.01800798828377434, (1, 8): 0.018007988283774336, (1, 9): 0.01771432767223937, (1, 10): 0.017102589545866704, (1, 11): 0.016117677899564743, (1, 12): 0.01466398496135876, (1, 13): 0.012568971823778662, (1, 14): 0.009701452595089036, (1, 15): 0.001625874490003728, (2, 0): 0.0025768769247183736, (2, 1): 0.012568971823778656, (2, 2): 0.01932003108977222, (2, 3): 0.022929487903375255, (2, 4): 0.025634996704770766, (2, 5): 0.027518052082392375, (2, 6): 0.028710009049182212, (2, 7): 0.029287811917525466, (2, 8): 0.029287811917525462, (2, 9): 0.02871000904918221, (2, 10): 0.027518052082392372, (2, 11): 0.025634996704770766, (2, 12): 0.022929487903375255, (2, 13): 0.01932003108977222, (2, 14): 0.012568971823778656, (2, 15): 0.0025768769247183727, (3, 0): 0.003165838285981947, (3, 1): 0.014663984961358768, (3, 2): 0.022929487903375234, (3, 3): 0.029040502299388638, (3, 4): 0.03289030599764389, (3, 5): 0.03565857379094958, (3, 6): 0.037428105098652104, (3, 7): 0.03829105201157313, (3, 8): 0.03829105201157314, (3, 9): 0.0374281050986521, (3, 10): 0.03565857379094958, (3, 11): 0.03289030599764389, (3, 12): 0.029040502299388638, (3, 13): 0.022929487903375238, (3, 14): 0.014663984961358767, (3, 15): 0.0031658382859819467, (4, 0): 0.0035513292142125763, (4, 1): 0.01611767789956474, (4, 2): 0.02563499670477077, (4, 3): 0.0328903059976439, (4, 4): 0.0385524074944148, (4, 5): 0.042201665260869985, (4, 6): 0.04456433996967977, (4, 7): 0.04571915046275204, (4, 8): 0.045719150462752045, (4, 9): 0.04456433996967977, (4, 10): 0.04220166526086998, (4, 11): 0.0385524074944148, (4, 12): 0.0328903059976439, (4, 13): 0.02563499670477077, (4, 14): 0.01611767789956475, (4, 15): 0.0035513292142125763, (5, 0): 0.0038004596465094167, (5, 1): 0.01710258954586669, (5, 2): 0.027518052082392355, (5, 3): 0.0356585737909496, (5, 4): 0.04220166526086999, (5, 5): 0.047213366535132084, (5, 6): 0.0502046376102742, (5, 7): 0.05167486883669186, (5, 8): 0.05167486883669186, (5, 9): 0.05020463761027421, (5, 10): 0.047213366535132084, (5, 11): 0.042201665260870005, (5, 12): 0.0356585737909496, (5, 13): 0.02751805208239237, (5, 14): 0.01710258954586669, (5, 15): 0.0038004596465094167, (6, 0): 0.003950718079714418, (6, 1): 0.01771432767223937, (6, 2): 0.028710009049182222, (6, 3): 0.03742810509865211, (6, 4): 0.04456433996967979, (6, 5): 0.05020463761027424, (6, 6): 0.05416968749562218, (6, 7): 0.055977885054222985, (6, 8): 0.05597788505422298, (6, 9): 0.05416968749562219, (6, 10): 0.05020463761027423, (6, 11): 0.044564339969679775, (6, 12): 0.03742810509865211, (6, 13): 0.028710009049182222, (6, 14): 0.01771432767223937, (6, 15): 0.003950718079714418, (7, 0): 0.004021526217650697, (7, 1): 0.018007988283774336, (7, 2): 0.02928781191752545, (7, 3): 0.038291052011573116, (7, 4): 0.04571915046275204, (7, 5): 0.05167486883669182, (7, 6): 0.055977885054223006, (7, 7): 0.058380405890848655, (7, 8): 0.05838040589084866, (7, 9): 0.05597788505422299, (7, 10): 0.05167486883669183, (7, 11): 0.04571915046275204, (7, 12): 0.038291052011573096, (7, 13): 0.02928781191752545, (7, 14): 0.01800798828377434, (7, 15): 0.004021526217650698, (8, 0): 0.004021526217650699, (8, 1): 0.018007988283774354, (8, 2): 0.029287811917525445, (8, 3): 0.038291052011573116, (8, 4): 0.045719150462752045, (8, 5): 0.05167486883669184, (8, 6): 0.055977885054222944, (8, 7): 0.05838040589084868, (8, 8): 0.0583804058908487, (8, 9): 0.055977885054222944, (8, 10): 0.05167486883669184, (8, 11): 0.04571915046275204, (8, 12): 0.0382910520115731, (8, 13): 0.029287811917525452, (8, 14): 0.018007988283774347, (8, 15): 0.004021526217650699, (9, 0): 0.00395071807971442, (9, 1): 0.01771432767223938, (9, 2): 0.028710009049182198, (9, 3): 0.03742810509865211, (9, 4): 0.044564339969679796, (9, 5): 0.050204637610274175, (9, 6): 0.054169687495622156, (9, 7): 0.05597788505422295, (9, 8): 0.05597788505422294, (9, 9): 0.05416968749562217, (9, 10): 0.050204637610274175, (9, 11): 0.04456433996967979, (9, 12): 0.037428105098652104, (9, 13): 0.028710009049182198, (9, 14): 0.017714327672239374, (9, 15): 0.00395071807971442, (10, 0): 0.003800459646509415, (10, 1): 0.01710258954586669, (10, 2): 0.02751805208239236, (10, 3): 0.03565857379094958, (10, 4): 0.04220166526086996, (10, 5): 0.04721336653513212, (10, 6): 0.0502046376102742, (10, 7): 0.05167486883669182, (10, 8): 0.05167486883669182, (10, 9): 0.05020463761027421, (10, 10): 0.04721336653513212, (10, 11): 0.042201665260869964, (10, 12): 0.035658573790949576, (10, 13): 0.027518052082392365, (10, 14): 0.017102589545866693, (10, 15): 0.003800459646509415, (11, 0): 0.003551329214212578, (11, 1): 0.01611767789956473, (11, 2): 0.02563499670477076, (11, 3): 0.03289030599764391, (11, 4): 0.038552407494414805, (11, 5): 0.04220166526086997, (11, 6): 0.04456433996967981, (11, 7): 0.04571915046275203, (11, 8): 0.045719150462752045, (11, 9): 0.04456433996967978, (11, 10): 0.042201665260869985, (11, 11): 0.038552407494414805, (11, 12): 0.0328903059976439, (11, 13): 0.02563499670477076, (11, 14): 0.016117677899564736, (11, 15): 0.0035513292142125784, (12, 0): 0.0031658382859819454, (12, 1): 0.014663984961358751, (12, 2): 0.022929487903375234, (12, 3): 0.029040502299388614, (12, 4): 0.03289030599764389, (12, 5): 0.03565857379094958, (12, 6): 0.0374281050986521, (12, 7): 0.038291052011573075, (12, 8): 0.03829105201157309, (12, 9): 0.03742810509865208, (12, 10): 0.035658573790949576, (12, 11): 0.03289030599764389, (12, 12): 0.029040502299388617, (12, 13): 0.022929487903375238, (12, 14): 0.014663984961358751, (12, 15): 0.0031658382859819454, (13, 0): 0.002576876924718375, (13, 1): 0.012568971823778665, (13, 2): 0.019320031089772222, (13, 3): 0.022929487903375248, (13, 4): 0.025634996704770763, (13, 5): 0.027518052082392365, (13, 6): 0.02871000904918222, (13, 7): 0.02928781191752543, (13, 8): 0.029287811917525438, (13, 9): 0.028710009049182215, (13, 10): 0.027518052082392365, (13, 11): 0.025634996704770756, (13, 12): 0.022929487903375238, (13, 13): 0.019320031089772222, (13, 14): 0.012568971823778665, (13, 15): 0.002576876924718375, (14, 0): 0.0016258744900037286, (14, 1): 0.009701452595089026, (14, 2): 0.01256897182377867, (14, 3): 0.014663984961358767, (14, 4): 0.016117677899564746, (14, 5): 0.0171025895458667, (14, 6): 0.017714327672239377, (14, 7): 0.01800798828377435, (14, 8): 0.01800798828377435, (14, 9): 0.017714327672239363, (14, 10): 0.0171025895458667, (14, 11): 0.016117677899564743, (14, 12): 0.014663984961358761, (14, 13): 0.012568971823778669, (14, 14): 0.009701452595089024, (14, 15): 0.0016258744900037284, (15, 0): 0.0, (15, 1): 0.001625874490003728, (15, 2): 0.0025768769247183736, (15, 3): 0.003165838285981946, (15, 4): 0.003551329214212578, (15, 5): 0.003800459646509415, (15, 6): 0.003950718079714419, (15, 7): 0.004021526217650699, (15, 8): 0.004021526217650699, (15, 9): 0.00395071807971442, (15, 10): 0.003800459646509415, (15, 11): 0.0035513292142125784, (15, 12): 0.003165838285981946, (15, 13): 0.0025768769247183744, (15, 14): 0.0016258744900037282, (15, 15): 0.0}
katz centrality: {(0, 0): 0.0272415780714662, (0, 1): 0.03588123209875623, (0, 2): 0.03910698792124247, (0, 3): 0.04037374179777739, (0, 4): 0.04088633702801058, (0, 5): 0.0410969452743626, (0, 6): 0.04118267502494687, (0, 7): 0.041213316268552125, (0, 8): 0.041213316268552125, (0, 9): 0.041182675024946894, (0, 10): 0.041096945274362605, (0, 11): 0.040886337028010596, (0, 12): 0.04037374179777739, (0, 13): 0.03910698792124245, (0, 14): 0.03588123209875623, (0, 15): 0.027241578071466196, (1, 0): 0.03588123209875623, (1, 1): 0.050253243515345485, (1, 2): 0.055929206378947854, (1, 3): 0.05823238241979368, (1, 4): 0.0591824312279753, (1, 5): 0.05957779655839285, (1, 6): 0.05974013990249626, (1, 7): 0.05979847924386095, (1, 8): 0.05979847924386093, (1, 9): 0.05974013990249625, (1, 10): 0.05957779655839286, (1, 11): 0.05918243122797533, (1, 12): 0.05823238241979368, (1, 13): 0.055929206378947854, (1, 14): 0.05025324351534546, (1, 15): 0.03588123209875624, (2, 0): 0.03910698792124246, (2, 1): 0.05592920637894785, (2, 2): 0.06305593128229144, (2, 3): 0.06605926537351997, (2, 4): 0.06732985018636777, (2, 5): 0.067867920639724, (2, 6): 0.06809159329824117, (2, 7): 0.06817259971507793, (2, 8): 0.06817259971507791, (2, 9): 0.06809159329824117, (2, 10): 0.067867920639724, (2, 11): 0.06732985018636775, (2, 12): 0.06605926537351996, (2, 13): 0.06305593128229142, (2, 14): 0.055929206378947834, (2, 15): 0.03910698792124245, (3, 0): 0.0403737417977774, (3, 1): 0.05823238241979368, (3, 2): 0.06605926537351996, (3, 3): 0.06946428796124181, (3, 4): 0.07093922590325756, (3, 5): 0.07157511877796831, (3, 6): 0.07184297754073654, (3, 7): 0.07194082760235067, (3, 8): 0.07194082760235067, (3, 9): 0.07184297754073654, (3, 10): 0.07157511877796834, (3, 11): 0.07093922590325756, (3, 12): 0.06946428796124181, (3, 13): 0.06605926537351994, (3, 14): 0.058232382419793664, (3, 15): 0.040373741797777384, (4, 0): 0.0408863370280106, (4, 1): 0.05918243122797528, (4, 2): 0.06732985018636772, (4, 3): 0.07093922590325756, (4, 4): 0.07253019240203203, (4, 5): 0.07322632478666022, (4, 6): 0.07352303002085978, (4, 7): 0.07363228756467928, (4, 8): 0.07363228756467927, (4, 9): 0.07352303002085978, (4, 10): 0.0732263247866602, (4, 11): 0.07253019240203204, (4, 12): 0.07093922590325755, (4, 13): 0.06732985018636772, (4, 14): 0.059182431227975285, (4, 15): 0.040886337028010575, (5, 0): 0.041096945274362584, (5, 1): 0.059577796558392855, (5, 2): 0.06786792063972397, (5, 3): 0.0715751187779683, (5, 4): 0.07322632478666016, (5, 5): 0.07395622412150227, (5, 6): 0.07427008131178113, (5, 7): 0.07438638550111526, (5, 8): 0.07438638550111525, (5, 9): 0.07427008131178112, (5, 10): 0.07395622412150232, (5, 11): 0.07322632478666019, (5, 12): 0.07157511877796834, (5, 13): 0.06786792063972397, (5, 14): 0.05957779655839285, (5, 15): 0.0410969452743626, (6, 0): 0.04118267502494688, (6, 1): 0.05974013990249623, (6, 2): 0.06809159329824116, (6, 3): 0.07184297754073651, (6, 4): 0.07352303002085975, (6, 5): 0.07427008131178112, (6, 6): 0.07459310357258463, (6, 7): 0.07471330323682457, (6, 8): 0.07471330323682457, (6, 9): 0.07459310357258464, (6, 10): 0.07427008131178112, (6, 11): 0.07352303002085976, (6, 12): 0.07184297754073654, (6, 13): 0.06809159329824116, (6, 14): 0.059740139902496235, (6, 15): 0.04118267502494687, (7, 0): 0.0412133162685521, (7, 1): 0.059798479243860926, (7, 2): 0.0681725997150779, (7, 3): 0.07194082760235063, (7, 4): 0.07363228756467925, (7, 5): 0.07438638550111526, (7, 6): 0.07471330323682458, (7, 7): 0.07483519850309812, (7, 8): 0.07483519850309817, (7, 9): 0.07471330323682457, (7, 10): 0.07438638550111525, (7, 11): 0.07363228756467928, (7, 12): 0.07194082760235065, (7, 13): 0.06817259971507791, (7, 14): 0.05979847924386093, (7, 15): 0.04121331626855211, (8, 0): 0.04121331626855212, (8, 1): 0.05979847924386093, (8, 2): 0.0681725997150779, (8, 3): 0.07194082760235063, (8, 4): 0.07363228756467925, (8, 5): 0.07438638550111526, (8, 6): 0.07471330323682457, (8, 7): 0.07483519850309814, (8, 8): 0.07483519850309815, (8, 9): 0.07471330323682457, (8, 10): 0.07438638550111526, (8, 11): 0.07363228756467924, (8, 12): 0.07194082760235065, (8, 13): 0.0681725997150779, (8, 14): 0.05979847924386094, (8, 15): 0.04121331626855211, (9, 0): 0.041182675024946894, (9, 1): 0.059740139902496235, (9, 2): 0.06809159329824115, (9, 3): 0.07184297754073656, (9, 4): 0.07352303002085978, (9, 5): 0.0742700813117811, (9, 6): 0.07459310357258464, (9, 7): 0.07471330323682457, (9, 8): 0.07471330323682458, (9, 9): 0.07459310357258465, (9, 10): 0.0742700813117811, (9, 11): 0.07352303002085976, (9, 12): 0.07184297754073653, (9, 13): 0.06809159329824116, (9, 14): 0.05974013990249625, (9, 15): 0.04118267502494688, (10, 0): 0.04109694527436259, (10, 1): 0.05957779655839285, (10, 2): 0.06786792063972397, (10, 3): 0.0715751187779683, (10, 4): 0.07322632478666018, (10, 5): 0.0739562241215023, (10, 6): 0.07427008131178112, (10, 7): 0.07438638550111525, (10, 8): 0.07438638550111527, (10, 9): 0.0742700813117811, (10, 10): 0.0739562241215023, (10, 11): 0.07322632478666018, (10, 12): 0.07157511877796828, (10, 13): 0.06786792063972398, (10, 14): 0.05957779655839285, (10, 15): 0.04109694527436258, (11, 0): 0.040886337028010575, (11, 1): 0.0591824312279753, (11, 2): 0.06732985018636774, (11, 3): 0.07093922590325757, (11, 4): 0.07253019240203201, (11, 5): 0.07322632478666016, (11, 6): 0.07352303002085975, (11, 7): 0.07363228756467925, (11, 8): 0.07363228756467925, (11, 9): 0.07352303002085975, (11, 10): 0.07322632478666018, (11, 11): 0.07253019240203201, (11, 12): 0.07093922590325756, (11, 13): 0.06732985018636772, (11, 14): 0.059182431227975285, (11, 15): 0.04088633702801058, (12, 0): 0.04037374179777739, (12, 1): 0.058232382419793685, (12, 2): 0.06605926537351996, (12, 3): 0.06946428796124181, (12, 4): 0.07093922590325757, (12, 5): 0.0715751187779683, (12, 6): 0.07184297754073653, (12, 7): 0.07194082760235065, (12, 8): 0.07194082760235063, (12, 9): 0.07184297754073653, (12, 10): 0.07157511877796831, (12, 11): 0.07093922590325755, (12, 12): 0.0694642879612418, (12, 13): 0.06605926537351996, (12, 14): 0.058232382419793685, (12, 15): 0.04037374179777739, (13, 0): 0.03910698792124248, (13, 1): 0.05592920637894787, (13, 2): 0.06305593128229144, (13, 3): 0.06605926537351996, (13, 4): 0.06732985018636777, (13, 5): 0.06786792063972398, (13, 6): 0.06809159329824113, (13, 7): 0.0681725997150779, (13, 8): 0.0681725997150779, (13, 9): 0.06809159329824112, (13, 10): 0.06786792063972397, (13, 11): 0.06732985018636772, (13, 12): 0.06605926537351994, (13, 13): 0.06305593128229145, (13, 14): 0.05592920637894786, (13, 15): 0.03910698792124246, (14, 0): 0.03588123209875624, (14, 1): 0.0502532435153455, (14, 2): 0.05592920637894786, (14, 3): 0.05823238241979367, (14, 4): 0.05918243122797528, (14, 5): 0.05957779655839285, (14, 6): 0.05974013990249622, (14, 7): 0.059798479243860926, (14, 8): 0.05979847924386092, (14, 9): 0.05974013990249623, (14, 10): 0.05957779655839284, (14, 11): 0.059182431227975285, (14, 12): 0.05823238241979368, (14, 13): 0.055929206378947834, (14, 14): 0.050253243515345464, (14, 15): 0.03588123209875623, (15, 0): 0.027241578071466196, (15, 1): 0.035881232098756224, (15, 2): 0.03910698792124247, (15, 3): 0.0403737417977774, (15, 4): 0.04088633702801059, (15, 5): 0.04109694527436259, (15, 6): 0.04118267502494687, (15, 7): 0.04121331626855212, (15, 8): 0.04121331626855212, (15, 9): 0.04118267502494689, (15, 10): 0.041096945274362584, (15, 11): 0.04088633702801059, (15, 12): 0.0403737417977774, (15, 13): 0.03910698792124247, (15, 14): 0.03588123209875622, (15, 15): 0.027241578071466196}
;
