16 42 3
4 2 1
0 2 1
4
param Vertices :=
1 0.0
2 0.1
3 0.2
4 0.3
5 1.0
6 1.1
7 1.2
8 1.3
9 2.0
10 2.1
11 2.2
12 2.3
13 3.0
14 3.1
15 3.2
16 3.3
;
param Edges :=
1 5
1 2
1 6
2 6
2 3
2 7
2 5
3 7
3 4
3 8
3 6
4 8
4 7
5 9
5 6
5 10
6 10
6 7
6 11
6 9
7 11
7 8
7 12
7 10
8 12
8 11
9 13
9 10
9 14
10 14
10 11
10 15
10 13
11 15
11 12
11 16
11 14
12 16
12 15
13 14
14 15
15 16
;
param Grid_Label_Edges :=
0 0 1 0
0 0 0 1
0 0 1 1
0 1 1 1
0 1 0 2
0 1 1 2
0 1 1 0
0 2 1 2
0 2 0 3
0 2 1 3
0 2 1 1
0 3 1 3
0 3 1 2
1 0 2 0
1 0 1 1
1 0 2 1
1 1 2 1
1 1 1 2
1 1 2 2
1 1 2 0
1 2 2 2
1 2 1 3
1 2 2 3
1 2 2 1
1 3 2 3
1 3 2 2
2 0 3 0
2 0 2 1
2 0 3 1
2 1 3 1
2 1 2 2
2 1 3 2
2 1 3 0
2 2 3 2
2 2 2 3
2 2 3 3
2 2 3 1
2 3 3 3
2 3 3 2
3 0 3 1
3 1 3 2
3 2 3 3
;
param Centralities :=
degree centrality: {(0, 0): 0.2, (0, 1): 0.3333333333333333, (0, 2): 0.3333333333333333, (0, 3): 0.2, (1, 0): 0.3333333333333333, (1, 1): 0.5333333333333333, (1, 2): 0.5333333333333333, (1, 3): 0.3333333333333333, (2, 0): 0.3333333333333333, (2, 1): 0.5333333333333333, (2, 2): 0.5333333333333333, (2, 3): 0.3333333333333333, (3, 0): 0.2, (3, 1): 0.3333333333333333, (3, 2): 0.3333333333333333, (3, 3): 0.2}
eigenvector centrality: {(0, 0): 0.13819674968375562, (0, 1): 0.22360687202928983, (0, 2): 0.22360687202928983, (0, 3): 0.13819674968375562, (1, 0): 0.22360687202928983, (1, 1): 0.36180325031624433, (1, 2): 0.36180325031624433, (1, 3): 0.22360687202928983, (2, 0): 0.22360687202928983, (2, 1): 0.36180325031624433, (2, 2): 0.36180325031624433, (2, 3): 0.22360687202928983, (3, 0): 0.13819674968375562, (3, 1): 0.22360687202928983, (3, 2): 0.22360687202928983, (3, 3): 0.13819674968375564}
closeness centrality: {(0, 0): 0.4411764705882353, (0, 1): 0.5172413793103449, (0, 2): 0.5172413793103449, (0, 3): 0.4411764705882353, (1, 0): 0.5172413793103449, (1, 1): 0.6818181818181818, (1, 2): 0.6818181818181818, (1, 3): 0.5172413793103449, (2, 0): 0.5172413793103449, (2, 1): 0.6818181818181818, (2, 2): 0.6818181818181818, (2, 3): 0.5172413793103449, (3, 0): 0.4411764705882353, (3, 1): 0.5172413793103449, (3, 2): 0.5172413793103449, (3, 3): 0.4411764705882353}
betweenness centrality: {(0, 0): 0.0, (0, 1): 0.03732426303854876, (0, 2): 0.03732426303854876, (0, 3): 0.0, (1, 0): 0.03732426303854876, (1, 1): 0.18249433106575969, (1, 2): 0.18249433106575966, (1, 3): 0.03732426303854876, (2, 0): 0.03732426303854876, (2, 1): 0.18249433106575969, (2, 2): 0.18249433106575966, (2, 3): 0.03732426303854876, (3, 0): 0.0, (3, 1): 0.03732426303854876, (3, 2): 0.03732426303854876, (3, 3): 0.0}
katz centrality: {(0, 0): 0.18783460054194367, (0, 1): 0.2384054545340055, (0, 2): 0.23840545453400544, (0, 3): 0.1878346005419437, (1, 0): 0.23840545453400544, (1, 1): 0.31787393937867403, (1, 2): 0.317873939378674, (1, 3): 0.23840545453400544, (2, 0): 0.23840545453400544, (2, 1): 0.31787393937867386, (2, 2): 0.317873939378674, (2, 3): 0.23840545453400538, (3, 0): 0.1878346005419437, (3, 1): 0.2384054545340055, (3, 2): 0.2384054545340055, (3, 3): 0.1878346005419437}
;
