289 1056 3
4 2 1
0 2 1
17
param Vertices :=
1 0.0
2 0.1
3 0.2
4 0.3
5 0.4
6 0.5
7 0.6
8 0.7
9 0.8
10 0.9
11 0.10
12 0.11
13 0.12
14 0.13
15 0.14
16 0.15
17 0.16
18 1.0
19 1.1
20 1.2
21 1.3
22 1.4
23 1.5
24 1.6
25 1.7
26 1.8
27 1.9
28 1.10
29 1.11
30 1.12
31 1.13
32 1.14
33 1.15
34 1.16
35 2.0
36 2.1
37 2.2
38 2.3
39 2.4
40 2.5
41 2.6
42 2.7
43 2.8
44 2.9
45 2.10
46 2.11
47 2.12
48 2.13
49 2.14
50 2.15
51 2.16
52 3.0
53 3.1
54 3.2
55 3.3
56 3.4
57 3.5
58 3.6
59 3.7
60 3.8
61 3.9
62 3.10
63 3.11
64 3.12
65 3.13
66 3.14
67 3.15
68 3.16
69 4.0
70 4.1
71 4.2
72 4.3
73 4.4
74 4.5
75 4.6
76 4.7
77 4.8
78 4.9
79 4.10
80 4.11
81 4.12
82 4.13
83 4.14
84 4.15
85 4.16
86 5.0
87 5.1
88 5.2
89 5.3
90 5.4
91 5.5
92 5.6
93 5.7
94 5.8
95 5.9
96 5.10
97 5.11
98 5.12
99 5.13
100 5.14
101 5.15
102 5.16
103 6.0
104 6.1
105 6.2
106 6.3
107 6.4
108 6.5
109 6.6
110 6.7
111 6.8
112 6.9
113 6.10
114 6.11
115 6.12
116 6.13
117 6.14
118 6.15
119 6.16
120 7.0
121 7.1
122 7.2
123 7.3
124 7.4
125 7.5
126 7.6
127 7.7
128 7.8
129 7.9
130 7.10
131 7.11
132 7.12
133 7.13
134 7.14
135 7.15
136 7.16
137 8.0
138 8.1
139 8.2
140 8.3
141 8.4
142 8.5
143 8.6
144 8.7
145 8.8
146 8.9
147 8.10
148 8.11
149 8.12
150 8.13
151 8.14
152 8.15
153 8.16
154 9.0
155 9.1
156 9.2
157 9.3
158 9.4
159 9.5
160 9.6
161 9.7
162 9.8
163 9.9
164 9.10
165 9.11
166 9.12
167 9.13
168 9.14
169 9.15
170 9.16
171 10.0
172 10.1
173 10.2
174 10.3
175 10.4
176 10.5
177 10.6
178 10.7
179 10.8
180 10.9
181 10.10
182 10.11
183 10.12
184 10.13
185 10.14
186 10.15
187 10.16
188 11.0
189 11.1
190 11.2
191 11.3
192 11.4
193 11.5
194 11.6
195 11.7
196 11.8
197 11.9
198 11.10
199 11.11
200 11.12
201 11.13
202 11.14
203 11.15
204 11.16
205 12.0
206 12.1
207 12.2
208 12.3
209 12.4
210 12.5
211 12.6
212 12.7
213 12.8
214 12.9
215 12.10
216 12.11
217 12.12
218 12.13
219 12.14
220 12.15
221 12.16
222 13.0
223 13.1
224 13.2
225 13.3
226 13.4
227 13.5
228 13.6
229 13.7
230 13.8
231 13.9
232 13.10
233 13.11
234 13.12
235 13.13
236 13.14
237 13.15
238 13.16
239 14.0
240 14.1
241 14.2
242 14.3
243 14.4
244 14.5
245 14.6
246 14.7
247 14.8
248 14.9
249 14.10
250 14.11
251 14.12
252 14.13
253 14.14
254 14.15
255 14.16
256 15.0
257 15.1
258 15.2
259 15.3
260 15.4
261 15.5
262 15.6
263 15.7
264 15.8
265 15.9
266 15.10
267 15.11
268 15.12
269 15.13
270 15.14
271 15.15
272 15.16
273 16.0
274 16.1
275 16.2
276 16.3
277 16.4
278 16.5
279 16.6
280 16.7
281 16.8
282 16.9
283 16.10
284 16.11
285 16.12
286 16.13
287 16.14
288 16.15
289 16.16
;
param Edges :=
1 18
1 2
1 19
2 19
2 3
2 20
2 18
3 20
3 4
3 21
3 19
4 21
4 5
4 22
4 20
5 22
5 6
5 23
5 21
6 23
6 7
6 24
6 22
7 24
7 8
7 25
7 23
8 25
8 9
8 26
8 24
9 26
9 10
9 27
9 25
10 27
10 11
10 28
10 26
11 28
11 12
11 29
11 27
12 29
12 13
12 30
12 28
13 30
13 14
13 31
13 29
14 31
14 15
14 32
14 30
15 32
15 16
15 33
15 31
16 33
16 17
16 34
16 32
17 34
17 33
18 35
18 19
18 36
19 36
19 20
19 37
19 35
20 37
20 21
20 38
20 36
21 38
21 22
21 39
21 37
22 39
22 23
22 40
22 38
23 40
23 24
23 41
23 39
24 41
24 25
24 42
24 40
25 42
25 26
25 43
25 41
26 43
26 27
26 44
26 42
27 44
27 28
27 45
27 43
28 45
28 29
28 46
28 44
29 46
29 30
29 47
29 45
30 47
30 31
30 48
30 46
31 48
31 32
31 49
31 47
32 49
32 33
32 50
32 48
33 50
33 34
33 51
33 49
34 51
34 50
35 52
35 36
35 53
36 53
36 37
36 54
36 52
37 54
37 38
37 55
37 53
38 55
38 39
38 56
38 54
39 56
39 40
39 57
39 55
40 57
40 41
40 58
40 56
41 58
41 42
41 59
41 57
42 59
42 43
42 60
42 58
43 60
43 44
43 61
43 59
44 61
44 45
44 62
44 60
45 62
45 46
45 63
45 61
46 63
46 47
46 64
46 62
47 64
47 48
47 65
47 63
48 65
48 49
48 66
48 64
49 66
49 50
49 67
49 65
50 67
50 51
50 68
50 66
51 68
51 67
52 69
52 53
52 70
53 70
53 54
53 71
53 69
54 71
54 55
54 72
54 70
55 72
55 56
55 73
55 71
56 73
56 57
56 74
56 72
57 74
57 58
57 75
57 73
58 75
58 59
58 76
58 74
59 76
59 60
59 77
59 75
60 77
60 61
60 78
60 76
61 78
61 62
61 79
61 77
62 79
62 63
62 80
62 78
63 80
63 64
63 81
63 79
64 81
64 65
64 82
64 80
65 82
65 66
65 83
65 81
66 83
66 67
66 84
66 82
67 84
67 68
67 85
67 83
68 85
68 84
69 86
69 70
69 87
70 87
70 71
70 88
70 86
71 88
71 72
71 89
71 87
72 89
72 73
72 90
72 88
73 90
73 74
73 91
73 89
74 91
74 75
74 92
74 90
75 92
75 76
75 93
75 91
76 93
76 77
76 94
76 92
77 94
77 78
77 95
77 93
78 95
78 79
78 96
78 94
79 96
79 80
79 97
79 95
80 97
80 81
80 98
80 96
81 98
81 82
81 99
81 97
82 99
82 83
82 100
82 98
83 100
83 84
83 101
83 99
84 101
84 85
84 102
84 100
85 102
85 101
86 103
86 87
86 104
87 104
87 88
87 105
87 103
88 105
88 89
88 106
88 104
89 106
89 90
89 107
89 105
90 107
90 91
90 108
90 106
91 108
91 92
91 109
91 107
92 109
92 93
92 110
92 108
93 110
93 94
93 111
93 109
94 111
94 95
94 112
94 110
95 112
95 96
95 113
95 111
96 113
96 97
96 114
96 112
97 114
97 98
97 115
97 113
98 115
98 99
98 116
98 114
99 116
99 100
99 117
99 115
100 117
100 101
100 118
100 116
101 118
101 102
101 119
101 117
102 119
102 118
103 120
103 104
103 121
104 121
104 105
104 122
104 120
105 122
105 106
105 123
105 121
106 123
106 107
106 124
106 122
107 124
107 108
107 125
107 123
108 125
108 109
108 126
108 124
109 126
109 110
109 127
109 125
110 127
110 111
110 128
110 126
111 128
111 112
111 129
111 127
112 129
112 113
112 130
112 128
113 130
113 114
113 131
113 129
114 131
114 115
114 132
114 130
115 132
115 116
115 133
115 131
116 133
116 117
116 134
116 132
117 134
117 118
117 135
117 133
118 135
118 119
118 136
118 134
119 136
119 135
120 137
120 121
120 138
121 138
121 122
121 139
121 137
122 139
122 123
122 140
122 138
123 140
123 124
123 141
123 139
124 141
124 125
124 142
124 140
125 142
125 126
125 143
125 141
126 143
126 127
126 144
126 142
127 144
127 128
127 145
127 143
128 145
128 129
128 146
128 144
129 146
129 130
129 147
129 145
130 147
130 131
130 148
130 146
131 148
131 132
131 149
131 147
132 149
132 133
132 150
132 148
133 150
133 134
133 151
133 149
134 151
134 135
134 152
134 150
135 152
135 136
135 153
135 151
136 153
136 152
137 154
137 138
137 155
138 155
138 139
138 156
138 154
139 156
139 140
139 157
139 155
140 157
140 141
140 158
140 156
141 158
141 142
141 159
141 157
142 159
142 143
142 160
142 158
143 160
143 144
143 161
143 159
144 161
144 145
144 162
144 160
145 162
145 146
145 163
145 161
146 163
146 147
146 164
146 162
147 164
147 148
147 165
147 163
148 165
148 149
148 166
148 164
149 166
149 150
149 167
149 165
150 167
150 151
150 168
150 166
151 168
151 152
151 169
151 167
152 169
152 153
152 170
152 168
153 170
153 169
154 171
154 155
154 172
155 172
155 156
155 173
155 171
156 173
156 157
156 174
156 172
157 174
157 158
157 175
157 173
158 175
158 159
158 176
158 174
159 176
159 160
159 177
159 175
160 177
160 161
160 178
160 176
161 178
161 162
161 179
161 177
162 179
162 163
162 180
162 178
163 180
163 164
163 181
163 179
164 181
164 165
164 182
164 180
165 182
165 166
165 183
165 181
166 183
166 167
166 184
166 182
167 184
167 168
167 185
167 183
168 185
168 169
168 186
168 184
169 186
169 170
169 187
169 185
170 187
170 186
171 188
171 172
171 189
172 189
172 173
172 190
172 188
173 190
173 174
173 191
173 189
174 191
174 175
174 192
174 190
175 192
175 176
175 193
175 191
176 193
176 177
176 194
176 192
177 194
177 178
177 195
177 193
178 195
178 179
178 196
178 194
179 196
179 180
179 197
179 195
180 197
180 181
180 198
180 196
181 198
181 182
181 199
181 197
182 199
182 183
182 200
182 198
183 200
183 184
183 201
183 199
184 201
184 185
184 202
184 200
185 202
185 186
185 203
185 201
186 203
186 187
186 204
186 202
187 204
187 203
188 205
188 189
188 206
189 206
189 190
189 207
189 205
190 207
190 191
190 208
190 206
191 208
191 192
191 209
191 207
192 209
192 193
192 210
192 208
193 210
193 194
193 211
193 209
194 211
194 195
194 212
194 210
195 212
195 196
195 213
195 211
196 213
196 197
196 214
196 212
197 214
197 198
197 215
197 213
198 215
198 199
198 216
198 214
199 216
199 200
199 217
199 215
200 217
200 201
200 218
200 216
201 218
201 202
201 219
201 217
202 219
202 203
202 220
202 218
203 220
203 204
203 221
203 219
204 221
204 220
205 222
205 206
205 223
206 223
206 207
206 224
206 222
207 224
207 208
207 225
207 223
208 225
208 209
208 226
208 224
209 226
209 210
209 227
209 225
210 227
210 211
210 228
210 226
211 228
211 212
211 229
211 227
212 229
212 213
212 230
212 228
213 230
213 214
213 231
213 229
214 231
214 215
214 232
214 230
215 232
215 216
215 233
215 231
216 233
216 217
216 234
216 232
217 234
217 218
217 235
217 233
218 235
218 219
218 236
218 234
219 236
219 220
219 237
219 235
220 237
220 221
220 238
220 236
221 238
221 237
222 239
222 223
222 240
223 240
223 224
223 241
223 239
224 241
224 225
224 242
224 240
225 242
225 226
225 243
225 241
226 243
226 227
226 244
226 242
227 244
227 228
227 245
227 243
228 245
228 229
228 246
228 244
229 246
229 230
229 247
229 245
230 247
230 231
230 248
230 246
231 248
231 232
231 249
231 247
232 249
232 233
232 250
232 248
233 250
233 234
233 251
233 249
234 251
234 235
234 252
234 250
235 252
235 236
235 253
235 251
236 253
236 237
236 254
236 252
237 254
237 238
237 255
237 253
238 255
238 254
239 256
239 240
239 257
240 257
240 241
240 258
240 256
241 258
241 242
241 259
241 257
242 259
242 243
242 260
242 258
243 260
243 244
243 261
243 259
244 261
244 245
244 262
244 260
245 262
245 246
245 263
245 261
246 263
246 247
246 264
246 262
247 264
247 248
247 265
247 263
248 265
248 249
248 266
248 264
249 266
249 250
249 267
249 265
250 267
250 251
250 268
250 266
251 268
251 252
251 269
251 267
252 269
252 253
252 270
252 268
253 270
253 254
253 271
253 269
254 271
254 255
254 272
254 270
255 272
255 271
256 273
256 257
256 274
257 274
257 258
257 275
257 273
258 275
258 259
258 276
258 274
259 276
259 260
259 277
259 275
260 277
260 261
260 278
260 276
261 278
261 262
261 279
261 277
262 279
262 263
262 280
262 278
263 280
263 264
263 281
263 279
264 281
264 265
264 282
264 280
265 282
265 266
265 283
265 281
266 283
266 267
266 284
266 282
267 284
267 268
267 285
267 283
268 285
268 269
268 286
268 284
269 286
269 270
269 287
269 285
270 287
270 271
270 288
270 286
271 288
271 272
271 289
271 287
272 289
272 288
273 274
274 275
275 276
276 277
277 278
278 279
279 280
280 281
281 282
282 283
283 284
284 285
285 286
286 287
287 288
288 289
;
param Grid_Label_Edges :=
0 0 1 0
0 0 0 1
0 0 1 1
0 1 1 1
0 1 0 2
0 1 1 2
0 1 1 0
0 2 1 2
0 2 0 3
0 2 1 3
0 2 1 1
0 3 1 3
0 3 0 4
0 3 1 4
0 3 1 2
0 4 1 4
0 4 0 5
0 4 1 5
0 4 1 3
0 5 1 5
0 5 0 6
0 5 1 6
0 5 1 4
0 6 1 6
0 6 0 7
0 6 1 7
0 6 1 5
0 7 1 7
0 7 0 8
0 7 1 8
0 7 1 6
0 8 1 8
0 8 0 9
0 8 1 9
0 8 1 7
0 9 1 9
0 9 0 10
0 9 1 10
0 9 1 8
0 10 1 10
0 10 0 11
0 10 1 11
0 10 1 9
0 11 1 11
0 11 0 12
0 11 1 12
0 11 1 10
0 12 1 12
0 12 0 13
0 12 1 13
0 12 1 11
0 13 1 13
0 13 0 14
0 13 1 14
0 13 1 12
0 14 1 14
0 14 0 15
0 14 1 15
0 14 1 13
0 15 1 15
0 15 0 16
0 15 1 16
0 15 1 14
0 16 1 16
0 16 1 15
1 0 2 0
1 0 1 1
1 0 2 1
1 1 2 1
1 1 1 2
1 1 2 2
1 1 2 0
1 2 2 2
1 2 1 3
1 2 2 3
1 2 2 1
1 3 2 3
1 3 1 4
1 3 2 4
1 3 2 2
1 4 2 4
1 4 1 5
1 4 2 5
1 4 2 3
1 5 2 5
1 5 1 6
1 5 2 6
1 5 2 4
1 6 2 6
1 6 1 7
1 6 2 7
1 6 2 5
1 7 2 7
1 7 1 8
1 7 2 8
1 7 2 6
1 8 2 8
1 8 1 9
1 8 2 9
1 8 2 7
1 9 2 9
1 9 1 10
1 9 2 10
1 9 2 8
1 10 2 10
1 10 1 11
1 10 2 11
1 10 2 9
1 11 2 11
1 11 1 12
1 11 2 12
1 11 2 10
1 12 2 12
1 12 1 13
1 12 2 13
1 12 2 11
1 13 2 13
1 13 1 14
1 13 2 14
1 13 2 12
1 14 2 14
1 14 1 15
1 14 2 15
1 14 2 13
1 15 2 15
1 15 1 16
1 15 2 16
1 15 2 14
1 16 2 16
1 16 2 15
2 0 3 0
2 0 2 1
2 0 3 1
2 1 3 1
2 1 2 2
2 1 3 2
2 1 3 0
2 2 3 2
2 2 2 3
2 2 3 3
2 2 3 1
2 3 3 3
2 3 2 4
2 3 3 4
2 3 3 2
2 4 3 4
2 4 2 5
2 4 3 5
2 4 3 3
2 5 3 5
2 5 2 6
2 5 3 6
2 5 3 4
2 6 3 6
2 6 2 7
2 6 3 7
2 6 3 5
2 7 3 7
2 7 2 8
2 7 3 8
2 7 3 6
2 8 3 8
2 8 2 9
2 8 3 9
2 8 3 7
2 9 3 9
2 9 2 10
2 9 3 10
2 9 3 8
2 10 3 10
2 10 2 11
2 10 3 11
2 10 3 9
2 11 3 11
2 11 2 12
2 11 3 12
2 11 3 10
2 12 3 12
2 12 2 13
2 12 3 13
2 12 3 11
2 13 3 13
2 13 2 14
2 13 3 14
2 13 3 12
2 14 3 14
2 14 2 15
2 14 3 15
2 14 3 13
2 15 3 15
2 15 2 16
2 15 3 16
2 15 3 14
2 16 3 16
2 16 3 15
3 0 4 0
3 0 3 1
3 0 4 1
3 1 4 1
3 1 3 2
3 1 4 2
3 1 4 0
3 2 4 2
3 2 3 3
3 2 4 3
3 2 4 1
3 3 4 3
3 3 3 4
3 3 4 4
3 3 4 2
3 4 4 4
3 4 3 5
3 4 4 5
3 4 4 3
3 5 4 5
3 5 3 6
3 5 4 6
3 5 4 4
3 6 4 6
3 6 3 7
3 6 4 7
3 6 4 5
3 7 4 7
3 7 3 8
3 7 4 8
3 7 4 6
3 8 4 8
3 8 3 9
3 8 4 9
3 8 4 7
3 9 4 9
3 9 3 10
3 9 4 10
3 9 4 8
3 10 4 10
3 10 3 11
3 10 4 11
3 10 4 9
3 11 4 11
3 11 3 12
3 11 4 12
3 11 4 10
3 12 4 12
3 12 3 13
3 12 4 13
3 12 4 11
3 13 4 13
3 13 3 14
3 13 4 14
3 13 4 12
3 14 4 14
3 14 3 15
3 14 4 15
3 14 4 13
3 15 4 15
3 15 3 16
3 15 4 16
3 15 4 14
3 16 4 16
3 16 4 15
4 0 5 0
4 0 4 1
4 0 5 1
4 1 5 1
4 1 4 2
4 1 5 2
4 1 5 0
4 2 5 2
4 2 4 3
4 2 5 3
4 2 5 1
4 3 5 3
4 3 4 4
4 3 5 4
4 3 5 2
4 4 5 4
4 4 4 5
4 4 5 5
4 4 5 3
4 5 5 5
4 5 4 6
4 5 5 6
4 5 5 4
4 6 5 6
4 6 4 7
4 6 5 7
4 6 5 5
4 7 5 7
4 7 4 8
4 7 5 8
4 7 5 6
4 8 5 8
4 8 4 9
4 8 5 9
4 8 5 7
4 9 5 9
4 9 4 10
4 9 5 10
4 9 5 8
4 10 5 10
4 10 4 11
4 10 5 11
4 10 5 9
4 11 5 11
4 11 4 12
4 11 5 12
4 11 5 10
4 12 5 12
4 12 4 13
4 12 5 13
4 12 5 11
4 13 5 13
4 13 4 14
4 13 5 14
4 13 5 12
4 14 5 14
4 14 4 15
4 14 5 15
4 14 5 13
4 15 5 15
4 15 4 16
4 15 5 16
4 15 5 14
4 16 5 16
4 16 5 15
5 0 6 0
5 0 5 1
5 0 6 1
5 1 6 1
5 1 5 2
5 1 6 2
5 1 6 0
5 2 6 2
5 2 5 3
5 2 6 3
5 2 6 1
5 3 6 3
5 3 5 4
5 3 6 4
5 3 6 2
5 4 6 4
5 4 5 5
5 4 6 5
5 4 6 3
5 5 6 5
5 5 5 6
5 5 6 6
5 5 6 4
5 6 6 6
5 6 5 7
5 6 6 7
5 6 6 5
5 7 6 7
5 7 5 8
5 7 6 8
5 7 6 6
5 8 6 8
5 8 5 9
5 8 6 9
5 8 6 7
5 9 6 9
5 9 5 10
5 9 6 10
5 9 6 8
5 10 6 10
5 10 5 11
5 10 6 11
5 10 6 9
5 11 6 11
5 11 5 12
5 11 6 12
5 11 6 10
5 12 6 12
5 12 5 13
5 12 6 13
5 12 6 11
5 13 6 13
5 13 5 14
5 13 6 14
5 13 6 12
5 14 6 14
5 14 5 15
5 14 6 15
5 14 6 13
5 15 6 15
5 15 5 16
5 15 6 16
5 15 6 14
5 16 6 16
5 16 6 15
6 0 7 0
6 0 6 1
6 0 7 1
6 1 7 1
6 1 6 2
6 1 7 2
6 1 7 0
6 2 7 2
6 2 6 3
6 2 7 3
6 2 7 1
6 3 7 3
6 3 6 4
6 3 7 4
6 3 7 2
6 4 7 4
6 4 6 5
6 4 7 5
6 4 7 3
6 5 7 5
6 5 6 6
6 5 7 6
6 5 7 4
6 6 7 6
6 6 6 7
6 6 7 7
6 6 7 5
6 7 7 7
6 7 6 8
6 7 7 8
6 7 7 6
6 8 7 8
6 8 6 9
6 8 7 9
6 8 7 7
6 9 7 9
6 9 6 10
6 9 7 10
6 9 7 8
6 10 7 10
6 10 6 11
6 10 7 11
6 10 7 9
6 11 7 11
6 11 6 12
6 11 7 12
6 11 7 10
6 12 7 12
6 12 6 13
6 12 7 13
6 12 7 11
6 13 7 13
6 13 6 14
6 13 7 14
6 13 7 12
6 14 7 14
6 14 6 15
6 14 7 15
6 14 7 13
6 15 7 15
6 15 6 16
6 15 7 16
6 15 7 14
6 16 7 16
6 16 7 15
7 0 8 0
7 0 7 1
7 0 8 1
7 1 8 1
7 1 7 2
7 1 8 2
7 1 8 0
7 2 8 2
7 2 7 3
7 2 8 3
7 2 8 1
7 3 8 3
7 3 7 4
7 3 8 4
7 3 8 2
7 4 8 4
7 4 7 5
7 4 8 5
7 4 8 3
7 5 8 5
7 5 7 6
7 5 8 6
7 5 8 4
7 6 8 6
7 6 7 7
7 6 8 7
7 6 8 5
7 7 8 7
7 7 7 8
7 7 8 8
7 7 8 6
7 8 8 8
7 8 7 9
7 8 8 9
7 8 8 7
7 9 8 9
7 9 7 10
7 9 8 10
7 9 8 8
7 10 8 10
7 10 7 11
7 10 8 11
7 10 8 9
7 11 8 11
7 11 7 12
7 11 8 12
7 11 8 10
7 12 8 12
7 12 7 13
7 12 8 13
7 12 8 11
7 13 8 13
7 13 7 14
7 13 8 14
7 13 8 12
7 14 8 14
7 14 7 15
7 14 8 15
7 14 8 13
7 15 8 15
7 15 7 16
7 15 8 16
7 15 8 14
7 16 8 16
7 16 8 15
8 0 9 0
8 0 8 1
8 0 9 1
8 1 9 1
8 1 8 2
8 1 9 2
8 1 9 0
8 2 9 2
8 2 8 3
8 2 9 3
8 2 9 1
8 3 9 3
8 3 8 4
8 3 9 4
8 3 9 2
8 4 9 4
8 4 8 5
8 4 9 5
8 4 9 3
8 5 9 5
8 5 8 6
8 5 9 6
8 5 9 4
8 6 9 6
8 6 8 7
8 6 9 7
8 6 9 5
8 7 9 7
8 7 8 8
8 7 9 8
8 7 9 6
8 8 9 8
8 8 8 9
8 8 9 9
8 8 9 7
8 9 9 9
8 9 8 10
8 9 9 10
8 9 9 8
8 10 9 10
8 10 8 11
8 10 9 11
8 10 9 9
8 11 9 11
8 11 8 12
8 11 9 12
8 11 9 10
8 12 9 12
8 12 8 13
8 12 9 13
8 12 9 11
8 13 9 13
8 13 8 14
8 13 9 14
8 13 9 12
8 14 9 14
8 14 8 15
8 14 9 15
8 14 9 13
8 15 9 15
8 15 8 16
8 15 9 16
8 15 9 14
8 16 9 16
8 16 9 15
9 0 10 0
9 0 9 1
9 0 10 1
9 1 10 1
9 1 9 2
9 1 10 2
9 1 10 0
9 2 10 2
9 2 9 3
9 2 10 3
9 2 10 1
9 3 10 3
9 3 9 4
9 3 10 4
9 3 10 2
9 4 10 4
9 4 9 5
9 4 10 5
9 4 10 3
9 5 10 5
9 5 9 6
9 5 10 6
9 5 10 4
9 6 10 6
9 6 9 7
9 6 10 7
9 6 10 5
9 7 10 7
9 7 9 8
9 7 10 8
9 7 10 6
9 8 10 8
9 8 9 9
9 8 10 9
9 8 10 7
9 9 10 9
9 9 9 10
9 9 10 10
9 9 10 8
9 10 10 10
9 10 9 11
9 10 10 11
9 10 10 9
9 11 10 11
9 11 9 12
9 11 10 12
9 11 10 10
9 12 10 12
9 12 9 13
9 12 10 13
9 12 10 11
9 13 10 13
9 13 9 14
9 13 10 14
9 13 10 12
9 14 10 14
9 14 9 15
9 14 10 15
9 14 10 13
9 15 10 15
9 15 9 16
9 15 10 16
9 15 10 14
9 16 10 16
9 16 10 15
10 0 11 0
10 0 10 1
10 0 11 1
10 1 11 1
10 1 10 2
10 1 11 2
10 1 11 0
10 2 11 2
10 2 10 3
10 2 11 3
10 2 11 1
10 3 11 3
10 3 10 4
10 3 11 4
10 3 11 2
10 4 11 4
10 4 10 5
10 4 11 5
10 4 11 3
10 5 11 5
10 5 10 6
10 5 11 6
10 5 11 4
10 6 11 6
10 6 10 7
10 6 11 7
10 6 11 5
10 7 11 7
10 7 10 8
10 7 11 8
10 7 11 6
10 8 11 8
10 8 10 9
10 8 11 9
10 8 11 7
10 9 11 9
10 9 10 10
10 9 11 10
10 9 11 8
10 10 11 10
10 10 10 11
10 10 11 11
10 10 11 9
10 11 11 11
10 11 10 12
10 11 11 12
10 11 11 10
10 12 11 12
10 12 10 13
10 12 11 13
10 12 11 11
10 13 11 13
10 13 10 14
10 13 11 14
10 13 11 12
10 14 11 14
10 14 10 15
10 14 11 15
10 14 11 13
10 15 11 15
10 15 10 16
10 15 11 16
10 15 11 14
10 16 11 16
10 16 11 15
11 0 12 0
11 0 11 1
11 0 12 1
11 1 12 1
11 1 11 2
11 1 12 2
11 1 12 0
11 2 12 2
11 2 11 3
11 2 12 3
11 2 12 1
11 3 12 3
11 3 11 4
11 3 12 4
11 3 12 2
11 4 12 4
11 4 11 5
11 4 12 5
11 4 12 3
11 5 12 5
11 5 11 6
11 5 12 6
11 5 12 4
11 6 12 6
11 6 11 7
11 6 12 7
11 6 12 5
11 7 12 7
11 7 11 8
11 7 12 8
11 7 12 6
11 8 12 8
11 8 11 9
11 8 12 9
11 8 12 7
11 9 12 9
11 9 11 10
11 9 12 10
11 9 12 8
11 10 12 10
11 10 11 11
11 10 12 11
11 10 12 9
11 11 12 11
11 11 11 12
11 11 12 12
11 11 12 10
11 12 12 12
11 12 11 13
11 12 12 13
11 12 12 11
11 13 12 13
11 13 11 14
11 13 12 14
11 13 12 12
11 14 12 14
11 14 11 15
11 14 12 15
11 14 12 13
11 15 12 15
11 15 11 16
11 15 12 16
11 15 12 14
11 16 12 16
11 16 12 15
12 0 13 0
12 0 12 1
12 0 13 1
12 1 13 1
12 1 12 2
12 1 13 2
12 1 13 0
12 2 13 2
12 2 12 3
12 2 13 3
12 2 13 1
12 3 13 3
12 3 12 4
12 3 13 4
12 3 13 2
12 4 13 4
12 4 12 5
12 4 13 5
12 4 13 3
12 5 13 5
12 5 12 6
12 5 13 6
12 5 13 4
12 6 13 6
12 6 12 7
12 6 13 7
12 6 13 5
12 7 13 7
12 7 12 8
12 7 13 8
12 7 13 6
12 8 13 8
12 8 12 9
12 8 13 9
12 8 13 7
12 9 13 9
12 9 12 10
12 9 13 10
12 9 13 8
12 10 13 10
12 10 12 11
12 10 13 11
12 10 13 9
12 11 13 11
12 11 12 12
12 11 13 12
12 11 13 10
12 12 13 12
12 12 12 13
12 12 13 13
12 12 13 11
12 13 13 13
12 13 12 14
12 13 13 14
12 13 13 12
12 14 13 14
12 14 12 15
12 14 13 15
12 14 13 13
12 15 13 15
12 15 12 16
12 15 13 16
12 15 13 14
12 16 13 16
12 16 13 15
13 0 14 0
13 0 13 1
13 0 14 1
13 1 14 1
13 1 13 2
13 1 14 2
13 1 14 0
13 2 14 2
13 2 13 3
13 2 14 3
13 2 14 1
13 3 14 3
13 3 13 4
13 3 14 4
13 3 14 2
13 4 14 4
13 4 13 5
13 4 14 5
13 4 14 3
13 5 14 5
13 5 13 6
13 5 14 6
13 5 14 4
13 6 14 6
13 6 13 7
13 6 14 7
13 6 14 5
13 7 14 7
13 7 13 8
13 7 14 8
13 7 14 6
13 8 14 8
13 8 13 9
13 8 14 9
13 8 14 7
13 9 14 9
13 9 13 10
13 9 14 10
13 9 14 8
13 10 14 10
13 10 13 11
13 10 14 11
13 10 14 9
13 11 14 11
13 11 13 12
13 11 14 12
13 11 14 10
13 12 14 12
13 12 13 13
13 12 14 13
13 12 14 11
13 13 14 13
13 13 13 14
13 13 14 14
13 13 14 12
13 14 14 14
13 14 13 15
13 14 14 15
13 14 14 13
13 15 14 15
13 15 13 16
13 15 14 16
13 15 14 14
13 16 14 16
13 16 14 15
14 0 15 0
14 0 14 1
14 0 15 1
14 1 15 1
14 1 14 2
14 1 15 2
14 1 15 0
14 2 15 2
14 2 14 3
14 2 15 3
14 2 15 1
14 3 15 3
14 3 14 4
14 3 15 4
14 3 15 2
14 4 15 4
14 4 14 5
14 4 15 5
14 4 15 3
14 5 15 5
14 5 14 6
14 5 15 6
14 5 15 4
14 6 15 6
14 6 14 7
14 6 15 7
14 6 15 5
14 7 15 7
14 7 14 8
14 7 15 8
14 7 15 6
14 8 15 8
14 8 14 9
14 8 15 9
14 8 15 7
14 9 15 9
14 9 14 10
14 9 15 10
14 9 15 8
14 10 15 10
14 10 14 11
14 10 15 11
14 10 15 9
14 11 15 11
14 11 14 12
14 11 15 12
14 11 15 10
14 12 15 12
14 12 14 13
14 12 15 13
14 12 15 11
14 13 15 13
14 13 14 14
14 13 15 14
14 13 15 12
14 14 15 14
14 14 14 15
14 14 15 15
14 14 15 13
14 15 15 15
14 15 14 16
14 15 15 16
14 15 15 14
14 16 15 16
14 16 15 15
15 0 16 0
15 0 15 1
15 0 16 1
15 1 16 1
15 1 15 2
15 1 16 2
15 1 16 0
15 2 16 2
15 2 15 3
15 2 16 3
15 2 16 1
15 3 16 3
15 3 15 4
15 3 16 4
15 3 16 2
15 4 16 4
15 4 15 5
15 4 16 5
15 4 16 3
15 5 16 5
15 5 15 6
15 5 16 6
15 5 16 4
15 6 16 6
15 6 15 7
15 6 16 7
15 6 16 5
15 7 16 7
15 7 15 8
15 7 16 8
15 7 16 6
15 8 16 8
15 8 15 9
15 8 16 9
15 8 16 7
15 9 16 9
15 9 15 10
15 9 16 10
15 9 16 8
15 10 16 10
15 10 15 11
15 10 16 11
15 10 16 9
15 11 16 11
15 11 15 12
15 11 16 12
15 11 16 10
15 12 16 12
15 12 15 13
15 12 16 13
15 12 16 11
15 13 16 13
15 13 15 14
15 13 16 14
15 13 16 12
15 14 16 14
15 14 15 15
15 14 16 15
15 14 16 13
15 15 16 15
15 15 15 16
15 15 16 16
15 15 16 14
15 16 16 16
15 16 16 15
16 0 16 1
16 1 16 2
16 2 16 3
16 3 16 4
16 4 16 5
16 5 16 6
16 6 16 7
16 7 16 8
16 8 16 9
16 9 16 10
16 10 16 11
16 11 16 12
16 12 16 13
16 13 16 14
16 14 16 15
16 15 16 16
;
param Centralities :=
degree centrality: {(0, 0): 0.010416666666666666, (0, 1): 0.017361111111111112, (0, 2): 0.017361111111111112, (0, 3): 0.017361111111111112, (0, 4): 0.017361111111111112, (0, 5): 0.017361111111111112, (0, 6): 0.017361111111111112, (0, 7): 0.017361111111111112, (0, 8): 0.017361111111111112, (0, 9): 0.017361111111111112, (0, 10): 0.017361111111111112, (0, 11): 0.017361111111111112, (0, 12): 0.017361111111111112, (0, 13): 0.017361111111111112, (0, 14): 0.017361111111111112, (0, 15): 0.017361111111111112, (0, 16): 0.010416666666666666, (1, 0): 0.017361111111111112, (1, 1): 0.027777777777777776, (1, 2): 0.027777777777777776, (1, 3): 0.027777777777777776, (1, 4): 0.027777777777777776, (1, 5): 0.027777777777777776, (1, 6): 0.027777777777777776, (1, 7): 0.027777777777777776, (1, 8): 0.027777777777777776, (1, 9): 0.027777777777777776, (1, 10): 0.027777777777777776, (1, 11): 0.027777777777777776, (1, 12): 0.027777777777777776, (1, 13): 0.027777777777777776, (1, 14): 0.027777777777777776, (1, 15): 0.027777777777777776, (1, 16): 0.017361111111111112, (2, 0): 0.017361111111111112, (2, 1): 0.027777777777777776, (2, 2): 0.027777777777777776, (2, 3): 0.027777777777777776, (2, 4): 0.027777777777777776, (2, 5): 0.027777777777777776, (2, 6): 0.027777777777777776, (2, 7): 0.027777777777777776, (2, 8): 0.027777777777777776, (2, 9): 0.027777777777777776, (2, 10): 0.027777777777777776, (2, 11): 0.027777777777777776, (2, 12): 0.027777777777777776, (2, 13): 0.027777777777777776, (2, 14): 0.027777777777777776, (2, 15): 0.027777777777777776, (2, 16): 0.017361111111111112, (3, 0): 0.017361111111111112, (3, 1): 0.027777777777777776, (3, 2): 0.027777777777777776, (3, 3): 0.027777777777777776, (3, 4): 0.027777777777777776, (3, 5): 0.027777777777777776, (3, 6): 0.027777777777777776, (3, 7): 0.027777777777777776, (3, 8): 0.027777777777777776, (3, 9): 0.027777777777777776, (3, 10): 0.027777777777777776, (3, 11): 0.027777777777777776, (3, 12): 0.027777777777777776, (3, 13): 0.027777777777777776, (3, 14): 0.027777777777777776, (3, 15): 0.027777777777777776, (3, 16): 0.017361111111111112, (4, 0): 0.017361111111111112, (4, 1): 0.027777777777777776, (4, 2): 0.027777777777777776, (4, 3): 0.027777777777777776, (4, 4): 0.027777777777777776, (4, 5): 0.027777777777777776, (4, 6): 0.027777777777777776, (4, 7): 0.027777777777777776, (4, 8): 0.027777777777777776, (4, 9): 0.027777777777777776, (4, 10): 0.027777777777777776, (4, 11): 0.027777777777777776, (4, 12): 0.027777777777777776, (4, 13): 0.027777777777777776, (4, 14): 0.027777777777777776, (4, 15): 0.027777777777777776, (4, 16): 0.017361111111111112, (5, 0): 0.017361111111111112, (5, 1): 0.027777777777777776, (5, 2): 0.027777777777777776, (5, 3): 0.027777777777777776, (5, 4): 0.027777777777777776, (5, 5): 0.027777777777777776, (5, 6): 0.027777777777777776, (5, 7): 0.027777777777777776, (5, 8): 0.027777777777777776, (5, 9): 0.027777777777777776, (5, 10): 0.027777777777777776, (5, 11): 0.027777777777777776, (5, 12): 0.027777777777777776, (5, 13): 0.027777777777777776, (5, 14): 0.027777777777777776, (5, 15): 0.027777777777777776, (5, 16): 0.017361111111111112, (6, 0): 0.017361111111111112, (6, 1): 0.027777777777777776, (6, 2): 0.027777777777777776, (6, 3): 0.027777777777777776, (6, 4): 0.027777777777777776, (6, 5): 0.027777777777777776, (6, 6): 0.027777777777777776, (6, 7): 0.027777777777777776, (6, 8): 0.027777777777777776, (6, 9): 0.027777777777777776, (6, 10): 0.027777777777777776, (6, 11): 0.027777777777777776, (6, 12): 0.027777777777777776, (6, 13): 0.027777777777777776, (6, 14): 0.027777777777777776, (6, 15): 0.027777777777777776, (6, 16): 0.017361111111111112, (7, 0): 0.017361111111111112, (7, 1): 0.027777777777777776, (7, 2): 0.027777777777777776, (7, 3): 0.027777777777777776, (7, 4): 0.027777777777777776, (7, 5): 0.027777777777777776, (7, 6): 0.027777777777777776, (7, 7): 0.027777777777777776, (7, 8): 0.027777777777777776, (7, 9): 0.027777777777777776, (7, 10): 0.027777777777777776, (7, 11): 0.027777777777777776, (7, 12): 0.027777777777777776, (7, 13): 0.027777777777777776, (7, 14): 0.027777777777777776, (7, 15): 0.027777777777777776, (7, 16): 0.017361111111111112, (8, 0): 0.017361111111111112, (8, 1): 0.027777777777777776, (8, 2): 0.027777777777777776, (8, 3): 0.027777777777777776, (8, 4): 0.027777777777777776, (8, 5): 0.027777777777777776, (8, 6): 0.027777777777777776, (8, 7): 0.027777777777777776, (8, 8): 0.027777777777777776, (8, 9): 0.027777777777777776, (8, 10): 0.027777777777777776, (8, 11): 0.027777777777777776, (8, 12): 0.027777777777777776, (8, 13): 0.027777777777777776, (8, 14): 0.027777777777777776, (8, 15): 0.027777777777777776, (8, 16): 0.017361111111111112, (9, 0): 0.017361111111111112, (9, 1): 0.027777777777777776, (9, 2): 0.027777777777777776, (9, 3): 0.027777777777777776, (9, 4): 0.027777777777777776, (9, 5): 0.027777777777777776, (9, 6): 0.027777777777777776, (9, 7): 0.027777777777777776, (9, 8): 0.027777777777777776, (9, 9): 0.027777777777777776, (9, 10): 0.027777777777777776, (9, 11): 0.027777777777777776, (9, 12): 0.027777777777777776, (9, 13): 0.027777777777777776, (9, 14): 0.027777777777777776, (9, 15): 0.027777777777777776, (9, 16): 0.017361111111111112, (10, 0): 0.017361111111111112, (10, 1): 0.027777777777777776, (10, 2): 0.027777777777777776, (10, 3): 0.027777777777777776, (10, 4): 0.027777777777777776, (10, 5): 0.027777777777777776, (10, 6): 0.027777777777777776, (10, 7): 0.027777777777777776, (10, 8): 0.027777777777777776, (10, 9): 0.027777777777777776, (10, 10): 0.027777777777777776, (10, 11): 0.027777777777777776, (10, 12): 0.027777777777777776, (10, 13): 0.027777777777777776, (10, 14): 0.027777777777777776, (10, 15): 0.027777777777777776, (10, 16): 0.017361111111111112, (11, 0): 0.017361111111111112, (11, 1): 0.027777777777777776, (11, 2): 0.027777777777777776, (11, 3): 0.027777777777777776, (11, 4): 0.027777777777777776, (11, 5): 0.027777777777777776, (11, 6): 0.027777777777777776, (11, 7): 0.027777777777777776, (11, 8): 0.027777777777777776, (11, 9): 0.027777777777777776, (11, 10): 0.027777777777777776, (11, 11): 0.027777777777777776, (11, 12): 0.027777777777777776, (11, 13): 0.027777777777777776, (11, 14): 0.027777777777777776, (11, 15): 0.027777777777777776, (11, 16): 0.017361111111111112, (12, 0): 0.017361111111111112, (12, 1): 0.027777777777777776, (12, 2): 0.027777777777777776, (12, 3): 0.027777777777777776, (12, 4): 0.027777777777777776, (12, 5): 0.027777777777777776, (12, 6): 0.027777777777777776, (12, 7): 0.027777777777777776, (12, 8): 0.027777777777777776, (12, 9): 0.027777777777777776, (12, 10): 0.027777777777777776, (12, 11): 0.027777777777777776, (12, 12): 0.027777777777777776, (12, 13): 0.027777777777777776, (12, 14): 0.027777777777777776, (12, 15): 0.027777777777777776, (12, 16): 0.017361111111111112, (13, 0): 0.017361111111111112, (13, 1): 0.027777777777777776, (13, 2): 0.027777777777777776, (13, 3): 0.027777777777777776, (13, 4): 0.027777777777777776, (13, 5): 0.027777777777777776, (13, 6): 0.027777777777777776, (13, 7): 0.027777777777777776, (13, 8): 0.027777777777777776, (13, 9): 0.027777777777777776, (13, 10): 0.027777777777777776, (13, 11): 0.027777777777777776, (13, 12): 0.027777777777777776, (13, 13): 0.027777777777777776, (13, 14): 0.027777777777777776, (13, 15): 0.027777777777777776, (13, 16): 0.017361111111111112, (14, 0): 0.017361111111111112, (14, 1): 0.027777777777777776, (14, 2): 0.027777777777777776, (14, 3): 0.027777777777777776, (14, 4): 0.027777777777777776, (14, 5): 0.027777777777777776, (14, 6): 0.027777777777777776, (14, 7): 0.027777777777777776, (14, 8): 0.027777777777777776, (14, 9): 0.027777777777777776, (14, 10): 0.027777777777777776, (14, 11): 0.027777777777777776, (14, 12): 0.027777777777777776, (14, 13): 0.027777777777777776, (14, 14): 0.027777777777777776, (14, 15): 0.027777777777777776, (14, 16): 0.017361111111111112, (15, 0): 0.017361111111111112, (15, 1): 0.027777777777777776, (15, 2): 0.027777777777777776, (15, 3): 0.027777777777777776, (15, 4): 0.027777777777777776, (15, 5): 0.027777777777777776, (15, 6): 0.027777777777777776, (15, 7): 0.027777777777777776, (15, 8): 0.027777777777777776, (15, 9): 0.027777777777777776, (15, 10): 0.027777777777777776, (15, 11): 0.027777777777777776, (15, 12): 0.027777777777777776, (15, 13): 0.027777777777777776, (15, 14): 0.027777777777777776, (15, 15): 0.027777777777777776, (15, 16): 0.017361111111111112, (16, 0): 0.010416666666666666, (16, 1): 0.017361111111111112, (16, 2): 0.017361111111111112, (16, 3): 0.017361111111111112, (16, 4): 0.017361111111111112, (16, 5): 0.017361111111111112, (16, 6): 0.017361111111111112, (16, 7): 0.017361111111111112, (16, 8): 0.017361111111111112, (16, 9): 0.017361111111111112, (16, 10): 0.017361111111111112, (16, 11): 0.017361111111111112, (16, 12): 0.017361111111111112, (16, 13): 0.017361111111111112, (16, 14): 0.017361111111111112, (16, 15): 0.017361111111111112, (16, 16): 0.010416666666666666}
eigenvector centrality: {(0, 0): 0.0033533473171252237, (0, 1): 0.006604455880573726, (0, 2): 0.009654286921703973, (0, 3): 0.012410079355468654, (0, 4): 0.014788193335531379, (0, 5): 0.01671662655210563, (0, 6): 0.01813713352998959, (0, 7): 0.019006901875667923, (0, 8): 0.01929975959807392, (0, 9): 0.01900690187566792, (0, 10): 0.01813713352998959, (0, 11): 0.016716626552105634, (0, 12): 0.014788193335531379, (0, 13): 0.012410079355468655, (0, 14): 0.009654286921703973, (0, 15): 0.006604455880573725, (0, 16): 0.0033533473171252232, (1, 0): 0.006604455880573725, (1, 1): 0.013007551366864874, (1, 2): 0.019014228471703754, (1, 3): 0.024441793177533495, (1, 4): 0.02912551585072337, (1, 5): 0.03292358711893191, (1, 6): 0.035721291852816896, (1, 7): 0.03743431055386712, (1, 8): 0.038011097186447095, (1, 9): 0.03743431055386713, (1, 10): 0.035721291852816896, (1, 11): 0.03292358711893192, (1, 12): 0.02912551585072337, (1, 13): 0.024441793177533495, (1, 14): 0.019014228471703754, (1, 15): 0.013007551366864874, (1, 16): 0.0066044558805737254, (2, 0): 0.009654286921703973, (2, 1): 0.019014228471703754, (2, 2): 0.027794692035207354, (2, 3): 0.03572861844848249, (2, 4): 0.04257520859403394, (2, 5): 0.04812716782207864, (2, 6): 0.05221680740958523, (2, 7): 0.05472087047567796, (2, 8): 0.05556400785810934, (2, 9): 0.05472087047567796, (2, 10): 0.05221680740958523, (2, 11): 0.04812716782207865, (2, 12): 0.04257520859403395, (2, 13): 0.035728618448482484, (2, 14): 0.027794692035207357, (2, 15): 0.019014228471703757, (2, 16): 0.009654286921703975, (3, 0): 0.012410079355468654, (3, 1): 0.024441793177533495, (3, 2): 0.03572861844848249, (3, 3): 0.04592726462377297, (3, 4): 0.054728197070647744, (3, 5): 0.06186494939188499, (3, 6): 0.06712196653129948, (3, 7): 0.07034080823481746, (3, 8): 0.07142461710733113, (3, 9): 0.07034080823481745, (3, 10): 0.06712196653129948, (3, 11): 0.06186494939188499, (3, 12): 0.05472819707064774, (3, 13): 0.04592726462377298, (3, 14): 0.03572861844848249, (3, 15): 0.024441793177533498, (3, 16): 0.012410079355468657, (4, 0): 0.014788193335531379, (4, 1): 0.02912551585072337, (4, 2): 0.04257520859403394, (4, 3): 0.05472819707064773, (4, 4): 0.06521563126259618, (4, 5): 0.07371998245095109, (4, 6): 0.07998438927697236, (4, 7): 0.08382004995766891, (4, 8): 0.08511154654575752, (4, 9): 0.08382004995766891, (4, 10): 0.07998438927697236, (4, 11): 0.07371998245095109, (4, 12): 0.06521563126259618, (4, 13): 0.05472819707064775, (4, 14): 0.04257520859403396, (4, 15): 0.02912551585072338, (4, 16): 0.014788193335531382, (5, 0): 0.01671662655210563, (5, 1): 0.03292358711893191, (5, 2): 0.04812716782207865, (5, 3): 0.06186494939188498, (5, 4): 0.07371998245095109, (5, 5): 0.08333333140157034, (5, 6): 0.09041463924662334, (5, 7): 0.09475048377644436, (5, 8): 0.0962103961312905, (5, 9): 0.09475048377644436, (5, 10): 0.09041463924662334, (5, 11): 0.08333333140157034, (5, 12): 0.0737199824509511, (5, 13): 0.06186494939188499, (5, 14): 0.048127167822078654, (5, 15): 0.03292358711893192, (5, 16): 0.016716626552105634, (6, 0): 0.018137133529989587, (6, 1): 0.03572129185281689, (6, 2): 0.05221680740958523, (6, 3): 0.06712196653129947, (6, 4): 0.07998438927697236, (6, 5): 0.09041463924662332, (6, 6): 0.09809768615518226, (6, 7): 0.1028019720921516, (6, 8): 0.10438594151561108, (6, 9): 0.1028019720921516, (6, 10): 0.09809768615518226, (6, 11): 0.09041463924662334, (6, 12): 0.07998438927697238, (6, 13): 0.06712196653129948, (6, 14): 0.05221680740958524, (6, 15): 0.035721291852816896, (6, 16): 0.018137133529989594, (7, 0): 0.01900690187566792, (7, 1): 0.03743431055386712, (7, 2): 0.05472087047567795, (7, 3): 0.07034080823481743, (7, 4): 0.08382004995766892, (7, 5): 0.09475048377644436, (7, 6): 0.10280197209215163, (7, 7): 0.10773185260779185, (7, 8): 0.10939178146898548, (7, 9): 0.10773185260779185, (7, 10): 0.10280197209215161, (7, 11): 0.09475048377644435, (7, 12): 0.08382004995766891, (7, 13): 0.07034080823481745, (7, 14): 0.05472087047567797, (7, 15): 0.03743431055386713, (7, 16): 0.019006901875667927, (8, 0): 0.019299759598073916, (8, 1): 0.03801109718644709, (8, 2): 0.05556400785810933, (8, 3): 0.07142461710733113, (8, 4): 0.08511154654575752, (8, 5): 0.09621039613129051, (8, 6): 0.10438594151561108, (8, 7): 0.10939178146898547, (8, 8): 0.11107728645977798, (8, 9): 0.10939178146898548, (8, 10): 0.10438594151561108, (8, 11): 0.09621039613129051, (8, 12): 0.08511154654575752, (8, 13): 0.07142461710733113, (8, 14): 0.05556400785810935, (8, 15): 0.038011097186447095, (8, 16): 0.01929975959807392, (9, 0): 0.01900690187566792, (9, 1): 0.037434310553867124, (9, 2): 0.05472087047567796, (9, 3): 0.07034080823481745, (9, 4): 0.08382004995766891, (9, 5): 0.09475048377644436, (9, 6): 0.1028019720921516, (9, 7): 0.10773185260779185, (9, 8): 0.10939178146898547, (9, 9): 0.10773185260779185, (9, 10): 0.1028019720921516, (9, 11): 0.09475048377644436, (9, 12): 0.08382004995766892, (9, 13): 0.07034080823481745, (9, 14): 0.05472087047567797, (9, 15): 0.03743431055386713, (9, 16): 0.01900690187566792, (10, 0): 0.01813713352998959, (10, 1): 0.035721291852816896, (10, 2): 0.05221680740958523, (10, 3): 0.06712196653129947, (10, 4): 0.07998438927697235, (10, 5): 0.09041463924662332, (10, 6): 0.09809768615518226, (10, 7): 0.10280197209215161, (10, 8): 0.10438594151561108, (10, 9): 0.10280197209215161, (10, 10): 0.09809768615518226, (10, 11): 0.09041463924662332, (10, 12): 0.07998438927697236, (10, 13): 0.06712196653129948, (10, 14): 0.05221680740958523, (10, 15): 0.03572129185281689, (10, 16): 0.01813713352998959, (11, 0): 0.016716626552105634, (11, 1): 0.03292358711893192, (11, 2): 0.04812716782207864, (11, 3): 0.06186494939188498, (11, 4): 0.07371998245095109, (11, 5): 0.08333333140157034, (11, 6): 0.09041463924662332, (11, 7): 0.09475048377644436, (11, 8): 0.09621039613129051, (11, 9): 0.09475048377644436, (11, 10): 0.09041463924662334, (11, 11): 0.08333333140157033, (11, 12): 0.07371998245095109, (11, 13): 0.06186494939188498, (11, 14): 0.04812716782207864, (11, 15): 0.03292358711893191, (11, 16): 0.01671662655210563, (12, 0): 0.014788193335531379, (12, 1): 0.02912551585072338, (12, 2): 0.04257520859403395, (12, 3): 0.054728197070647744, (12, 4): 0.06521563126259618, (12, 5): 0.07371998245095109, (12, 6): 0.07998438927697236, (12, 7): 0.08382004995766888, (12, 8): 0.0851115465457575, (12, 9): 0.0838200499576689, (12, 10): 0.07998438927697236, (12, 11): 0.07371998245095109, (12, 12): 0.06521563126259618, (12, 13): 0.05472819707064774, (12, 14): 0.04257520859403394, (12, 15): 0.02912551585072337, (12, 16): 0.014788193335531379, (13, 0): 0.012410079355468654, (13, 1): 0.024441793177533495, (13, 2): 0.035728618448482484, (13, 3): 0.04592726462377297, (13, 4): 0.05472819707064774, (13, 5): 0.06186494939188499, (13, 6): 0.06712196653129947, (13, 7): 0.07034080823481742, (13, 8): 0.07142461710733113, (13, 9): 0.07034080823481743, (13, 10): 0.06712196653129947, (13, 11): 0.06186494939188498, (13, 12): 0.05472819707064774, (13, 13): 0.045927264623772966, (13, 14): 0.035728618448482484, (13, 15): 0.024441793177533495, (13, 16): 0.012410079355468654, (14, 0): 0.009654286921703973, (14, 1): 0.019014228471703754, (14, 2): 0.02779469203520735, (14, 3): 0.035728618448482484, (14, 4): 0.04257520859403394, (14, 5): 0.04812716782207865, (14, 6): 0.05221680740958523, (14, 7): 0.05472087047567797, (14, 8): 0.05556400785810933, (14, 9): 0.05472087047567797, (14, 10): 0.05221680740958523, (14, 11): 0.04812716782207863, (14, 12): 0.04257520859403394, (14, 13): 0.035728618448482484, (14, 14): 0.02779469203520735, (14, 15): 0.01901422847170375, (14, 16): 0.009654286921703973, (15, 0): 0.006604455880573725, (15, 1): 0.013007551366864874, (15, 2): 0.019014228471703747, (15, 3): 0.02444179317753349, (15, 4): 0.02912551585072337, (15, 5): 0.03292358711893191, (15, 6): 0.03572129185281689, (15, 7): 0.037434310553867124, (15, 8): 0.038011097186447095, (15, 9): 0.037434310553867124, (15, 10): 0.03572129185281689, (15, 11): 0.03292358711893191, (15, 12): 0.02912551585072337, (15, 13): 0.024441793177533495, (15, 14): 0.019014228471703754, (15, 15): 0.013007551366864874, (15, 16): 0.006604455880573725, (16, 0): 0.0033533473171252232, (16, 1): 0.006604455880573724, (16, 2): 0.009654286921703975, (16, 3): 0.012410079355468654, (16, 4): 0.014788193335531379, (16, 5): 0.01671662655210563, (16, 6): 0.01813713352998959, (16, 7): 0.01900690187566792, (16, 8): 0.019299759598073916, (16, 9): 0.01900690187566792, (16, 10): 0.01813713352998959, (16, 11): 0.01671662655210563, (16, 12): 0.014788193335531379, (16, 13): 0.012410079355468655, (16, 14): 0.009654286921703973, (16, 15): 0.006604455880573725, (16, 16): 0.0033533473171252232}
closeness centrality: {(0, 0): 0.09207161125319693, (0, 1): 0.0962245238890745, (0, 2): 0.10013908205841446, (0, 3): 0.10370903853078862, (0, 4): 0.10682492581602374, (0, 5): 0.10938093429548044, (0, 6): 0.11128284389489954, (0, 7): 0.11245607184693479, (0, 8): 0.11285266457680251, (0, 9): 0.11245607184693479, (0, 10): 0.11128284389489954, (0, 11): 0.10938093429548044, (0, 12): 0.10682492581602374, (0, 13): 0.10370903853078862, (0, 14): 0.10013908205841446, (0, 15): 0.0962245238890745, (0, 16): 0.09207161125319693, (1, 0): 0.0962245238890745, (1, 1): 0.101301442138586, (1, 2): 0.1061555473645411, (1, 3): 0.11064156742220514, (1, 4): 0.11460405889375248, (1, 5): 0.11788784281620958, (1, 6): 0.12035102381947346, (1, 7): 0.12187896741430385, (1, 8): 0.12239694007649808, (1, 9): 0.12187896741430385, (1, 10): 0.12035102381947346, (1, 11): 0.11788784281620958, (1, 12): 0.11460405889375248, (1, 13): 0.11064156742220514, (1, 14): 0.1061555473645411, (1, 15): 0.101301442138586, (1, 16): 0.0962245238890745, (2, 0): 0.10013908205841446, (2, 1): 0.1061555473645411, (2, 2): 0.11206225680933853, (2, 3): 0.1175990200081666, (2, 4): 0.1225531914893617, (2, 5): 0.12670479542454904, (2, 6): 0.12984670874661858, (2, 7): 0.13180778032036614, (2, 8): 0.13247470101195952, (2, 9): 0.13180778032036614, (2, 10): 0.12984670874661858, (2, 11): 0.12670479542454904, (2, 12): 0.1225531914893617, (2, 13): 0.1175990200081666, (2, 14): 0.11206225680933853, (2, 15): 0.1061555473645411, (2, 16): 0.10013908205841446, (3, 0): 0.10370903853078862, (3, 1): 0.11064156742220514, (3, 2): 0.1175990200081666, (3, 3): 0.12429866206301252, (3, 4): 0.13037573562698054, (3, 5): 0.13552941176470587, (3, 6): 0.13946731234866827, (3, 7): 0.14194184327254805, (3, 8): 0.1427863163113535, (3, 9): 0.14194184327254805, (3, 10): 0.13946731234866827, (3, 11): 0.13552941176470587, (3, 12): 0.13037573562698054, (3, 13): 0.12429866206301252, (3, 14): 0.1175990200081666, (3, 15): 0.11064156742220514, (3, 16): 0.10370903853078862, (4, 0): 0.10682492581602374, (4, 1): 0.11460405889375248, (4, 2): 0.1225531914893617, (4, 3): 0.13037573562698054, (4, 4): 0.13766730401529637, (4, 5): 0.14392803598200898, (4, 6): 0.1487603305785124, (4, 7): 0.1518186610437533, (4, 8): 0.15286624203821655, (4, 9): 0.1518186610437533, (4, 10): 0.1487603305785124, (4, 11): 0.14392803598200898, (4, 12): 0.13766730401529637, (4, 13): 0.13037573562698054, (4, 14): 0.1225531914893617, (4, 15): 0.11460405889375248, (4, 16): 0.10682492581602374, (5, 0): 0.10938093429548044, (5, 1): 0.11788784281620958, (5, 2): 0.12670479542454904, (5, 3): 0.13552941176470587, (5, 4): 0.14392803598200898, (5, 5): 0.15133998949027852, (5, 6): 0.15711947626841244, (5, 7): 0.16080402010050251, (5, 8): 0.16207090602138435, (5, 9): 0.16080402010050251, (5, 10): 0.15711947626841244, (5, 11): 0.15133998949027852, (5, 12): 0.14392803598200898, (5, 13): 0.13552941176470587, (5, 14): 0.12670479542454904, (5, 15): 0.11788784281620958, (5, 16): 0.10938093429548044, (6, 0): 0.11128284389489954, (6, 1): 0.12035102381947346, (6, 2): 0.12984670874661858, (6, 3): 0.13946731234866827, (6, 4): 0.1487603305785124, (6, 5): 0.15711947626841244, (6, 6): 0.16382252559726962, (6, 7): 0.1681260945709282, (6, 8): 0.1696113074204947, (6, 9): 0.1681260945709282, (6, 10): 0.16382252559726962, (6, 11): 0.15711947626841244, (6, 12): 0.1487603305785124, (6, 13): 0.13946731234866827, (6, 14): 0.12984670874661858, (6, 15): 0.12035102381947346, (6, 16): 0.11128284389489954, (7, 0): 0.11245607184693479, (7, 1): 0.12187896741430385, (7, 2): 0.13180778032036614, (7, 3): 0.14194184327254805, (7, 4): 0.1518186610437533, (7, 5): 0.16080402010050251, (7, 6): 0.1681260945709282, (7, 7): 0.17297297297297298, (7, 8): 0.17465130382049726, (7, 9): 0.17297297297297298, (7, 10): 0.1681260945709282, (7, 11): 0.16080402010050251, (7, 12): 0.1518186610437533, (7, 13): 0.14194184327254805, (7, 14): 0.13180778032036614, (7, 15): 0.12187896741430385, (7, 16): 0.11245607184693479, (8, 0): 0.11285266457680251, (8, 1): 0.12239694007649808, (8, 2): 0.13247470101195952, (8, 3): 0.1427863163113535, (8, 4): 0.15286624203821655, (8, 5): 0.16207090602138435, (8, 6): 0.1696113074204947, (8, 7): 0.17465130382049726, (8, 8): 0.17647058823529413, (8, 9): 0.17465130382049726, (8, 10): 0.1696113074204947, (8, 11): 0.16207090602138435, (8, 12): 0.15286624203821655, (8, 13): 0.1427863163113535, (8, 14): 0.13247470101195952, (8, 15): 0.12239694007649808, (8, 16): 0.11285266457680251, (9, 0): 0.11245607184693479, (9, 1): 0.12187896741430385, (9, 2): 0.13180778032036614, (9, 3): 0.14194184327254805, (9, 4): 0.1518186610437533, (9, 5): 0.16080402010050251, (9, 6): 0.1681260945709282, (9, 7): 0.17297297297297298, (9, 8): 0.17465130382049726, (9, 9): 0.17297297297297298, (9, 10): 0.1681260945709282, (9, 11): 0.16080402010050251, (9, 12): 0.1518186610437533, (9, 13): 0.14194184327254805, (9, 14): 0.13180778032036614, (9, 15): 0.12187896741430385, (9, 16): 0.11245607184693479, (10, 0): 0.11128284389489954, (10, 1): 0.12035102381947346, (10, 2): 0.12984670874661858, (10, 3): 0.13946731234866827, (10, 4): 0.1487603305785124, (10, 5): 0.15711947626841244, (10, 6): 0.16382252559726962, (10, 7): 0.1681260945709282, (10, 8): 0.1696113074204947, (10, 9): 0.1681260945709282, (10, 10): 0.16382252559726962, (10, 11): 0.15711947626841244, (10, 12): 0.1487603305785124, (10, 13): 0.13946731234866827, (10, 14): 0.12984670874661858, (10, 15): 0.12035102381947346, (10, 16): 0.11128284389489954, (11, 0): 0.10938093429548044, (11, 1): 0.11788784281620958, (11, 2): 0.12670479542454904, (11, 3): 0.13552941176470587, (11, 4): 0.14392803598200898, (11, 5): 0.15133998949027852, (11, 6): 0.15711947626841244, (11, 7): 0.16080402010050251, (11, 8): 0.16207090602138435, (11, 9): 0.16080402010050251, (11, 10): 0.15711947626841244, (11, 11): 0.15133998949027852, (11, 12): 0.14392803598200898, (11, 13): 0.13552941176470587, (11, 14): 0.12670479542454904, (11, 15): 0.11788784281620958, (11, 16): 0.10938093429548044, (12, 0): 0.10682492581602374, (12, 1): 0.11460405889375248, (12, 2): 0.1225531914893617, (12, 3): 0.13037573562698054, (12, 4): 0.13766730401529637, (12, 5): 0.14392803598200898, (12, 6): 0.1487603305785124, (12, 7): 0.1518186610437533, (12, 8): 0.15286624203821655, (12, 9): 0.1518186610437533, (12, 10): 0.1487603305785124, (12, 11): 0.14392803598200898, (12, 12): 0.13766730401529637, (12, 13): 0.13037573562698054, (12, 14): 0.1225531914893617, (12, 15): 0.11460405889375248, (12, 16): 0.10682492581602374, (13, 0): 0.10370903853078862, (13, 1): 0.11064156742220514, (13, 2): 0.1175990200081666, (13, 3): 0.12429866206301252, (13, 4): 0.13037573562698054, (13, 5): 0.13552941176470587, (13, 6): 0.13946731234866827, (13, 7): 0.14194184327254805, (13, 8): 0.1427863163113535, (13, 9): 0.14194184327254805, (13, 10): 0.13946731234866827, (13, 11): 0.13552941176470587, (13, 12): 0.13037573562698054, (13, 13): 0.12429866206301252, (13, 14): 0.1175990200081666, (13, 15): 0.11064156742220514, (13, 16): 0.10370903853078862, (14, 0): 0.10013908205841446, (14, 1): 0.1061555473645411, (14, 2): 0.11206225680933853, (14, 3): 0.1175990200081666, (14, 4): 0.1225531914893617, (14, 5): 0.12670479542454904, (14, 6): 0.12984670874661858, (14, 7): 0.13180778032036614, (14, 8): 0.13247470101195952, (14, 9): 0.13180778032036614, (14, 10): 0.12984670874661858, (14, 11): 0.12670479542454904, (14, 12): 0.1225531914893617, (14, 13): 0.1175990200081666, (14, 14): 0.11206225680933853, (14, 15): 0.1061555473645411, (14, 16): 0.10013908205841446, (15, 0): 0.0962245238890745, (15, 1): 0.101301442138586, (15, 2): 0.1061555473645411, (15, 3): 0.11064156742220514, (15, 4): 0.11460405889375248, (15, 5): 0.11788784281620958, (15, 6): 0.12035102381947346, (15, 7): 0.12187896741430385, (15, 8): 0.12239694007649808, (15, 9): 0.12187896741430385, (15, 10): 0.12035102381947346, (15, 11): 0.11788784281620958, (15, 12): 0.11460405889375248, (15, 13): 0.11064156742220514, (15, 14): 0.1061555473645411, (15, 15): 0.101301442138586, (15, 16): 0.0962245238890745, (16, 0): 0.09207161125319693, (16, 1): 0.0962245238890745, (16, 2): 0.10013908205841446, (16, 3): 0.10370903853078862, (16, 4): 0.10682492581602374, (16, 5): 0.10938093429548044, (16, 6): 0.11128284389489954, (16, 7): 0.11245607184693479, (16, 8): 0.11285266457680251, (16, 9): 0.11245607184693479, (16, 10): 0.11128284389489954, (16, 11): 0.10938093429548044, (16, 12): 0.10682492581602374, (16, 13): 0.10370903853078862, (16, 14): 0.10013908205841446, (16, 15): 0.0962245238890745, (16, 16): 0.09207161125319693}
betweenness centrality: {(0, 0): 0.0, (0, 1): 0.0014228629984770792, (0, 2): 0.0022580931422258813, (0, 3): 0.0027792350061651948, (0, 4): 0.0031249916429939174, (0, 5): 0.0033543451759338845, (0, 6): 0.003500755646369696, (0, 7): 0.003582375253615144, (0, 8): 0.0036086197507108585, (0, 9): 0.0035823752536151463, (0, 10): 0.0035007556463696964, (0, 11): 0.0033543451759338845, (0, 12): 0.0031249916429939174, (0, 13): 0.0027792350061651948, (0, 14): 0.0022580931422258818, (0, 15): 0.001422862998477079, (0, 16): 0.0, (1, 0): 0.0014228629984770792, (1, 1): 0.008542524165241545, (1, 2): 0.011053665678526677, (1, 3): 0.012905343492271936, (1, 4): 0.014210075037099052, (1, 5): 0.015119565422448985, (1, 6): 0.015719496516128233, (1, 7): 0.01606163035855674, (1, 8): 0.016172848982009144, (1, 9): 0.016061630358556744, (1, 10): 0.01571949651612823, (1, 11): 0.015119565422448985, (1, 12): 0.014210075037099047, (1, 13): 0.012905343492271935, (1, 14): 0.01105366567852668, (1, 15): 0.008542524165241545, (1, 16): 0.0014228629984770792, (2, 0): 0.0022580931422258805, (2, 1): 0.01105366567852667, (2, 2): 0.017005618611647143, (2, 3): 0.020189688306142033, (2, 4): 0.02261856873569386, (2, 5): 0.024361089630420406, (2, 6): 0.02553482080172291, (2, 7): 0.02621238158133586, (2, 8): 0.026434033336359172, (2, 9): 0.026212381581335854, (2, 10): 0.02553482080172291, (2, 11): 0.024361089630420406, (2, 12): 0.02261856873569386, (2, 13): 0.020189688306142036, (2, 14): 0.017005618611647143, (2, 15): 0.01105366567852667, (2, 16): 0.0022580931422258805, (3, 0): 0.0027792350061651948, (3, 1): 0.01290534349227195, (3, 2): 0.020189688306142036, (3, 3): 0.0255991386597149, (3, 4): 0.029046730357711558, (3, 5): 0.03160612371870084, (3, 6): 0.03334941359770406, (3, 7): 0.03436317731691904, (3, 8): 0.034695844643004375, (3, 9): 0.03436317731691904, (3, 10): 0.03334941359770407, (3, 11): 0.03160612371870083, (3, 12): 0.029046730357711548, (3, 13): 0.025599138659714894, (3, 14): 0.020189688306142033, (3, 15): 0.012905343492271945, (3, 16): 0.0027792350061651948, (4, 0): 0.003124991642993915, (4, 1): 0.01421007503709905, (4, 2): 0.02261856873569387, (4, 3): 0.02904673035771157, (4, 4): 0.034120779976645185, (4, 5): 0.03748551623357428, (4, 6): 0.03980861003936067, (4, 7): 0.041163577229786065, (4, 8): 0.04160897361843559, (4, 9): 0.04116357722978608, (4, 10): 0.03980861003936067, (4, 11): 0.03748551623357427, (4, 12): 0.03412077997664517, (4, 13): 0.029046730357711558, (4, 14): 0.02261856873569387, (4, 15): 0.014210075037099056, (4, 16): 0.003124991642993916, (5, 0): 0.003354345175933886, (5, 1): 0.015119565422448994, (5, 2): 0.024361089630420378, (5, 3): 0.031606123718700856, (5, 4): 0.03748551623357429, (5, 5): 0.042099055223305176, (5, 6): 0.045033410436999835, (5, 7): 0.04675467114538264, (5, 8): 0.047320630618039726, (5, 9): 0.04675467114538265, (5, 10): 0.045033410436999814, (5, 11): 0.04209905522330519, (5, 12): 0.037485516233574274, (5, 13): 0.03160612371870084, (5, 14): 0.02436108963042039, (5, 15): 0.015119565422448996, (5, 16): 0.0033543451759338867, (6, 0): 0.003500755646369696, (6, 1): 0.015719496516128237, (6, 2): 0.02553482080172289, (6, 3): 0.03334941359770404, (6, 4): 0.03980861003936072, (6, 5): 0.04503341043699987, (6, 6): 0.04890072644213944, (6, 7): 0.051014555380936945, (6, 8): 0.05171190889040754, (6, 9): 0.051014555380936945, (6, 10): 0.048900726442139435, (6, 11): 0.04503341043699986, (6, 12): 0.039808610039360696, (6, 13): 0.03334941359770404, (6, 14): 0.025534820801722882, (6, 15): 0.015719496516128237, (6, 16): 0.0035007556463696947, (7, 0): 0.003582375253615144, (7, 1): 0.016061630358556744, (7, 2): 0.02621238158133589, (7, 3): 0.034363177316919, (7, 4): 0.041163577229786044, (7, 5): 0.04675467114538264, (7, 6): 0.051014555380936924, (7, 7): 0.053759847476507444, (7, 8): 0.05459588746054926, (7, 9): 0.053759847476507444, (7, 10): 0.051014555380936945, (7, 11): 0.04675467114538265, (7, 12): 0.04116357722978604, (7, 13): 0.034363177316919014, (7, 14): 0.026212381581335892, (7, 15): 0.016061630358556744, (7, 16): 0.0035823752536151454, (8, 0): 0.003608619750710858, (8, 1): 0.016172848982009155, (8, 2): 0.02643403333635919, (8, 3): 0.03469584464300435, (8, 4): 0.04160897361843556, (8, 5): 0.04732063061803971, (8, 6): 0.0517119088904075, (8, 7): 0.054595887460549296, (8, 8): 0.05576312784303365, (8, 9): 0.05459588746054931, (8, 10): 0.0517119088904075, (8, 11): 0.04732063061803971, (8, 12): 0.04160897361843557, (8, 13): 0.034695844643004355, (8, 14): 0.026434033336359197, (8, 15): 0.016172848982009155, (8, 16): 0.003608619750710858, (9, 0): 0.0035823752536151476, (9, 1): 0.01606163035855674, (9, 2): 0.02621238158133589, (9, 3): 0.034363177316919014, (9, 4): 0.04116357722978609, (9, 5): 0.046754671145382606, (9, 6): 0.05101455538093696, (9, 7): 0.053759847476507444, (9, 8): 0.054595887460549254, (9, 9): 0.053759847476507416, (9, 10): 0.05101455538093696, (9, 11): 0.04675467114538261, (9, 12): 0.0411635772297861, (9, 13): 0.034363177316919014, (9, 14): 0.026212381581335892, (9, 15): 0.01606163035855674, (9, 16): 0.003582375253615147, (10, 0): 0.003500755646369696, (10, 1): 0.01571949651612822, (10, 2): 0.025534820801722882, (10, 3): 0.03334941359770404, (10, 4): 0.039808610039360696, (10, 5): 0.045033410436999835, (10, 6): 0.04890072644213941, (10, 7): 0.05101455538093696, (10, 8): 0.051711908890407485, (10, 9): 0.051014555380936945, (10, 10): 0.04890072644213941, (10, 11): 0.045033410436999835, (10, 12): 0.0398086100393607, (10, 13): 0.03334941359770405, (10, 14): 0.025534820801722872, (10, 15): 0.01571949651612823, (10, 16): 0.003500755646369696, (11, 0): 0.0033543451759338867, (11, 1): 0.015119565422449, (11, 2): 0.024361089630420406, (11, 3): 0.03160612371870083, (11, 4): 0.03748551623357426, (11, 5): 0.0420990552233052, (11, 6): 0.045033410436999856, (11, 7): 0.04675467114538262, (11, 8): 0.04732063061803969, (11, 9): 0.04675467114538262, (11, 10): 0.045033410436999856, (11, 11): 0.042099055223305204, (11, 12): 0.037485516233574254, (11, 13): 0.031606123718700835, (11, 14): 0.024361089630420406, (11, 15): 0.01511956542244899, (11, 16): 0.0033543451759338867, (12, 0): 0.0031249916429939165, (12, 1): 0.014210075037099036, (12, 2): 0.022618568735693848, (12, 3): 0.029046730357711565, (12, 4): 0.0341207799766452, (12, 5): 0.037485516233574274, (12, 6): 0.03980861003936073, (12, 7): 0.04116357722978607, (12, 8): 0.04160897361843551, (12, 9): 0.04116357722978609, (12, 10): 0.039808610039360724, (12, 11): 0.037485516233574274, (12, 12): 0.034120779976645206, (12, 13): 0.029046730357711575, (12, 14): 0.022618568735693845, (12, 15): 0.014210075037099036, (12, 16): 0.0031249916429939174, (13, 0): 0.0027792350061651935, (13, 1): 0.012905343492271936, (13, 2): 0.020189688306142022, (13, 3): 0.025599138659714884, (13, 4): 0.029046730357711558, (13, 5): 0.03160612371870085, (13, 6): 0.03334941359770403, (13, 7): 0.03436317731691898, (13, 8): 0.03469584464300432, (13, 9): 0.034363177316918986, (13, 10): 0.03334941359770404, (13, 11): 0.03160612371870083, (13, 12): 0.029046730357711555, (13, 13): 0.02559913865971489, (13, 14): 0.020189688306142026, (13, 15): 0.012905343492271936, (13, 16): 0.0027792350061651935, (14, 0): 0.0022580931422258818, (14, 1): 0.011053665678526678, (14, 2): 0.017005618611647136, (14, 3): 0.020189688306142033, (14, 4): 0.022618568735693848, (14, 5): 0.024361089630420385, (14, 6): 0.025534820801722865, (14, 7): 0.026212381581335875, (14, 8): 0.02643403333635919, (14, 9): 0.026212381581335882, (14, 10): 0.025534820801722865, (14, 11): 0.024361089630420392, (14, 12): 0.02261856873569385, (14, 13): 0.020189688306142033, (14, 14): 0.01700561861164714, (14, 15): 0.011053665678526677, (14, 16): 0.0022580931422258818, (15, 0): 0.0014228629984770797, (15, 1): 0.008542524165241533, (15, 2): 0.011053665678526677, (15, 3): 0.012905343492271945, (15, 4): 0.014210075037099052, (15, 5): 0.015119565422448996, (15, 6): 0.015719496516128244, (15, 7): 0.01606163035855675, (15, 8): 0.016172848982009144, (15, 9): 0.01606163035855675, (15, 10): 0.01571949651612824, (15, 11): 0.015119565422448994, (15, 12): 0.014210075037099045, (15, 13): 0.012905343492271949, (15, 14): 0.011053665678526677, (15, 15): 0.008542524165241533, (15, 16): 0.0014228629984770797, (16, 0): 0.0, (16, 1): 0.0014228629984770794, (16, 2): 0.0022580931422258805, (16, 3): 0.0027792350061651943, (16, 4): 0.0031249916429939165, (16, 5): 0.0033543451759338867, (16, 6): 0.003500755646369695, (16, 7): 0.003582375253615147, (16, 8): 0.003608619750710858, (16, 9): 0.0035823752536151463, (16, 10): 0.0035007556463696973, (16, 11): 0.0033543451759338867, (16, 12): 0.0031249916429939165, (16, 13): 0.0027792350061651935, (16, 14): 0.0022580931422258813, (16, 15): 0.0014228629984770792, (16, 16): 0.0}
katz centrality: {(0, 0): 0.025345957818906008, (0, 1): 0.03338444745816261, (0, 2): 0.03638580244200757, (0, 3): 0.03756454476369128, (0, 4): 0.03804176978771604, (0, 5): 0.038238400255343544, (0, 6): 0.03831972473781654, (0, 7): 0.0383518604091542, (0, 8): 0.03836034997850444, (0, 9): 0.0383518604091542, (0, 10): 0.038319724737816536, (0, 11): 0.03823840025534356, (0, 12): 0.03804176978771605, (0, 13): 0.037564544763691275, (0, 14): 0.03638580244200757, (0, 15): 0.03338444745816261, (0, 16): 0.025345957818906, (1, 0): 0.0333844474581626, (1, 1): 0.04675644820223189, (1, 2): 0.05203758358981506, (1, 3): 0.05418076533567191, (1, 4): 0.05506529141119928, (1, 5): 0.055434461040751386, (1, 6): 0.05558852050544922, (1, 7): 0.05564977009696412, (1, 8): 0.055666003702304734, (1, 9): 0.055649770096964105, (1, 10): 0.05558852050544923, (1, 11): 0.05543446104075139, (1, 12): 0.055065291411199285, (1, 13): 0.05418076533567191, (1, 14): 0.052037583589815035, (1, 15): 0.04675644820223189, (1, 16): 0.033384447458162596, (2, 0): 0.036385802442007564, (2, 1): 0.05203758358981504, (2, 2): 0.05866862215293941, (2, 3): 0.061463386883127746, (2, 4): 0.06264641725571976, (2, 5): 0.063148933719468, (2, 6): 0.06336131766429859, (2, 7): 0.06344650206019295, (2, 8): 0.06346918684141731, (2, 9): 0.06344650206019298, (2, 10): 0.0633613176642986, (2, 11): 0.063148933719468, (2, 12): 0.06264641725571977, (2, 13): 0.061463386883127746, (2, 14): 0.058668622152939394, (2, 15): 0.052037583589815035, (2, 16): 0.03638580244200756, (3, 0): 0.03756454476369128, (3, 1): 0.054180765335671906, (3, 2): 0.06146338688312773, (3, 3): 0.06463206663942964, (3, 4): 0.06600550049287163, (3, 5): 0.06659953196417513, (3, 6): 0.06685406178971184, (3, 7): 0.06695716039577031, (3, 8): 0.06698476453551057, (3, 9): 0.06695716039577033, (3, 10): 0.06685406178971184, (3, 11): 0.06659953196417516, (3, 12): 0.06600550049287164, (3, 13): 0.06463206663942964, (3, 14): 0.061463386883127746, (3, 15): 0.05418076533567192, (3, 16): 0.03756454476369128, (4, 0): 0.03804176978771604, (4, 1): 0.05506529141119927, (4, 2): 0.06264641725571975, (4, 3): 0.06600550049287161, (4, 4): 0.06748719990741563, (4, 5): 0.06813773299600574, (4, 6): 0.06841992074575731, (4, 7): 0.06853528328094706, (4, 8): 0.06856633196936456, (4, 9): 0.06853528328094707, (4, 10): 0.06841992074575733, (4, 11): 0.06813773299600576, (4, 12): 0.06748719990741564, (4, 13): 0.06600550049287164, (4, 14): 0.06264641725571977, (4, 15): 0.05506529141119928, (4, 16): 0.03804176978771604, (5, 0): 0.03823840025534355, (5, 1): 0.05543446104075139, (5, 2): 0.06314893371946799, (5, 3): 0.06659953196417516, (5, 4): 0.06813773299600576, (5, 5): 0.06882016645811867, (5, 6): 0.06911898053549866, (5, 7): 0.06924205496684281, (5, 8): 0.06927532280051169, (5, 9): 0.0692420549668428, (5, 10): 0.06911898053549867, (5, 11): 0.0688201664581187, (5, 12): 0.06813773299600578, (5, 13): 0.06659953196417517, (5, 14): 0.06314893371946799, (5, 15): 0.0554344610407514, (5, 16): 0.038238400255343565, (6, 0): 0.03831972473781654, (6, 1): 0.05558852050544926, (6, 2): 0.0633613176642986, (6, 3): 0.0668540617897118, (6, 4): 0.06841992074575733, (6, 5): 0.06911898053549866, (6, 6): 0.06942696104874466, (6, 7): 0.06955447025256853, (6, 8): 0.06958904396453257, (6, 9): 0.06955447025256851, (6, 10): 0.06942696104874466, (6, 11): 0.06911898053549867, (6, 12): 0.06841992074575735, (6, 13): 0.06685406178971183, (6, 14): 0.06336131766429862, (6, 15): 0.05558852050544923, (6, 16): 0.03831972473781656, (7, 0): 0.03835186040915421, (7, 1): 0.05564977009696411, (7, 2): 0.06344650206019296, (7, 3): 0.06695716039577028, (7, 4): 0.06853528328094706, (7, 5): 0.0692420549668428, (7, 6): 0.06955447025256851, (7, 7): 0.06968419744900498, (7, 8): 0.06971943643747824, (7, 9): 0.069684197449005, (7, 10): 0.06955447025256851, (7, 11): 0.06924205496684283, (7, 12): 0.06853528328094709, (7, 13): 0.06695716039577033, (7, 14): 0.06344650206019298, (7, 15): 0.055649770096964105, (7, 16): 0.0383518604091542, (8, 0): 0.03836034997850442, (8, 1): 0.05566600370230472, (8, 2): 0.0634691868414173, (8, 3): 0.06698476453551053, (8, 4): 0.06856633196936453, (8, 5): 0.06927532280051167, (8, 6): 0.06958904396453257, (8, 7): 0.0697194364374783, (8, 8): 0.06975487706164361, (8, 9): 0.06971943643747829, (8, 10): 0.06958904396453258, (8, 11): 0.0692753228005117, (8, 12): 0.06856633196936457, (8, 13): 0.06698476453551055, (8, 14): 0.06346918684141728, (8, 15): 0.05566600370230472, (8, 16): 0.03836034997850444, (9, 0): 0.0383518604091542, (9, 1): 0.055649770096964105, (9, 2): 0.06344650206019294, (9, 3): 0.0669571603957703, (9, 4): 0.06853528328094707, (9, 5): 0.0692420549668428, (9, 6): 0.06955447025256853, (9, 7): 0.06968419744900502, (9, 8): 0.0697194364374783, (9, 9): 0.06968419744900502, (9, 10): 0.06955447025256851, (9, 11): 0.06924205496684281, (9, 12): 0.06853528328094706, (9, 13): 0.06695716039577032, (9, 14): 0.06344650206019296, (9, 15): 0.055649770096964105, (9, 16): 0.03835186040915422, (10, 0): 0.038319724737816536, (10, 1): 0.055588520505449227, (10, 2): 0.0633613176642986, (10, 3): 0.06685406178971183, (10, 4): 0.06841992074575734, (10, 5): 0.06911898053549864, (10, 6): 0.06942696104874468, (10, 7): 0.06955447025256853, (10, 8): 0.06958904396453255, (10, 9): 0.06955447025256853, (10, 10): 0.06942696104874467, (10, 11): 0.06911898053549866, (10, 12): 0.06841992074575733, (10, 13): 0.06685406178971182, (10, 14): 0.0633613176642986, (10, 15): 0.05558852050544923, (10, 16): 0.03831972473781656, (11, 0): 0.038238400255343544, (11, 1): 0.0554344610407514, (11, 2): 0.063148933719468, (11, 3): 0.06659953196417515, (11, 4): 0.06813773299600577, (11, 5): 0.06882016645811868, (11, 6): 0.06911898053549867, (11, 7): 0.06924205496684278, (11, 8): 0.06927532280051171, (11, 9): 0.0692420549668428, (11, 10): 0.06911898053549863, (11, 11): 0.06882016645811868, (11, 12): 0.06813773299600577, (11, 13): 0.06659953196417516, (11, 14): 0.063148933719468, (11, 15): 0.05543446104075141, (11, 16): 0.03823840025534356, (12, 0): 0.03804176978771604, (12, 1): 0.05506529141119927, (12, 2): 0.06264641725571976, (12, 3): 0.06600550049287163, (12, 4): 0.06748719990741565, (12, 5): 0.06813773299600576, (12, 6): 0.06841992074575733, (12, 7): 0.0685352832809471, (12, 8): 0.06856633196936456, (12, 9): 0.06853528328094709, (12, 10): 0.06841992074575733, (12, 11): 0.06813773299600578, (12, 12): 0.06748719990741564, (12, 13): 0.06600550049287165, (12, 14): 0.06264641725571979, (12, 15): 0.055065291411199264, (12, 16): 0.03804176978771603, (13, 0): 0.03756454476369128, (13, 1): 0.0541807653356719, (13, 2): 0.06146338688312773, (13, 3): 0.06463206663942964, (13, 4): 0.06600550049287164, (13, 5): 0.06659953196417517, (13, 6): 0.06685406178971184, (13, 7): 0.06695716039577033, (13, 8): 0.06698476453551058, (13, 9): 0.06695716039577033, (13, 10): 0.06685406178971183, (13, 11): 0.06659953196417516, (13, 12): 0.06600550049287161, (13, 13): 0.06463206663942964, (13, 14): 0.06146338688312773, (13, 15): 0.0541807653356719, (13, 16): 0.037564544763691275, (14, 0): 0.03638580244200757, (14, 1): 0.05203758358981503, (14, 2): 0.05866862215293938, (14, 3): 0.061463386883127746, (14, 4): 0.06264641725571977, (14, 5): 0.06314893371946798, (14, 6): 0.0633613176642986, (14, 7): 0.06344650206019298, (14, 8): 0.06346918684141732, (14, 9): 0.06344650206019298, (14, 10): 0.06336131766429863, (14, 11): 0.06314893371946802, (14, 12): 0.06264641725571977, (14, 13): 0.06146338688312773, (14, 14): 0.05866862215293938, (14, 15): 0.05203758358981502, (14, 16): 0.036385802442007564, (15, 0): 0.03338444745816262, (15, 1): 0.04675644820223189, (15, 2): 0.05203758358981505, (15, 3): 0.05418076533567191, (15, 4): 0.05506529141119927, (15, 5): 0.055434461040751386, (15, 6): 0.055588520505449206, (15, 7): 0.05564977009696412, (15, 8): 0.05566600370230474, (15, 9): 0.055649770096964105, (15, 10): 0.05558852050544923, (15, 11): 0.0554344610407514, (15, 12): 0.05506529141119926, (15, 13): 0.05418076533567192, (15, 14): 0.05203758358981504, (15, 15): 0.04675644820223187, (15, 16): 0.0333844474581626, (16, 0): 0.025345957818905994, (16, 1): 0.03338444745816261, (16, 2): 0.03638580244200758, (16, 3): 0.037564544763691275, (16, 4): 0.03804176978771603, (16, 5): 0.03823840025534355, (16, 6): 0.03831972473781653, (16, 7): 0.0383518604091542, (16, 8): 0.03836034997850442, (16, 9): 0.038351860409154205, (16, 10): 0.03831972473781655, (16, 11): 0.03823840025534354, (16, 12): 0.03804176978771604, (16, 13): 0.037564544763691275, (16, 14): 0.03638580244200757, (16, 15): 0.0333844474581626, (16, 16): 0.025345957818906}
;
