36 97 3
4 2 1
0 2 1
6
param Vertices :=
1 0.0
2 0.1
3 0.2
4 0.3
5 0.4
6 0.5
7 1.0
8 1.1
9 1.2
10 1.3
11 1.4
12 1.5
13 2.0
14 2.1
15 2.2
16 2.3
17 2.4
18 2.5
19 3.0
20 3.1
21 3.2
22 3.3
23 3.4
24 3.5
25 4.0
26 4.1
27 4.2
28 4.3
29 4.4
30 4.5
31 5.0
32 5.1
33 5.2
34 5.3
35 5.4
36 5.5
;
param Edges :=
1 2
1 8
2 3
3 9
3 4
3 10
3 8
4 10
4 5
4 11
4 9
5 11
5 6
5 12
6 12
6 11
7 13
7 8
7 14
8 14
8 9
8 15
8 13
9 15
9 10
9 16
9 14
10 16
10 11
10 17
10 15
11 17
11 12
11 18
11 16
12 18
12 17
13 19
13 14
13 20
14 20
14 15
14 21
15 21
15 16
15 22
16 22
16 23
17 23
17 18
17 22
18 24
18 23
19 25
19 20
19 26
20 26
20 21
20 27
20 25
21 27
21 22
21 26
22 28
22 23
22 29
22 27
23 29
23 24
23 30
23 28
24 30
24 29
25 31
25 26
25 32
26 32
26 27
26 33
26 31
27 33
27 34
27 32
28 34
28 29
28 35
28 33
29 35
29 30
29 36
29 34
30 36
30 35
32 33
33 34
34 35
35 36
;
param Grid_Label_Edges :=
0 0 0 1
0 0 1 1
0 1 0 2
0 2 1 2
0 2 0 3
0 2 1 3
0 2 1 1
0 3 1 3
0 3 0 4
0 3 1 4
0 3 1 2
0 4 1 4
0 4 0 5
0 4 1 5
0 5 1 5
0 5 1 4
1 0 2 0
1 0 1 1
1 0 2 1
1 1 2 1
1 1 1 2
1 1 2 2
1 1 2 0
1 2 2 2
1 2 1 3
1 2 2 3
1 2 2 1
1 3 2 3
1 3 1 4
1 3 2 4
1 3 2 2
1 4 2 4
1 4 1 5
1 4 2 5
1 4 2 3
1 5 2 5
1 5 2 4
2 0 3 0
2 0 2 1
2 0 3 1
2 1 3 1
2 1 2 2
2 1 3 2
2 2 3 2
2 2 2 3
2 2 3 3
2 3 3 3
2 3 3 4
2 4 3 4
2 4 2 5
2 4 3 3
2 5 3 5
2 5 3 4
3 0 4 0
3 0 3 1
3 0 4 1
3 1 4 1
3 1 3 2
3 1 4 2
3 1 4 0
3 2 4 2
3 2 3 3
3 2 4 1
3 3 4 3
3 3 3 4
3 3 4 4
3 3 4 2
3 4 4 4
3 4 3 5
3 4 4 5
3 4 4 3
3 5 4 5
3 5 4 4
4 0 5 0
4 0 4 1
4 0 5 1
4 1 5 1
4 1 4 2
4 1 5 2
4 1 5 0
4 2 5 2
4 2 5 3
4 2 5 1
4 3 5 3
4 3 4 4
4 3 5 4
4 3 5 2
4 4 5 4
4 4 4 5
4 4 5 5
4 4 5 3
4 5 5 5
4 5 5 4
5 1 5 2
5 2 5 3
5 3 5 4
5 4 5 5
;
param Centralities :=
degree centrality: {(0, 0): 0.05714285714285714, (0, 1): 0.05714285714285714, (0, 2): 0.14285714285714285, (0, 3): 0.14285714285714285, (0, 4): 0.11428571428571428, (0, 5): 0.08571428571428572, (1, 0): 0.08571428571428572, (1, 1): 0.19999999999999998, (1, 2): 0.19999999999999998, (1, 3): 0.19999999999999998, (1, 4): 0.22857142857142856, (1, 5): 0.14285714285714285, (2, 0): 0.14285714285714285, (2, 1): 0.19999999999999998, (2, 2): 0.19999999999999998, (2, 3): 0.17142857142857143, (2, 4): 0.17142857142857143, (2, 5): 0.14285714285714285, (3, 0): 0.11428571428571428, (3, 1): 0.19999999999999998, (3, 2): 0.17142857142857143, (3, 3): 0.22857142857142856, (3, 4): 0.22857142857142856, (3, 5): 0.11428571428571428, (4, 0): 0.14285714285714285, (4, 1): 0.22857142857142856, (4, 2): 0.19999999999999998, (4, 3): 0.17142857142857143, (4, 4): 0.22857142857142856, (4, 5): 0.14285714285714285, (5, 0): 0.05714285714285714, (5, 1): 0.11428571428571428, (5, 2): 0.14285714285714285, (5, 3): 0.14285714285714285, (5, 4): 0.14285714285714285, (5, 5): 0.08571428571428572}
eigenvector centrality: {(0, 0): 0.03288888026523398, (0, 1): 0.02689144055938845, (0, 2): 0.13128542056091255, (0, 3): 0.1435162313981466, (0, 4): 0.08618510268556091, (0, 5): 0.06598607732344394, (1, 0): 0.0822718642615323, (1, 1): 0.17389666094628561, (1, 2): 0.22695229765838054, (1, 3): 0.23025110274400795, (1, 4): 0.2015066856278942, (1, 5): 0.11516177564446856, (2, 0): 0.12135957882557162, (2, 1): 0.20701475597038005, (2, 2): 0.2598734909379883, (2, 3): 0.23972121497777787, (2, 4): 0.20284758859462937, (2, 5): 0.146551010345713, (3, 0): 0.09472481986393078, (3, 1): 0.1829914437781114, (3, 2): 0.21648412886603177, (3, 3): 0.2922211056757527, (3, 4): 0.25271181338907833, (3, 5): 0.12248133017671768, (4, 0): 0.09803823945440145, (4, 1): 0.17590107126831517, (4, 2): 0.20363540583353396, (4, 3): 0.19050689417473854, (4, 4): 0.21824484885550638, (4, 5): 0.1302511190444139, (5, 0): 0.044871801581730944, (5, 1): 0.10002848609513092, (5, 2): 0.13309494768731261, (5, 3): 0.14247144644106619, (5, 4): 0.1243099347379609, (5, 5): 0.07744483213716999}
closeness centrality: {(0, 0): 0.2777777777777778, (0, 1): 0.25547445255474455, (0, 2): 0.3333333333333333, (0, 3): 0.3333333333333333, (0, 4): 0.29411764705882354, (0, 5): 0.26717557251908397, (1, 0): 0.3017241379310345, (1, 1): 0.3723404255319149, (1, 2): 0.4069767441860465, (1, 3): 0.39325842696629215, (1, 4): 0.35353535353535354, (1, 5): 0.3153153153153153, (2, 0): 0.330188679245283, (2, 1): 0.3977272727272727, (2, 2): 0.44871794871794873, (2, 3): 0.43209876543209874, (2, 4): 0.4069767441860465, (2, 5): 0.33653846153846156, (3, 0): 0.30701754385964913, (3, 1): 0.3804347826086957, (3, 2): 0.4375, (3, 3): 0.47297297297297297, (3, 4): 0.4117647058823529, (3, 5): 0.32407407407407407, (4, 0): 0.2966101694915254, (4, 1): 0.35714285714285715, (4, 2): 0.4069767441860465, (4, 3): 0.38461538461538464, (4, 4): 0.3723404255319149, (4, 5): 0.3125, (5, 0): 0.26717557251908397, (5, 1): 0.30973451327433627, (5, 2): 0.3333333333333333, (5, 3): 0.3333333333333333, (5, 4): 0.30434782608695654, (5, 5): 0.2777777777777778}
betweenness centrality: {(0, 0): 0.010026739588144587, (0, 1): 0.004202779150876038, (0, 2): 0.06345273753477887, (0, 3): 0.041920378162871696, (0, 4): 0.007656880268541813, (0, 5): 0.0, (1, 0): 0.0, (1, 1): 0.11627242231968231, (1, 2): 0.08729452835562572, (1, 3): 0.07584245845520718, (1, 4): 0.091569913861695, (1, 5): 0.02170811399926576, (2, 0): 0.03996969477889277, (2, 1): 0.0945312584578278, (2, 2): 0.1267821840404072, (2, 3): 0.09440214690835984, (2, 4): 0.09378595141228484, (2, 5): 0.03397228795607962, (3, 0): 0.011761961258003861, (3, 1): 0.08602575066836964, (3, 2): 0.10046456296036575, (3, 3): 0.23779476655719076, (3, 4): 0.12000182794982346, (3, 5): 0.011094891016659105, (4, 0): 0.012389049636948797, (4, 1): 0.09649838463916277, (4, 2): 0.11942096549297444, (4, 3): 0.056672492017965925, (4, 4): 0.09174532259244993, (4, 5): 0.01465089486512685, (5, 0): 0.0, (5, 1): 0.008399480709962798, (5, 2): 0.037284044882973, (5, 3): 0.03744323192771303, (5, 4): 0.012104754716626092, (5, 5): 0.0}
katz centrality: {(0, 0): 0.09681360808835553, (0, 1): 0.09415641606623236, (0, 2): 0.1520565697560595, (0, 3): 0.156928221110073, (0, 4): 0.13123493293173707, (0, 5): 0.11696873101263955, (1, 0): 0.12188112958226152, (1, 1): 0.18128568199941458, (1, 2): 0.19745043688037647, (1, 3): 0.19805095868659012, (1, 4): 0.1977953300280586, (1, 5): 0.14796306434869144, (2, 0): 0.15164788111183933, (2, 1): 0.19318374989345294, (2, 2): 0.2071294618638917, (2, 3): 0.19317574267637488, (2, 4): 0.1832798417331585, (2, 5): 0.15765782496341266, (3, 0): 0.1374702157670518, (3, 1): 0.18996405105830355, (3, 2): 0.18978487362053395, (3, 3): 0.22566919206426556, (3, 4): 0.21296806442265825, (3, 5): 0.14187796628365118, (4, 0): 0.1456515088647322, (4, 1): 0.1947447338177344, (4, 2): 0.19446356468978254, (4, 3): 0.17986630305527984, (4, 4): 0.20333008576306738, (4, 5): 0.1521297048694646, (5, 0): 0.10330902255003752, (5, 1): 0.13833308263628652, (5, 2): 0.15577703617270766, (5, 3): 0.15766869471008516, (5, 4): 0.150555974602106, (5, 5): 0.11987097480525466}
;
