169 548 3
4 2 1
0 2 1
13
param Vertices :=
1 0.0
2 0.1
3 0.2
4 0.3
5 0.4
6 0.5
7 0.6
8 0.7
9 0.8
10 0.9
11 0.10
12 0.11
13 0.12
14 1.0
15 1.1
16 1.2
17 1.3
18 1.4
19 1.5
20 1.6
21 1.7
22 1.8
23 1.9
24 1.10
25 1.11
26 1.12
27 2.0
28 2.1
29 2.2
30 2.3
31 2.4
32 2.5
33 2.6
34 2.7
35 2.8
36 2.9
37 2.10
38 2.11
39 2.12
40 3.0
41 3.1
42 3.2
43 3.3
44 3.4
45 3.5
46 3.6
47 3.7
48 3.8
49 3.9
50 3.10
51 3.11
52 3.12
53 4.0
54 4.1
55 4.2
56 4.3
57 4.4
58 4.5
59 4.6
60 4.7
61 4.8
62 4.9
63 4.10
64 4.11
65 4.12
66 5.0
67 5.1
68 5.2
69 5.3
70 5.4
71 5.5
72 5.6
73 5.7
74 5.8
75 5.9
76 5.10
77 5.11
78 5.12
79 6.0
80 6.1
81 6.2
82 6.3
83 6.4
84 6.5
85 6.6
86 6.7
87 6.8
88 6.9
89 6.10
90 6.11
91 6.12
92 7.0
93 7.1
94 7.2
95 7.3
96 7.4
97 7.5
98 7.6
99 7.7
100 7.8
101 7.9
102 7.10
103 7.11
104 7.12
105 8.0
106 8.1
107 8.2
108 8.3
109 8.4
110 8.5
111 8.6
112 8.7
113 8.8
114 8.9
115 8.10
116 8.11
117 8.12
118 9.0
119 9.1
120 9.2
121 9.3
122 9.4
123 9.5
124 9.6
125 9.7
126 9.8
127 9.9
128 9.10
129 9.11
130 9.12
131 10.0
132 10.1
133 10.2
134 10.3
135 10.4
136 10.5
137 10.6
138 10.7
139 10.8
140 10.9
141 10.10
142 10.11
143 10.12
144 11.0
145 11.1
146 11.2
147 11.3
148 11.4
149 11.5
150 11.6
151 11.7
152 11.8
153 11.9
154 11.10
155 11.11
156 11.12
157 12.0
158 12.1
159 12.2
160 12.3
161 12.4
162 12.5
163 12.6
164 12.7
165 12.8
166 12.9
167 12.10
168 12.11
169 12.12
;
param Edges :=
1 14
1 2
1 15
2 15
2 3
2 16
3 16
3 4
3 17
3 15
4 17
4 5
4 18
4 16
5 18
5 6
5 19
5 17
6 19
6 20
6 18
7 20
7 8
7 21
7 19
8 21
8 9
8 22
8 20
9 22
9 10
9 23
9 21
10 11
10 24
10 22
11 24
11 12
11 23
12 25
12 13
12 26
12 24
13 26
14 15
14 28
15 28
15 16
15 29
15 27
16 29
16 17
16 30
16 28
17 30
17 18
17 31
17 29
18 31
18 19
19 32
19 20
19 33
19 31
20 33
20 21
20 34
20 32
21 22
21 35
21 33
22 35
22 23
22 36
23 36
23 24
23 37
23 35
24 37
24 25
24 38
24 36
25 38
25 26
25 39
25 37
26 39
26 38
27 40
27 28
27 41
28 41
28 29
28 42
28 40
29 42
29 30
29 41
30 43
30 31
30 44
31 44
31 32
31 45
31 43
32 45
32 33
32 46
32 44
33 34
33 47
34 47
34 35
34 48
34 46
35 48
35 36
35 49
35 47
36 49
36 37
36 50
37 50
37 38
37 51
37 49
38 51
38 39
38 52
38 50
39 52
39 51
40 53
40 41
40 54
41 54
41 42
41 55
41 53
42 55
42 43
42 56
42 54
43 56
43 44
43 57
43 55
44 57
44 58
44 56
45 58
45 46
45 59
45 57
46 47
46 60
46 58
47 60
47 61
47 59
48 61
48 49
48 60
49 62
49 50
49 63
49 61
50 63
50 51
50 64
50 62
51 64
51 52
51 65
51 63
52 65
52 64
53 66
53 67
54 67
54 55
54 68
54 66
55 68
55 56
55 69
56 69
56 57
56 70
56 68
57 70
57 58
57 71
57 69
58 71
58 59
58 70
59 72
59 73
59 71
60 73
60 61
60 72
61 74
61 62
61 75
61 73
62 75
62 63
62 76
62 74
63 76
63 64
63 77
63 75
64 77
64 65
64 78
64 76
65 77
66 79
66 67
66 80
67 80
67 68
67 79
68 81
68 82
68 80
69 82
69 70
69 83
69 81
70 83
70 71
70 84
70 82
71 84
71 72
71 85
71 83
72 85
72 73
72 86
72 84
73 86
73 74
73 87
73 85
74 87
74 75
74 88
74 86
75 88
75 76
75 89
75 87
76 89
76 77
76 90
76 88
77 90
77 78
77 89
78 90
79 92
79 80
79 93
80 93
80 81
80 94
80 92
81 94
81 82
81 95
81 93
82 83
82 96
82 94
83 96
83 97
84 97
84 85
84 98
84 96
85 98
85 86
85 99
85 97
86 99
86 87
86 98
87 100
87 88
87 101
87 99
88 101
88 89
88 102
88 100
89 102
89 90
89 103
89 101
90 103
90 91
90 104
90 102
91 104
91 103
92 105
92 93
93 106
93 94
93 107
93 105
94 107
94 95
94 108
94 106
95 108
95 96
95 109
95 107
96 109
96 97
96 110
96 108
97 110
97 98
97 111
97 109
98 111
98 99
98 112
98 110
99 112
99 100
99 111
100 113
100 101
100 114
100 112
101 114
101 102
101 115
101 113
102 115
102 103
102 116
103 116
103 104
103 115
104 117
104 116
105 118
105 106
105 119
106 119
106 107
106 120
106 118
107 120
107 108
107 121
107 119
108 121
108 109
108 122
108 120
109 122
109 110
109 123
109 121
110 123
110 111
110 124
110 122
111 124
111 112
111 125
111 123
112 125
112 113
112 126
113 126
113 114
113 127
113 125
114 115
114 128
114 126
115 128
115 116
115 129
115 127
116 129
116 117
116 128
117 130
117 129
118 131
118 119
118 132
119 132
119 120
119 133
119 131
120 133
120 121
120 134
120 132
121 134
121 122
121 135
122 123
122 136
122 134
123 136
123 124
123 137
123 135
124 137
124 125
124 138
124 136
125 138
125 126
125 139
125 137
126 139
126 127
126 140
126 138
127 140
127 128
127 141
127 139
128 141
128 129
128 142
128 140
129 142
129 130
129 143
130 143
130 142
131 132
131 145
132 145
132 133
132 146
132 144
133 146
133 134
133 147
133 145
134 147
134 148
135 148
135 136
135 149
135 147
136 149
136 137
136 150
136 148
137 150
137 138
137 151
137 149
138 139
138 152
138 150
139 152
139 140
139 151
140 153
140 141
140 154
140 152
141 154
141 155
141 153
142 155
142 143
142 156
143 156
143 155
144 157
144 145
144 158
145 158
145 146
145 159
145 157
146 159
146 147
146 160
147 160
147 148
147 161
147 159
148 161
148 149
148 162
148 160
149 162
149 150
149 163
149 161
150 163
150 151
150 164
150 162
151 164
151 152
151 165
151 163
152 165
152 153
152 166
152 164
153 166
153 154
153 167
153 165
154 167
154 155
154 168
154 166
155 168
155 156
155 169
155 167
156 169
156 168
158 159
159 160
160 161
161 162
162 163
163 164
164 165
165 166
166 167
167 168
168 169
;
param Grid_Label_Edges :=
0 0 1 0
0 0 0 1
0 0 1 1
0 1 1 1
0 1 0 2
0 1 1 2
0 2 1 2
0 2 0 3
0 2 1 3
0 2 1 1
0 3 1 3
0 3 0 4
0 3 1 4
0 3 1 2
0 4 1 4
0 4 0 5
0 4 1 5
0 4 1 3
0 5 1 5
0 5 1 6
0 5 1 4
0 6 1 6
0 6 0 7
0 6 1 7
0 6 1 5
0 7 1 7
0 7 0 8
0 7 1 8
0 7 1 6
0 8 1 8
0 8 0 9
0 8 1 9
0 8 1 7
0 9 0 10
0 9 1 10
0 9 1 8
0 10 1 10
0 10 0 11
0 10 1 9
0 11 1 11
0 11 0 12
0 11 1 12
0 11 1 10
0 12 1 12
1 0 1 1
1 0 2 1
1 1 2 1
1 1 1 2
1 1 2 2
1 1 2 0
1 2 2 2
1 2 1 3
1 2 2 3
1 2 2 1
1 3 2 3
1 3 1 4
1 3 2 4
1 3 2 2
1 4 2 4
1 4 1 5
1 5 2 5
1 5 1 6
1 5 2 6
1 5 2 4
1 6 2 6
1 6 1 7
1 6 2 7
1 6 2 5
1 7 1 8
1 7 2 8
1 7 2 6
1 8 2 8
1 8 1 9
1 8 2 9
1 9 2 9
1 9 1 10
1 9 2 10
1 9 2 8
1 10 2 10
1 10 1 11
1 10 2 11
1 10 2 9
1 11 2 11
1 11 1 12
1 11 2 12
1 11 2 10
1 12 2 12
1 12 2 11
2 0 3 0
2 0 2 1
2 0 3 1
2 1 3 1
2 1 2 2
2 1 3 2
2 1 3 0
2 2 3 2
2 2 2 3
2 2 3 1
2 3 3 3
2 3 2 4
2 3 3 4
2 4 3 4
2 4 2 5
2 4 3 5
2 4 3 3
2 5 3 5
2 5 2 6
2 5 3 6
2 5 3 4
2 6 2 7
2 6 3 7
2 7 3 7
2 7 2 8
2 7 3 8
2 7 3 6
2 8 3 8
2 8 2 9
2 8 3 9
2 8 3 7
2 9 3 9
2 9 2 10
2 9 3 10
2 10 3 10
2 10 2 11
2 10 3 11
2 10 3 9
2 11 3 11
2 11 2 12
2 11 3 12
2 11 3 10
2 12 3 12
2 12 3 11
3 0 4 0
3 0 3 1
3 0 4 1
3 1 4 1
3 1 3 2
3 1 4 2
3 1 4 0
3 2 4 2
3 2 3 3
3 2 4 3
3 2 4 1
3 3 4 3
3 3 3 4
3 3 4 4
3 3 4 2
3 4 4 4
3 4 4 5
3 4 4 3
3 5 4 5
3 5 3 6
3 5 4 6
3 5 4 4
3 6 3 7
3 6 4 7
3 6 4 5
3 7 4 7
3 7 4 8
3 7 4 6
3 8 4 8
3 8 3 9
3 8 4 7
3 9 4 9
3 9 3 10
3 9 4 10
3 9 4 8
3 10 4 10
3 10 3 11
3 10 4 11
3 10 4 9
3 11 4 11
3 11 3 12
3 11 4 12
3 11 4 10
3 12 4 12
3 12 4 11
4 0 5 0
4 0 5 1
4 1 5 1
4 1 4 2
4 1 5 2
4 1 5 0
4 2 5 2
4 2 4 3
4 2 5 3
4 3 5 3
4 3 4 4
4 3 5 4
4 3 5 2
4 4 5 4
4 4 4 5
4 4 5 5
4 4 5 3
4 5 5 5
4 5 4 6
4 5 5 4
4 6 5 6
4 6 5 7
4 6 5 5
4 7 5 7
4 7 4 8
4 7 5 6
4 8 5 8
4 8 4 9
4 8 5 9
4 8 5 7
4 9 5 9
4 9 4 10
4 9 5 10
4 9 5 8
4 10 5 10
4 10 4 11
4 10 5 11
4 10 5 9
4 11 5 11
4 11 4 12
4 11 5 12
4 11 5 10
4 12 5 11
5 0 6 0
5 0 5 1
5 0 6 1
5 1 6 1
5 1 5 2
5 1 6 0
5 2 6 2
5 2 6 3
5 2 6 1
5 3 6 3
5 3 5 4
5 3 6 4
5 3 6 2
5 4 6 4
5 4 5 5
5 4 6 5
5 4 6 3
5 5 6 5
5 5 5 6
5 5 6 6
5 5 6 4
5 6 6 6
5 6 5 7
5 6 6 7
5 6 6 5
5 7 6 7
5 7 5 8
5 7 6 8
5 7 6 6
5 8 6 8
5 8 5 9
5 8 6 9
5 8 6 7
5 9 6 9
5 9 5 10
5 9 6 10
5 9 6 8
5 10 6 10
5 10 5 11
5 10 6 11
5 10 6 9
5 11 6 11
5 11 5 12
5 11 6 10
5 12 6 11
6 0 7 0
6 0 6 1
6 0 7 1
6 1 7 1
6 1 6 2
6 1 7 2
6 1 7 0
6 2 7 2
6 2 6 3
6 2 7 3
6 2 7 1
6 3 6 4
6 3 7 4
6 3 7 2
6 4 7 4
6 4 7 5
6 5 7 5
6 5 6 6
6 5 7 6
6 5 7 4
6 6 7 6
6 6 6 7
6 6 7 7
6 6 7 5
6 7 7 7
6 7 6 8
6 7 7 6
6 8 7 8
6 8 6 9
6 8 7 9
6 8 7 7
6 9 7 9
6 9 6 10
6 9 7 10
6 9 7 8
6 10 7 10
6 10 6 11
6 10 7 11
6 10 7 9
6 11 7 11
6 11 6 12
6 11 7 12
6 11 7 10
6 12 7 12
6 12 7 11
7 0 8 0
7 0 7 1
7 1 8 1
7 1 7 2
7 1 8 2
7 1 8 0
7 2 8 2
7 2 7 3
7 2 8 3
7 2 8 1
7 3 8 3
7 3 7 4
7 3 8 4
7 3 8 2
7 4 8 4
7 4 7 5
7 4 8 5
7 4 8 3
7 5 8 5
7 5 7 6
7 5 8 6
7 5 8 4
7 6 8 6
7 6 7 7
7 6 8 7
7 6 8 5
7 7 8 7
7 7 7 8
7 7 8 6
7 8 8 8
7 8 7 9
7 8 8 9
7 8 8 7
7 9 8 9
7 9 7 10
7 9 8 10
7 9 8 8
7 10 8 10
7 10 7 11
7 10 8 11
7 11 8 11
7 11 7 12
7 11 8 10
7 12 8 12
7 12 8 11
8 0 9 0
8 0 8 1
8 0 9 1
8 1 9 1
8 1 8 2
8 1 9 2
8 1 9 0
8 2 9 2
8 2 8 3
8 2 9 3
8 2 9 1
8 3 9 3
8 3 8 4
8 3 9 4
8 3 9 2
8 4 9 4
8 4 8 5
8 4 9 5
8 4 9 3
8 5 9 5
8 5 8 6
8 5 9 6
8 5 9 4
8 6 9 6
8 6 8 7
8 6 9 7
8 6 9 5
8 7 9 7
8 7 8 8
8 7 9 8
8 8 9 8
8 8 8 9
8 8 9 9
8 8 9 7
8 9 8 10
8 9 9 10
8 9 9 8
8 10 9 10
8 10 8 11
8 10 9 11
8 10 9 9
8 11 9 11
8 11 8 12
8 11 9 10
8 12 9 12
8 12 9 11
9 0 10 0
9 0 9 1
9 0 10 1
9 1 10 1
9 1 9 2
9 1 10 2
9 1 10 0
9 2 10 2
9 2 9 3
9 2 10 3
9 2 10 1
9 3 10 3
9 3 9 4
9 3 10 4
9 4 9 5
9 4 10 5
9 4 10 3
9 5 10 5
9 5 9 6
9 5 10 6
9 5 10 4
9 6 10 6
9 6 9 7
9 6 10 7
9 6 10 5
9 7 10 7
9 7 9 8
9 7 10 8
9 7 10 6
9 8 10 8
9 8 9 9
9 8 10 9
9 8 10 7
9 9 10 9
9 9 9 10
9 9 10 10
9 9 10 8
9 10 10 10
9 10 9 11
9 10 10 11
9 10 10 9
9 11 10 11
9 11 9 12
9 11 10 12
9 12 10 12
9 12 10 11
10 0 10 1
10 0 11 1
10 1 11 1
10 1 10 2
10 1 11 2
10 1 11 0
10 2 11 2
10 2 10 3
10 2 11 3
10 2 11 1
10 3 11 3
10 3 11 4
10 4 11 4
10 4 10 5
10 4 11 5
10 4 11 3
10 5 11 5
10 5 10 6
10 5 11 6
10 5 11 4
10 6 11 6
10 6 10 7
10 6 11 7
10 6 11 5
10 7 10 8
10 7 11 8
10 7 11 6
10 8 11 8
10 8 10 9
10 8 11 7
10 9 11 9
10 9 10 10
10 9 11 10
10 9 11 8
10 10 11 10
10 10 11 11
10 10 11 9
10 11 11 11
10 11 10 12
10 11 11 12
10 12 11 12
10 12 11 11
11 0 12 0
11 0 11 1
11 0 12 1
11 1 12 1
11 1 11 2
11 1 12 2
11 1 12 0
11 2 12 2
11 2 11 3
11 2 12 3
11 3 12 3
11 3 11 4
11 3 12 4
11 3 12 2
11 4 12 4
11 4 11 5
11 4 12 5
11 4 12 3
11 5 12 5
11 5 11 6
11 5 12 6
11 5 12 4
11 6 12 6
11 6 11 7
11 6 12 7
11 6 12 5
11 7 12 7
11 7 11 8
11 7 12 8
11 7 12 6
11 8 12 8
11 8 11 9
11 8 12 9
11 8 12 7
11 9 12 9
11 9 11 10
11 9 12 10
11 9 12 8
11 10 12 10
11 10 11 11
11 10 12 11
11 10 12 9
11 11 12 11
11 11 11 12
11 11 12 12
11 11 12 10
11 12 12 12
11 12 12 11
12 1 12 2
12 2 12 3
12 3 12 4
12 4 12 5
12 5 12 6
12 6 12 7
12 7 12 8
12 8 12 9
12 9 12 10
12 10 12 11
12 11 12 12
;
param Centralities :=
degree centrality: {(0, 0): 0.017857142857142856, (0, 1): 0.023809523809523808, (0, 2): 0.02976190476190476, (0, 3): 0.02976190476190476, (0, 4): 0.02976190476190476, (0, 5): 0.023809523809523808, (0, 6): 0.023809523809523808, (0, 7): 0.02976190476190476, (0, 8): 0.02976190476190476, (0, 9): 0.023809523809523808, (0, 10): 0.023809523809523808, (0, 11): 0.02976190476190476, (0, 12): 0.011904761904761904, (1, 0): 0.017857142857142856, (1, 1): 0.047619047619047616, (1, 2): 0.047619047619047616, (1, 3): 0.047619047619047616, (1, 4): 0.03571428571428571, (1, 5): 0.047619047619047616, (1, 6): 0.047619047619047616, (1, 7): 0.041666666666666664, (1, 8): 0.041666666666666664, (1, 9): 0.041666666666666664, (1, 10): 0.047619047619047616, (1, 11): 0.03571428571428571, (1, 12): 0.02976190476190476, (2, 0): 0.023809523809523808, (2, 1): 0.047619047619047616, (2, 2): 0.041666666666666664, (2, 3): 0.03571428571428571, (2, 4): 0.047619047619047616, (2, 5): 0.041666666666666664, (2, 6): 0.03571428571428571, (2, 7): 0.03571428571428571, (2, 8): 0.047619047619047616, (2, 9): 0.041666666666666664, (2, 10): 0.047619047619047616, (2, 11): 0.047619047619047616, (2, 12): 0.02976190476190476, (3, 0): 0.02976190476190476, (3, 1): 0.047619047619047616, (3, 2): 0.041666666666666664, (3, 3): 0.041666666666666664, (3, 4): 0.041666666666666664, (3, 5): 0.03571428571428571, (3, 6): 0.03571428571428571, (3, 7): 0.041666666666666664, (3, 8): 0.02976190476190476, (3, 9): 0.047619047619047616, (3, 10): 0.047619047619047616, (3, 11): 0.047619047619047616, (3, 12): 0.02976190476190476, (4, 0): 0.023809523809523808, (4, 1): 0.041666666666666664, (4, 2): 0.041666666666666664, (4, 3): 0.047619047619047616, (4, 4): 0.047619047619047616, (4, 5): 0.041666666666666664, (4, 6): 0.03571428571428571, (4, 7): 0.03571428571428571, (4, 8): 0.047619047619047616, (4, 9): 0.041666666666666664, (4, 10): 0.047619047619047616, (4, 11): 0.047619047619047616, (4, 12): 0.023809523809523808, (5, 0): 0.02976190476190476, (5, 1): 0.03571428571428571, (5, 2): 0.041666666666666664, (5, 3): 0.041666666666666664, (5, 4): 0.047619047619047616, (5, 5): 0.047619047619047616, (5, 6): 0.041666666666666664, (5, 7): 0.047619047619047616, (5, 8): 0.041666666666666664, (5, 9): 0.047619047619047616, (5, 10): 0.047619047619047616, (5, 11): 0.041666666666666664, (5, 12): 0.017857142857142856, (6, 0): 0.02976190476190476, (6, 1): 0.047619047619047616, (6, 2): 0.041666666666666664, (6, 3): 0.041666666666666664, (6, 4): 0.03571428571428571, (6, 5): 0.041666666666666664, (6, 6): 0.047619047619047616, (6, 7): 0.041666666666666664, (6, 8): 0.047619047619047616, (6, 9): 0.047619047619047616, (6, 10): 0.047619047619047616, (6, 11): 0.047619047619047616, (6, 12): 0.017857142857142856, (7, 0): 0.023809523809523808, (7, 1): 0.047619047619047616, (7, 2): 0.047619047619047616, (7, 3): 0.03571428571428571, (7, 4): 0.047619047619047616, (7, 5): 0.047619047619047616, (7, 6): 0.047619047619047616, (7, 7): 0.041666666666666664, (7, 8): 0.041666666666666664, (7, 9): 0.047619047619047616, (7, 10): 0.041666666666666664, (7, 11): 0.041666666666666664, (7, 12): 0.02976190476190476, (8, 0): 0.02976190476190476, (8, 1): 0.041666666666666664, (8, 2): 0.047619047619047616, (8, 3): 0.047619047619047616, (8, 4): 0.047619047619047616, (8, 5): 0.047619047619047616, (8, 6): 0.047619047619047616, (8, 7): 0.041666666666666664, (8, 8): 0.041666666666666664, (8, 9): 0.03571428571428571, (8, 10): 0.047619047619047616, (8, 11): 0.041666666666666664, (8, 12): 0.023809523809523808, (9, 0): 0.02976190476190476, (9, 1): 0.047619047619047616, (9, 2): 0.047619047619047616, (9, 3): 0.041666666666666664, (9, 4): 0.041666666666666664, (9, 5): 0.047619047619047616, (9, 6): 0.041666666666666664, (9, 7): 0.047619047619047616, (9, 8): 0.047619047619047616, (9, 9): 0.041666666666666664, (9, 10): 0.047619047619047616, (9, 11): 0.041666666666666664, (9, 12): 0.023809523809523808, (10, 0): 0.023809523809523808, (10, 1): 0.047619047619047616, (10, 2): 0.041666666666666664, (10, 3): 0.03571428571428571, (10, 4): 0.03571428571428571, (10, 5): 0.047619047619047616, (10, 6): 0.047619047619047616, (10, 7): 0.041666666666666664, (10, 8): 0.041666666666666664, (10, 9): 0.047619047619047616, (10, 10): 0.03571428571428571, (10, 11): 0.03571428571428571, (10, 12): 0.02976190476190476, (11, 0): 0.023809523809523808, (11, 1): 0.047619047619047616, (11, 2): 0.03571428571428571, (11, 3): 0.047619047619047616, (11, 4): 0.047619047619047616, (11, 5): 0.047619047619047616, (11, 6): 0.047619047619047616, (11, 7): 0.041666666666666664, (11, 8): 0.047619047619047616, (11, 9): 0.041666666666666664, (11, 10): 0.041666666666666664, (11, 11): 0.047619047619047616, (11, 12): 0.02976190476190476, (12, 0): 0.011904761904761904, (12, 1): 0.017857142857142856, (12, 2): 0.02976190476190476, (12, 3): 0.02976190476190476, (12, 4): 0.02976190476190476, (12, 5): 0.02976190476190476, (12, 6): 0.02976190476190476, (12, 7): 0.02976190476190476, (12, 8): 0.02976190476190476, (12, 9): 0.02976190476190476, (12, 10): 0.02976190476190476, (12, 11): 0.02976190476190476, (12, 12): 0.017857142857142856}
eigenvector centrality: {(0, 0): 0.00391780487235586, (0, 1): 0.0070783707008167124, (0, 2): 0.011012803056994003, (0, 3): 0.012086113455034112, (0, 4): 0.01298847157647996, (0, 5): 0.01199288118066992, (0, 6): 0.013594299045298004, (0, 7): 0.016181394705982847, (0, 8): 0.017503658154135883, (0, 9): 0.014246265950967169, (0, 10): 0.014818258848125042, (0, 11): 0.014813689743011726, (0, 12): 0.004559952390460376, (1, 0): 0.005865119175049336, (1, 1): 0.015169665771962288, (1, 2): 0.02069226322266178, (1, 3): 0.023998566142400233, (1, 4): 0.018034557828540198, (1, 5): 0.027089444184009857, (1, 6): 0.027944795572376564, (1, 7): 0.02633235222502428, (1, 8): 0.030736366327566364, (1, 9): 0.038102623447314805, (1, 10): 0.03916672759374244, (1, 11): 0.029845034520129238, (1, 12): 0.01790642972500504, (2, 0): 0.011680814778444917, (2, 1): 0.022999287611853922, (2, 2): 0.025607518556985627, (2, 3): 0.030530477147376334, (2, 4): 0.04125574613239875, (2, 5): 0.03863607314619111, (2, 6): 0.02993954054497998, (2, 7): 0.03675718907813634, (2, 8): 0.05305131989627231, (2, 9): 0.05513438037773763, (2, 10): 0.06299835120420229, (2, 11): 0.05108539837009848, (2, 12): 0.028184723093994415, (3, 0): 0.015658961709528595, (3, 1): 0.029991448160973974, (3, 2): 0.04037276327436905, (3, 3): 0.05245374953016889, (3, 4): 0.05507306294829041, (3, 5): 0.050227144046279454, (3, 6): 0.045714251962362305, (3, 7): 0.05807776925327378, (3, 8): 0.049031541999260846, (3, 9): 0.08650617864412183, (3, 10): 0.08506197306479753, (3, 11): 0.06714964884111209, (3, 12): 0.03625565288237858, (4, 0): 0.013509650710247149, (4, 1): 0.03418525885184437, (4, 2): 0.051200128311003325, (4, 3): 0.0732722271979517, (4, 4): 0.08469662389644748, (4, 5): 0.07435147618312991, (4, 6): 0.07576810079723291, (4, 7): 0.06998683804450818, (4, 8): 0.10553539598982384, (4, 9): 0.1054097487649553, (4, 10): 0.10451830428344273, (4, 11): 0.07757362509887751, (4, 12): 0.036163704929716975, (5, 0): 0.02217364484758855, (5, 1): 0.029120036094174104, (5, 2): 0.0567934206839827, (5, 3): 0.08033832867032528, (5, 4): 0.10486648906880998, (5, 5): 0.11719196438158842, (5, 6): 0.11418958269571955, (5, 7): 0.12966417286965184, (5, 8): 0.1249990331371143, (5, 9): 0.13362289020014695, (5, 10): 0.11614878075160409, (5, 11): 0.07851969055741882, (5, 12): 0.032826032585232354, (6, 0): 0.02746547553835131, (6, 1): 0.05483720342455424, (6, 2): 0.07451622573709009, (6, 3): 0.09041640791404608, (6, 4): 0.09753546750401575, (6, 5): 0.13471280793150198, (6, 6): 0.15484010942803045, (6, 7): 0.13724938562901887, (6, 8): 0.1478839105827052, (6, 9): 0.13760498828297418, (6, 10): 0.11674845701070305, (6, 11): 0.07945708169647797, (6, 12): 0.025759419863807375, (7, 0): 0.025428018456385166, (7, 1): 0.06553411164821675, (7, 2): 0.09248210161527992, (7, 3): 0.0943280186852999, (7, 4): 0.14229524464755455, (7, 5): 0.16480367313149008, (7, 6): 0.16850697786347077, (7, 7): 0.1448045493413762, (7, 8): 0.12543042963821874, (7, 9): 0.12781906874974117, (7, 10): 0.09477661692775809, (7, 11): 0.06981393346856647, (7, 12): 0.0355733326197984, (8, 0): 0.034635994024937916, (8, 1): 0.06502656406006191, (8, 2): 0.09588504320713133, (8, 3): 0.12311279911979008, (8, 4): 0.14861144140008672, (8, 5): 0.16759316206248515, (8, 6): 0.1685362366306471, (8, 7): 0.13666242902582257, (8, 8): 0.11492850815756973, (8, 9): 0.09037395834665629, (8, 10): 0.08946648440957079, (8, 11): 0.05919110223794002, (8, 12): 0.021046199535340482, (9, 0): 0.0319496476493273, (9, 1): 0.06061268123202274, (9, 2): 0.08553675023855548, (9, 3): 0.10144577265617542, (9, 4): 0.12288139888077834, (9, 5): 0.14998346990584094, (9, 6): 0.137036155066953, (9, 7): 0.14002849646741247, (9, 8): 0.11845229799862522, (9, 9): 0.08595640720668478, (9, 10): 0.07242092665656372, (9, 11): 0.04165036072247227, (9, 12): 0.014610129725265871, (10, 0): 0.023242004082293273, (10, 1): 0.04575704744882247, (10, 2): 0.052930173472938324, (10, 3): 0.0690502352523268, (10, 4): 0.08290597161645612, (10, 5): 0.12200925532031935, (10, 6): 0.1267178705028362, (10, 7): 0.10851128337914036, (10, 8): 0.09400452036889331, (10, 9): 0.07954954318260025, (10, 10): 0.048000277724283384, (10, 11): 0.025501244951523915, (10, 12): 0.0166434546020772, (11, 0): 0.012361347451248662, (11, 1): 0.02846826736672713, (11, 2): 0.033257599451165895, (11, 3): 0.05715115509607043, (11, 4): 0.07556686331150035, (11, 5): 0.08878557605862279, (11, 6): 0.09167282992340656, (11, 7): 0.0713110071985645, (11, 8): 0.07077184913254807, (11, 9): 0.04475023874920052, (11, 10): 0.0364933215258334, (11, 11): 0.025280385908469975, (11, 12): 0.012390723404128204, (12, 0): 0.005689620338088993, (12, 1): 0.00879193983638736, (12, 2): 0.022262758827387135, (12, 3): 0.03209203825571535, (12, 4): 0.042058820747496097, (12, 5): 0.048224302920741154, (12, 6): 0.04797976635557454, (12, 7): 0.04431487773750278, (12, 8): 0.036272897302368816, (12, 9): 0.029149780992530294, (12, 10): 0.020892863769163172, (12, 11): 0.014254821862414847, (12, 12): 0.007236018223987207}
closeness centrality: {(0, 0): 0.12043010752688173, (0, 1): 0.1278538812785388, (0, 2): 0.13570274636510501, (0, 3): 0.14023372287145242, (0, 4): 0.1453287197231834, (0, 5): 0.14646904969485613, (0, 6): 0.1486725663716814, (0, 7): 0.14814814814814814, (0, 8): 0.1432225063938619, (0, 9): 0.13895781637717122, (0, 10): 0.13493975903614458, (0, 11): 0.12727272727272726, (0, 12): 0.11948790896159317, (1, 0): 0.1289332310053722, (1, 1): 0.13658536585365855, (1, 2): 0.14570685169124023, (1, 3): 0.15483870967741936, (1, 4): 0.15849056603773584, (1, 5): 0.16390243902439025, (1, 6): 0.16470588235294117, (1, 7): 0.16153846153846155, (1, 8): 0.15789473684210525, (1, 9): 0.153987167736022, (1, 10): 0.14482758620689656, (1, 11): 0.1375921375921376, (1, 12): 0.12883435582822086, (2, 0): 0.13537469782433523, (2, 1): 0.147239263803681, (2, 2): 0.15598885793871867, (2, 3): 0.16535433070866143, (2, 4): 0.1761006289308176, (2, 5): 0.18006430868167203, (2, 6): 0.17967914438502675, (2, 7): 0.17929562433297758, (2, 8): 0.1755485893416928, (2, 9): 0.16535433070866143, (2, 10): 0.15745079662605435, (2, 11): 0.14685314685314685, (2, 12): 0.13548387096774195, (3, 0): 0.14129520605550883, (3, 1): 0.1545538178472861, (3, 2): 0.168, (3, 3): 0.17929562433297758, (3, 4): 0.18876404494382024, (3, 5): 0.1969519343493552, (3, 6): 0.19718309859154928, (3, 7): 0.19672131147540983, (3, 8): 0.18876404494382024, (3, 9): 0.17987152034261242, (3, 10): 0.168, (3, 11): 0.15469613259668508, (3, 12): 0.1407035175879397, (4, 0): 0.14457831325301204, (4, 1): 0.1601525262154433, (4, 2): 0.17573221757322174, (4, 3): 0.19156214367160776, (4, 4): 0.20119760479041915, (4, 5): 0.20817843866171004, (4, 6): 0.2140127388535032, (4, 7): 0.20947630922693267, (4, 8): 0.20240963855421687, (4, 9): 0.19026047565118911, (4, 10): 0.17628541448058763, (4, 11): 0.16, (4, 12): 0.1453287197231834, (5, 0): 0.14788732394366197, (5, 1): 0.16200578592092574, (5, 2): 0.18142548596112312, (5, 3): 0.19626168224299065, (5, 4): 0.21132075471698114, (5, 5): 0.2196078431372549, (5, 6): 0.22018348623853212, (5, 7): 0.22134387351778656, (5, 8): 0.2107904642409034, (5, 9): 0.1978798586572438, (5, 10): 0.18006430868167203, (5, 11): 0.1643835616438356, (5, 12): 0.14736842105263157, (6, 0): 0.14814814814814814, (6, 1): 0.16584402764067127, (6, 2): 0.1820151679306609, (6, 3): 0.199288256227758, (6, 4): 0.2140127388535032, (6, 5): 0.225201072386059, (6, 6): 0.22641509433962265, (6, 7): 0.22076215505913271, (6, 8): 0.2159383033419023, (6, 9): 0.19834710743801653, (6, 10): 0.1830065359477124, (6, 11): 0.1643835616438356, (6, 12): 0.14520311149524634, (7, 0): 0.14762741652021089, (7, 1): 0.16374269005847952, (7, 2): 0.18064516129032257, (7, 3): 0.19310344827586207, (7, 4): 0.21185372005044137, (7, 5): 0.22076215505913271, (7, 6): 0.22611036339165544, (7, 7): 0.22076215505913271, (7, 8): 0.20921544209215442, (7, 9): 0.19834710743801653, (7, 10): 0.1794871794871795, (7, 11): 0.16422287390029325, (7, 12): 0.14775725593667546, (8, 0): 0.1449525452976704, (8, 1): 0.1598477640342531, (8, 2): 0.17355371900826447, (8, 3): 0.19069239500567536, (8, 4): 0.20240963855421687, (8, 5): 0.21238938053097345, (8, 6): 0.2153846153846154, (8, 7): 0.21185372005044137, (8, 8): 0.2007168458781362, (8, 9): 0.18855218855218855, (8, 10): 0.17647058823529413, (8, 11): 0.1598477640342531, (8, 12): 0.14285714285714285, (9, 0): 0.1407035175879397, (9, 1): 0.15258855585831063, (9, 2): 0.16766467065868262, (9, 3): 0.18006430868167203, (9, 4): 0.19090909090909092, (9, 5): 0.1978798586572438, (9, 6): 0.199288256227758, (9, 7): 0.1978798586572438, (9, 8): 0.19090909090909092, (9, 9): 0.17815482502651114, (9, 10): 0.16683217477656406, (9, 11): 0.15412844036697249, (9, 12): 0.1382716049382716, (10, 0): 0.13386454183266933, (10, 1): 0.1467248908296943, (10, 2): 0.1565703634669152, (10, 3): 0.16783216783216784, (10, 4): 0.1761006289308176, (10, 5): 0.18045112781954886, (10, 6): 0.1830065359477124, (10, 7): 0.18083961248654468, (10, 8): 0.1761006289308176, (10, 9): 0.16850551654964896, (10, 10): 0.1556997219647822, (10, 11): 0.1453287197231834, (10, 12): 0.13570274636510501, (11, 0): 0.12863705972434916, (11, 1): 0.1370309951060359, (11, 2): 0.14420600858369098, (11, 3): 0.15483870967741936, (11, 4): 0.1596958174904943, (11, 5): 0.16454456415279137, (11, 6): 0.16535433070866143, (11, 7): 0.1640625, (11, 8): 0.16076555023923444, (11, 9): 0.15300546448087432, (11, 10): 0.1467248908296943, (11, 11): 0.13680781758957655, (11, 12): 0.12814645308924486, (12, 0): 0.1206896551724138, (12, 1): 0.12669683257918551, (12, 2): 0.13570274636510501, (12, 3): 0.14058577405857742, (12, 4): 0.14558058925476602, (12, 5): 0.14775725593667546, (12, 6): 0.1492007104795737, (12, 7): 0.14827890556045895, (12, 8): 0.14482758620689656, (12, 9): 0.14082145850796313, (12, 10): 0.1347233360064154, (12, 11): 0.1291314373558801, (12, 12): 0.12060301507537688}
betweenness centrality: {(0, 0): 3.5642999714856005e-05, (0, 1): 0.0021237340892253645, (0, 2): 0.00506037923770765, (0, 3): 0.004921277005665811, (0, 4): 0.008372517308772148, (0, 5): 0.004504648675923768, (0, 6): 0.005496731811016002, (0, 7): 0.008599398130543747, (0, 8): 0.006808468758958738, (0, 9): 0.004154958209742267, (0, 10): 0.003924458530574001, (0, 11): 0.0063112839299974, (0, 12): 0.0, (1, 0): 0.0019299173913475344, (1, 1): 0.014825692229632034, (1, 2): 0.021525459217106746, (1, 3): 0.031684897988877865, (1, 4): 0.013094669414042144, (1, 5): 0.036454406713612615, (1, 6): 0.034067812232562174, (1, 7): 0.02740917159829808, (1, 8): 0.02085070491939589, (1, 9): 0.025942595764053982, (1, 10): 0.02128808410608734, (1, 11): 0.005566195482769004, (1, 12): 0.0075047689926572205, (2, 0): 0.0023463873349210693, (2, 1): 0.025333479239797778, (2, 2): 0.02251419875128015, (2, 3): 0.026106358831145815, (2, 4): 0.06076945212386961, (2, 5): 0.040440175144988745, (2, 6): 0.032390017446112675, (2, 7): 0.023297020801506977, (2, 8): 0.0662522780642251, (2, 9): 0.02685869157468522, (2, 10): 0.029257511024158852, (2, 11): 0.022857117599738363, (2, 12): 0.004114445946060919, (3, 0): 0.005148846513320991, (3, 1): 0.0271561145936931, (3, 2): 0.03992604621109419, (3, 3): 0.03113005758686307, (3, 4): 0.04906486569946439, (3, 5): 0.04410589098764604, (3, 6): 0.03413588027369026, (3, 7): 0.07413871081158349, (3, 8): 0.018011886940645056, (3, 9): 0.05868368069480188, (3, 10): 0.03982622997700414, (3, 11): 0.023206248731374, (3, 12): 0.004630448496808789, (4, 0): 0.005571266659648176, (4, 1): 0.024853395626922046, (4, 2): 0.034279930281869354, (4, 3): 0.06702092205230838, (4, 4): 0.049655254007612074, (4, 5): 0.04398685165436861, (4, 6): 0.07436406902750686, (4, 7): 0.03636828623071462, (4, 8): 0.07968365793699309, (4, 9): 0.0427292394817464, (4, 10): 0.04351222933543611, (4, 11): 0.02588875222160979, (4, 12): 0.003398433641570556, (5, 0): 0.007907604801957622, (5, 1): 0.013160640974331297, (5, 2): 0.055272030452538694, (5, 3): 0.04842564305506536, (5, 4): 0.07276260102841353, (5, 5): 0.06623790342597358, (5, 6): 0.04426016697964389, (5, 7): 0.09325525762538266, (5, 8): 0.0490690660764562, (5, 9): 0.06356760614401505, (5, 10): 0.04267590399456609, (5, 11): 0.02396720776057577, (5, 12): 0.002633812652114046, (6, 0): 0.00575431004098593, (6, 1): 0.03361935484767505, (6, 2): 0.038349144326867805, (6, 3): 0.062415303790710336, (6, 4): 0.04275652440351943, (6, 5): 0.08119380337940993, (6, 6): 0.06824754961321053, (6, 7): 0.045328385208635004, (6, 8): 0.09072914315431989, (6, 9): 0.05056084098543467, (6, 10): 0.046397654839949176, (6, 11): 0.032373072824350486, (6, 12): 0.0, (7, 0): 0.0032548024803383422, (7, 1): 0.0326081259919759, (7, 2): 0.052098904949325106, (7, 3): 0.024354158530706275, (7, 4): 0.08629038932360196, (7, 5): 0.07102466496905505, (7, 6): 0.08292959171607961, (7, 7): 0.059775460436934574, (7, 8): 0.04571877661458585, (7, 9): 0.07574317140038621, (7, 10): 0.030263474253131476, (7, 11): 0.019852075722062604, (7, 12): 0.008731746647570305, (8, 0): 0.007793029711279531, (8, 1): 0.023844121139236764, (8, 2): 0.03610118002105737, (8, 3): 0.061209619589609375, (8, 4): 0.04852670204439968, (8, 5): 0.06850279254461217, (8, 6): 0.07928496416149823, (8, 7): 0.06314532580546851, (8, 8): 0.04623077069149531, (8, 9): 0.032722287801173255, (8, 10): 0.05715391071204475, (8, 11): 0.021671450598317415, (8, 12): 0.004259827313947602, (9, 0): 0.005789181453894499, (9, 1): 0.023624575423253736, (9, 2): 0.04844761214295955, (9, 3): 0.028637701771402967, (9, 4): 0.043875256218346516, (9, 5): 0.062322605891530825, (9, 6): 0.0419478964608728, (9, 7): 0.05897414711961085, (9, 8): 0.0588800514314158, (9, 9): 0.03986507139277881, (9, 10): 0.050328002958407295, (9, 11): 0.026806249535953237, (9, 12): 0.0009645439650935783, (10, 0): 0.0024978069890930535, (10, 1): 0.02780131079787782, (10, 2): 0.024897170893789077, (10, 3): 0.026488035081405573, (10, 4): 0.03727073689109233, (10, 5): 0.039263385748148104, (10, 6): 0.04810941603278441, (10, 7): 0.04058731445677023, (10, 8): 0.029249695903883516, (10, 9): 0.04922678221816272, (10, 10): 0.02043067715756435, (10, 11): 0.016588550848301555, (10, 12): 0.004671661302837419, (11, 0): 0.003603057693228612, (11, 1): 0.018571211621104318, (11, 2): 0.007828574023094116, (11, 3): 0.033926326579094904, (11, 4): 0.027038360281071254, (11, 5): 0.027687354395835497, (11, 6): 0.02816680236995371, (11, 7): 0.02529738371325136, (11, 8): 0.03175370516511753, (11, 9): 0.013754168167368616, (11, 10): 0.018932356227199142, (11, 11): 0.01703007678320116, (11, 12): 0.0030917876868253036, (12, 0): 0.0, (12, 1): 0.0004866803956324575, (12, 2): 0.009453578035231435, (12, 3): 0.00630947075925484, (12, 4): 0.007193545467269909, (12, 5): 0.006752633871907459, (12, 6): 0.006359844484275604, (12, 7): 0.006489085616102706, (12, 8): 0.006204270641394626, (12, 9): 0.006330638441983788, (12, 10): 0.0038770280480250057, (12, 11): 0.00310287410211747, (12, 12): 0.0}
katz centrality: {(0, 0): 0.040394756698457636, (0, 1): 0.04884599437512219, (0, 2): 0.05761539824956615, (0, 3): 0.05773119124157586, (0, 4): 0.057077101874979524, (0, 5): 0.05156674047940753, (0, 6): 0.05212293496663882, (0, 7): 0.056749719659800635, (0, 8): 0.05646124027408029, (0, 9): 0.0497079430332308, (0, 10): 0.049672507311649156, (0, 11): 0.0522780145638981, (0, 12): 0.034608482085052183, (1, 0): 0.04305722760170704, (1, 1): 0.07174327359747726, (1, 2): 0.07840544379545089, (1, 3): 0.07912700807576546, (1, 4): 0.06478588900972677, (1, 5): 0.07725911853304991, (1, 6): 0.0762442239660492, (1, 7): 0.07067521609721858, (1, 8): 0.0716925098837495, (1, 9): 0.07548594265653355, (1, 10): 0.07895210145255917, (1, 11): 0.06574024850309684, (1, 12): 0.05350573487635382, (2, 0): 0.052678760826876024, (2, 1): 0.0781331743108657, (2, 2): 0.07800090870645708, (2, 3): 0.07255641798740917, (2, 4): 0.08479665848221939, (2, 5): 0.07704038529244288, (2, 6): 0.06865617984876514, (2, 7): 0.06807087337289869, (2, 8): 0.08452428096283231, (2, 9): 0.08301968474352905, (2, 10): 0.09023603052666615, (2, 11): 0.0830795717767183, (2, 12): 0.05904996042450278, (3, 0): 0.05740235928308587, (3, 1): 0.07920772966706159, (3, 2): 0.08053496822027095, (3, 3): 0.08260287755393507, (3, 4): 0.08233021184999362, (3, 5): 0.07196360510960081, (3, 6): 0.06885278372448092, (3, 7): 0.07697090981572223, (3, 8): 0.06515928400086718, (3, 9): 0.09386731764753435, (3, 10): 0.09513759289514571, (3, 11): 0.0867767741812744, (3, 12): 0.06109620349731455, (4, 0): 0.049756301168574074, (4, 1): 0.07394655544721147, (4, 2): 0.08132319729700489, (4, 3): 0.09183416780990358, (4, 4): 0.0923520824822789, (4, 5): 0.08181845748147738, (4, 6): 0.07447461222283888, (4, 7): 0.07236253476239735, (4, 8): 0.0924667618527393, (4, 9): 0.09071581598154785, (4, 10): 0.09711265410174603, (4, 11): 0.08626700858217093, (4, 12): 0.05548764859820937, (5, 0): 0.056687544877702625, (5, 1): 0.06396430644762068, (5, 2): 0.08004437726909844, (5, 3): 0.08476022559229787, (5, 4): 0.0940926664238863, (5, 5): 0.09381754159142454, (5, 6): 0.08552250083536342, (5, 7): 0.0943520359845305, (5, 8): 0.09064722989958969, (5, 9): 0.100291419024934, (5, 10): 0.09733411298351931, (5, 11): 0.08043542831106384, (5, 12): 0.04898859984316638, (6, 0): 0.05784564966270898, (6, 1): 0.08106156464064122, (6, 2): 0.08282881787311727, (6, 3): 0.08518409176521545, (6, 4): 0.07968616086130231, (6, 5): 0.09117286524469319, (6, 6): 0.09875499895213481, (6, 7): 0.08998934818534507, (6, 8): 0.09900130172462673, (6, 9): 0.09935454483190378, (6, 10): 0.09598069746339764, (6, 11): 0.0828824901281591, (6, 12): 0.04575234756932588, (7, 0): 0.052336527512000755, (7, 1): 0.08410548173885465, (7, 2): 0.09250186961503902, (7, 3): 0.08032949669975582, (7, 4): 0.09762572860714334, (7, 5): 0.10108028322278594, (7, 6): 0.1005338614039238, (7, 7): 0.09078048164301178, (7, 8): 0.08804012273224125, (7, 9): 0.09625676353444113, (7, 10): 0.08569272954601805, (7, 11): 0.07725841486366745, (7, 12): 0.05708149929116234, (8, 0): 0.06005150766753271, (8, 1): 0.08051819302323779, (8, 2): 0.09360961598399897, (8, 3): 0.09708036301529877, (8, 4): 0.09934750049269132, (8, 5): 0.10207545335942093, (8, 6): 0.10130519189628005, (8, 7): 0.08987892012529608, (8, 8): 0.08677441257612717, (8, 9): 0.07805373147673576, (8, 10): 0.089369023583091, (8, 11): 0.07552428964525061, (8, 12): 0.049096379294950525, (9, 0): 0.059654689255697044, (9, 1): 0.08359911373526699, (9, 2): 0.09135858082571867, (9, 3): 0.08630198977654806, (9, 4): 0.08942777674182252, (9, 5): 0.09925284209386802, (9, 6): 0.09188027772542402, (9, 7): 0.09726872797880011, (9, 8): 0.09378533161230718, (9, 9): 0.08415945689118037, (9, 10): 0.08601058931888, (9, 11): 0.0704331891444668, (9, 12): 0.04762374345835573, (10, 0): 0.05320117008844706, (10, 1): 0.07887583663221595, (10, 2): 0.07842047246555173, (10, 3): 0.07487915221479838, (10, 4): 0.077015837080882, (10, 5): 0.0950393950553299, (10, 6): 0.09613591717655992, (10, 7): 0.08742417828371127, (10, 8): 0.08520197898202546, (10, 9): 0.08879083839892583, (10, 10): 0.07136132303017724, (10, 11): 0.0621129696087024, (10, 12): 0.05429382512516786, (11, 0): 0.04655990804235826, (11, 1): 0.06958098985102085, (11, 2): 0.06608237064782924, (11, 3): 0.07952760933839728, (11, 4): 0.08345402158967567, (11, 5): 0.08628144154473115, (11, 6): 0.08664476519006561, (11, 7): 0.07726647248339936, (11, 8): 0.08302371276166068, (11, 9): 0.0728860674635325, (11, 10): 0.0711788525192249, (11, 11): 0.07028635429975914, (11, 12): 0.05218092333012448, (12, 0): 0.03564419693036489, (12, 1): 0.041196985599710946, (12, 2): 0.055527886693460426, (12, 3): 0.05858984008737619, (12, 4): 0.06100544119412929, (12, 5): 0.0619004279708428, (12, 6): 0.06131753877955639, (12, 7): 0.06078120919625522, (12, 8): 0.059258531337600444, (12, 9): 0.05832678006088676, (12, 10): 0.05661956511657919, (12, 11): 0.05321652541211847, (12, 12): 0.04159848744522719}
;
