121 304 3
4 2 1
0 2 1
11
param Vertices :=
1 0.0
2 0.1
3 0.2
4 0.3
5 0.4
6 0.5
7 0.6
8 0.7
9 0.8
10 0.9
11 0.10
12 1.0
13 1.1
14 1.2
15 1.3
16 1.4
17 1.5
18 1.6
19 1.7
20 1.8
21 1.9
22 1.10
23 2.0
24 2.1
25 2.2
26 2.3
27 2.4
28 2.5
29 2.6
30 2.7
31 2.8
32 2.9
33 2.10
34 3.0
35 3.1
36 3.2
37 3.3
38 3.4
39 3.5
40 3.6
41 3.7
42 3.8
43 3.9
44 3.10
45 4.0
46 4.1
47 4.2
48 4.3
49 4.4
50 4.5
51 4.6
52 4.7
53 4.8
54 4.9
55 4.10
56 5.0
57 5.1
58 5.2
59 5.3
60 5.4
61 5.5
62 5.6
63 5.7
64 5.8
65 5.9
66 5.10
67 6.0
68 6.1
69 6.2
70 6.3
71 6.4
72 6.5
73 6.6
74 6.7
75 6.8
76 6.9
77 6.10
78 7.0
79 7.1
80 7.2
81 7.3
82 7.4
83 7.5
84 7.6
85 7.7
86 7.8
87 7.9
88 7.10
89 8.0
90 8.1
91 8.2
92 8.3
93 8.4
94 8.5
95 8.6
96 8.7
97 8.8
98 8.9
99 8.10
100 9.0
101 9.1
102 9.2
103 9.3
104 9.4
105 9.5
106 9.6
107 9.7
108 9.8
109 9.9
110 9.10
111 10.0
112 10.1
113 10.2
114 10.3
115 10.4
116 10.5
117 10.6
118 10.7
119 10.8
120 10.9
121 10.10
;
param Edges :=
1 13
2 13
2 3
2 12
3 4
3 15
3 13
4 15
4 5
4 14
5 6
5 17
5 15
6 17
6 7
6 16
7 8
7 19
7 17
8 19
8 20
8 18
9 20
9 21
9 19
10 21
10 11
10 22
10 20
11 22
12 23
12 24
13 25
13 23
14 25
14 15
15 26
15 16
15 27
15 25
16 17
17 28
17 29
17 27
18 29
18 19
18 28
19 30
19 20
19 31
19 29
20 21
20 30
21 32
21 33
21 31
22 33
23 34
24 36
24 34
25 26
25 37
25 35
26 27
26 38
26 36
27 38
27 39
27 37
28 39
28 29
28 40
28 38
29 40
29 30
29 41
30 41
30 31
30 42
30 40
31 42
31 32
32 43
32 33
32 44
33 44
33 43
34 45
34 35
34 46
35 46
35 36
35 47
35 45
36 47
36 37
36 46
37 48
37 38
37 49
38 49
38 39
38 50
38 48
39 50
39 40
39 51
39 49
40 41
40 52
40 50
41 42
41 53
41 51
42 43
42 52
43 54
43 55
44 55
45 56
45 57
46 57
46 58
46 56
47 58
47 48
47 59
47 57
48 59
48 49
48 60
48 58
49 60
49 50
49 59
50 51
51 63
51 61
52 63
52 62
53 54
53 65
54 55
54 66
54 64
55 66
56 57
56 68
57 68
57 58
57 69
57 67
58 69
58 59
58 70
58 68
59 60
59 71
59 69
60 71
60 61
60 70
61 72
61 73
61 71
62 63
62 74
62 72
63 74
63 75
63 73
64 75
64 76
64 74
65 77
65 75
66 76
67 78
67 68
67 79
68 79
68 69
68 80
69 79
70 81
70 71
70 82
70 80
71 82
71 72
71 81
72 73
72 82
73 84
73 74
73 85
73 83
74 85
74 75
74 86
74 84
75 86
75 76
75 87
75 85
76 87
76 77
76 88
77 88
77 87
78 79
78 90
79 90
79 80
79 89
80 91
80 92
80 90
81 92
81 82
82 93
82 83
82 94
82 92
83 84
83 95
83 93
84 95
84 85
84 96
84 94
85 96
86 87
86 98
86 96
87 98
87 99
87 97
89 100
89 90
89 101
90 101
90 91
90 100
91 102
91 92
91 101
92 104
92 102
94 95
94 106
94 104
95 96
95 107
95 105
96 107
96 97
96 106
97 108
97 98
97 109
97 107
98 109
98 99
99 109
100 111
100 112
101 112
101 102
101 111
102 113
103 114
103 104
103 115
103 113
104 115
104 105
104 116
105 116
105 106
105 117
106 117
106 107
106 118
106 116
107 118
107 108
107 119
108 119
108 109
108 120
109 120
109 110
109 121
109 119
110 121
110 120
111 112
112 113
113 114
115 116
117 118
118 119
119 120
;
param Grid_Label_Edges :=
0 0 1 1
0 1 1 1
0 1 0 2
0 1 1 0
0 2 0 3
0 2 1 3
0 2 1 1
0 3 1 3
0 3 0 4
0 3 1 2
0 4 0 5
0 4 1 5
0 4 1 3
0 5 1 5
0 5 0 6
0 5 1 4
0 6 0 7
0 6 1 7
0 6 1 5
0 7 1 7
0 7 1 8
0 7 1 6
0 8 1 8
0 8 1 9
0 8 1 7
0 9 1 9
0 9 0 10
0 9 1 10
0 9 1 8
0 10 1 10
1 0 2 0
1 0 2 1
1 1 2 2
1 1 2 0
1 2 2 2
1 2 1 3
1 3 2 3
1 3 1 4
1 3 2 4
1 3 2 2
1 4 1 5
1 5 2 5
1 5 2 6
1 5 2 4
1 6 2 6
1 6 1 7
1 6 2 5
1 7 2 7
1 7 1 8
1 7 2 8
1 7 2 6
1 8 1 9
1 8 2 7
1 9 2 9
1 9 2 10
1 9 2 8
1 10 2 10
2 0 3 0
2 1 3 2
2 1 3 0
2 2 2 3
2 2 3 3
2 2 3 1
2 3 2 4
2 3 3 4
2 3 3 2
2 4 3 4
2 4 3 5
2 4 3 3
2 5 3 5
2 5 2 6
2 5 3 6
2 5 3 4
2 6 3 6
2 6 2 7
2 6 3 7
2 7 3 7
2 7 2 8
2 7 3 8
2 7 3 6
2 8 3 8
2 8 2 9
2 9 3 9
2 9 2 10
2 9 3 10
2 10 3 10
2 10 3 9
3 0 4 0
3 0 3 1
3 0 4 1
3 1 4 1
3 1 3 2
3 1 4 2
3 1 4 0
3 2 4 2
3 2 3 3
3 2 4 1
3 3 4 3
3 3 3 4
3 3 4 4
3 4 4 4
3 4 3 5
3 4 4 5
3 4 4 3
3 5 4 5
3 5 3 6
3 5 4 6
3 5 4 4
3 6 3 7
3 6 4 7
3 6 4 5
3 7 3 8
3 7 4 8
3 7 4 6
3 8 3 9
3 8 4 7
3 9 4 9
3 9 4 10
3 10 4 10
4 0 5 0
4 0 5 1
4 1 5 1
4 1 5 2
4 1 5 0
4 2 5 2
4 2 4 3
4 2 5 3
4 2 5 1
4 3 5 3
4 3 4 4
4 3 5 4
4 3 5 2
4 4 5 4
4 4 4 5
4 4 5 3
4 5 4 6
4 6 5 7
4 6 5 5
4 7 5 7
4 7 5 6
4 8 4 9
4 8 5 9
4 9 4 10
4 9 5 10
4 9 5 8
4 10 5 10
5 0 5 1
5 0 6 1
5 1 6 1
5 1 5 2
5 1 6 2
5 1 6 0
5 2 6 2
5 2 5 3
5 2 6 3
5 2 6 1
5 3 5 4
5 3 6 4
5 3 6 2
5 4 6 4
5 4 5 5
5 4 6 3
5 5 6 5
5 5 6 6
5 5 6 4
5 6 5 7
5 6 6 7
5 6 6 5
5 7 6 7
5 7 6 8
5 7 6 6
5 8 6 8
5 8 6 9
5 8 6 7
5 9 6 10
5 9 6 8
5 10 6 9
6 0 7 0
6 0 6 1
6 0 7 1
6 1 7 1
6 1 6 2
6 1 7 2
6 2 7 1
6 3 7 3
6 3 6 4
6 3 7 4
6 3 7 2
6 4 7 4
6 4 6 5
6 4 7 3
6 5 6 6
6 5 7 4
6 6 7 6
6 6 6 7
6 6 7 7
6 6 7 5
6 7 7 7
6 7 6 8
6 7 7 8
6 7 7 6
6 8 7 8
6 8 6 9
6 8 7 9
6 8 7 7
6 9 7 9
6 9 6 10
6 9 7 10
6 10 7 10
6 10 7 9
7 0 7 1
7 0 8 1
7 1 8 1
7 1 7 2
7 1 8 0
7 2 8 2
7 2 8 3
7 2 8 1
7 3 8 3
7 3 7 4
7 4 8 4
7 4 7 5
7 4 8 5
7 4 8 3
7 5 7 6
7 5 8 6
7 5 8 4
7 6 8 6
7 6 7 7
7 6 8 7
7 6 8 5
7 7 8 7
7 8 7 9
7 8 8 9
7 8 8 7
7 9 8 9
7 9 8 10
7 9 8 8
8 0 9 0
8 0 8 1
8 0 9 1
8 1 9 1
8 1 8 2
8 1 9 0
8 2 9 2
8 2 8 3
8 2 9 1
8 3 9 4
8 3 9 2
8 5 8 6
8 5 9 6
8 5 9 4
8 6 8 7
8 6 9 7
8 6 9 5
8 7 9 7
8 7 8 8
8 7 9 6
8 8 9 8
8 8 8 9
8 8 9 9
8 8 9 7
8 9 9 9
8 9 8 10
8 10 9 9
9 0 10 0
9 0 10 1
9 1 10 1
9 1 9 2
9 1 10 0
9 2 10 2
9 3 10 3
9 3 9 4
9 3 10 4
9 3 10 2
9 4 10 4
9 4 9 5
9 4 10 5
9 5 10 5
9 5 9 6
9 5 10 6
9 6 10 6
9 6 9 7
9 6 10 7
9 6 10 5
9 7 10 7
9 7 9 8
9 7 10 8
9 8 10 8
9 8 9 9
9 8 10 9
9 9 10 9
9 9 9 10
9 9 10 10
9 9 10 8
9 10 10 10
9 10 10 9
10 0 10 1
10 1 10 2
10 2 10 3
10 4 10 5
10 6 10 7
10 7 10 8
10 8 10 9
;
param Centralities :=
degree centrality: {(0, 0): 0.008333333333333333, (0, 1): 0.025, (0, 2): 0.03333333333333333, (0, 3): 0.03333333333333333, (0, 4): 0.03333333333333333, (0, 5): 0.03333333333333333, (0, 6): 0.03333333333333333, (0, 7): 0.03333333333333333, (0, 8): 0.025, (0, 9): 0.03333333333333333, (0, 10): 0.016666666666666666, (1, 0): 0.025, (1, 1): 0.041666666666666664, (1, 2): 0.025, (1, 3): 0.06666666666666667, (1, 4): 0.025, (1, 5): 0.058333333333333334, (1, 6): 0.03333333333333333, (1, 7): 0.06666666666666667, (1, 8): 0.05, (1, 9): 0.05, (1, 10): 0.025, (2, 0): 0.025, (2, 1): 0.025, (2, 2): 0.05, (2, 3): 0.041666666666666664, (2, 4): 0.05, (2, 5): 0.05, (2, 6): 0.058333333333333334, (2, 7): 0.058333333333333334, (2, 8): 0.041666666666666664, (2, 9): 0.041666666666666664, (2, 10): 0.041666666666666664, (3, 0): 0.041666666666666664, (3, 1): 0.05, (3, 2): 0.05, (3, 3): 0.05, (3, 4): 0.06666666666666667, (3, 5): 0.058333333333333334, (3, 6): 0.058333333333333334, (3, 7): 0.05, (3, 8): 0.041666666666666664, (3, 9): 0.041666666666666664, (3, 10): 0.025, (4, 0): 0.03333333333333333, (4, 1): 0.05, (4, 2): 0.05, (4, 3): 0.058333333333333334, (4, 4): 0.058333333333333334, (4, 5): 0.041666666666666664, (4, 6): 0.041666666666666664, (4, 7): 0.03333333333333333, (4, 8): 0.025, (4, 9): 0.041666666666666664, (4, 10): 0.03333333333333333, (5, 0): 0.03333333333333333, (5, 1): 0.06666666666666667, (5, 2): 0.06666666666666667, (5, 3): 0.058333333333333334, (5, 4): 0.05, (5, 5): 0.041666666666666664, (5, 6): 0.03333333333333333, (5, 7): 0.05, (5, 8): 0.03333333333333333, (5, 9): 0.025, (5, 10): 0.025, (6, 0): 0.03333333333333333, (6, 1): 0.058333333333333334, (6, 2): 0.041666666666666664, (6, 3): 0.05, (6, 4): 0.058333333333333334, (6, 5): 0.041666666666666664, (6, 6): 0.058333333333333334, (6, 7): 0.06666666666666667, (6, 8): 0.06666666666666667, (6, 9): 0.05, (6, 10): 0.03333333333333333, (7, 0): 0.025, (7, 1): 0.058333333333333334, (7, 2): 0.05, (7, 3): 0.03333333333333333, (7, 4): 0.06666666666666667, (7, 5): 0.041666666666666664, (7, 6): 0.058333333333333334, (7, 7): 0.041666666666666664, (7, 8): 0.041666666666666664, (7, 9): 0.058333333333333334, (7, 10): 0.016666666666666666, (8, 0): 0.03333333333333333, (8, 1): 0.058333333333333334, (8, 2): 0.041666666666666664, (8, 3): 0.05, (8, 4): 0.016666666666666666, (8, 5): 0.041666666666666664, (8, 6): 0.05, (8, 7): 0.058333333333333334, (8, 8): 0.05, (8, 9): 0.041666666666666664, (8, 10): 0.025, (9, 0): 0.03333333333333333, (9, 1): 0.05, (9, 2): 0.03333333333333333, (9, 3): 0.03333333333333333, (9, 4): 0.05, (9, 5): 0.041666666666666664, (9, 6): 0.058333333333333334, (9, 7): 0.058333333333333334, (9, 8): 0.041666666666666664, (9, 9): 0.06666666666666667, (9, 10): 0.025, (10, 0): 0.025, (10, 1): 0.03333333333333333, (10, 2): 0.03333333333333333, (10, 3): 0.016666666666666666, (10, 4): 0.025, (10, 5): 0.03333333333333333, (10, 6): 0.025, (10, 7): 0.03333333333333333, (10, 8): 0.041666666666666664, (10, 9): 0.03333333333333333, (10, 10): 0.016666666666666666}
eigenvector centrality: {(0, 0): 0.004211926497174989, (0, 1): 0.01023632021043332, (0, 2): 0.02599298194764109, (0, 3): 0.03187719351349815, (0, 4): 0.040975734158308255, (0, 5): 0.03438159309258517, (0, 6): 0.03891484041584403, (0, 7): 0.03550113302111496, (0, 8): 0.023231806277097214, (0, 9): 0.012282827050773094, (0, 10): 0.0027561402829559276, (1, 0): 0.010274225257061809, (1, 1): 0.02535604465125852, (1, 2): 0.03592404209828972, (1, 3): 0.08900957994461828, (1, 4): 0.03568056761512286, (1, 5): 0.0914073319516413, (1, 6): 0.05923704092415259, (1, 7): 0.07297831995761088, (1, 8): 0.04258726913631945, (1, 9): 0.0242901286684222, (1, 10): 0.004309134435594942, (2, 0): 0.016825743828839723, (2, 1): 0.03478938758796621, (2, 2): 0.09537780209137194, (2, 3): 0.11781993900066572, (2, 4): 0.1521935708460007, (2, 5): 0.13744428272215287, (2, 6): 0.11068446940207788, (2, 7): 0.08809156512635136, (2, 8): 0.04108237622902911, (2, 9): 0.0161403102414927, (2, 10): 0.01090195730701347, (3, 0): 0.06566169819862647, (3, 1): 0.11951034299406409, (3, 2): 0.13349804362813864, (3, 3): 0.18655896157906768, (3, 4): 0.2392020979595671, (3, 5): 0.1922130004769559, (3, 6): 0.13467411536561905, (3, 7): 0.08248960629166843, (3, 8): 0.04581555198410494, (3, 9): 0.015282552437021295, (3, 10): 0.005607253376680134, (4, 0): 0.07993486943506423, (4, 1): 0.1442266238707089, (4, 2): 0.20075918910489343, (4, 3): 0.25932559610877737, (4, 4): 0.24349489182367443, (4, 5): 0.15095424253693537, (4, 6): 0.09916352820089028, (4, 7): 0.048862349119210655, (4, 8): 0.01815770070745561, (4, 9): 0.012428857996429137, (4, 10): 0.006712968291457651, (5, 0): 0.09798478033900493, (5, 1): 0.19805524549404135, (5, 2): 0.253541047999254, (5, 3): 0.24464807822772627, (5, 4): 0.192944205991267, (5, 5): 0.10338286464798822, (5, 6): 0.045734991408678434, (5, 7): 0.06792152069122553, (5, 8): 0.027572886533898635, (5, 9): 0.014388969463165991, (5, 10): 0.007091812525990204, (6, 0): 0.08634675517192664, (6, 1): 0.16765643710402006, (6, 2): 0.1618518115164575, (6, 3): 0.14980318677596244, (6, 4): 0.16087110920394873, (6, 5): 0.08426923852436614, (6, 6): 0.08510958796143264, (6, 7): 0.0742602827345785, (6, 8): 0.05573900291983117, (6, 9): 0.02354752064924332, (6, 10): 0.0127184266462392, (7, 0): 0.04364622828461394, (7, 1): 0.11045342430813407, (7, 2): 0.10106555818272801, (7, 3): 0.08120007386527195, (7, 4): 0.11219201471176349, (7, 5): 0.0568850229256928, (7, 6): 0.06970340233708953, (7, 7): 0.05591342111125496, (7, 8): 0.039322221515500244, (7, 9): 0.03259561151569909, (7, 10): 0.006024878132620825, (8, 0): 0.03841509631492913, (8, 1): 0.06595183438526046, (8, 2): 0.048596546972980104, (8, 3): 0.0659545596349872, (8, 4): 0.02808667774668361, (8, 5): 0.04831541727842291, (8, 6): 0.047340095024853604, (8, 7): 0.05176199980254993, (8, 8): 0.030082997479571594, (8, 9): 0.022341158999044677, (8, 10): 0.01245344416942005, (9, 0): 0.021235051575443684, (9, 1): 0.0336197684536573, (9, 2): 0.025959278287417415, (9, 3): 0.00785856754074186, (9, 4): 0.028029143042916208, (9, 5): 0.0226615374663923, (9, 6): 0.033578533327975224, (9, 7): 0.035637988114607326, (9, 8): 0.018718016384991557, (9, 9): 0.020023396441419615, (9, 10): 0.00572722400420669, (10, 0): 0.01115716102536233, (10, 1): 0.01231147949045877, (10, 2): 0.008103229021568526, (10, 3): 0.0026515402634764416, (10, 4): 0.008522568164870667, (10, 5): 0.015415118016622046, (10, 6): 0.01204835891720589, (10, 7): 0.01628374102623396, (10, 8): 0.01675208774703056, (10, 9): 0.010171046594913502, (10, 10): 0.0042781633897770975}
closeness centrality: {(0, 0): 0.13904982618771727, (0, 1): 0.14906832298136646, (0, 2): 0.16260162601626016, (0, 3): 0.16783216783216784, (0, 4): 0.1741654571843251, (0, 5): 0.17216642754662842, (0, 6): 0.17266187050359713, (0, 7): 0.16853932584269662, (0, 8): 0.1595744680851064, (0, 9): 0.15306122448979592, (0, 10): 0.13872832369942195, (1, 0): 0.1477832512315271, (1, 1): 0.16129032258064516, (1, 2): 0.17069701280227595, (1, 3): 0.189873417721519, (1, 4): 0.17391304347826086, (1, 5): 0.19801980198019803, (1, 6): 0.19138755980861244, (1, 7): 0.18489984591679506, (1, 8): 0.17647058823529413, (1, 9): 0.1643835616438356, (1, 10): 0.1485148514851485, (2, 0): 0.15748031496062992, (2, 1): 0.16877637130801687, (2, 2): 0.18808777429467086, (2, 3): 0.20202020202020202, (2, 4): 0.2177858439201452, (2, 5): 0.21978021978021978, (2, 6): 0.21428571428571427, (2, 7): 0.20654044750430292, (2, 8): 0.1895734597156398, (2, 9): 0.1724137931034483, (2, 10): 0.16194331983805668, (3, 0): 0.17045454545454544, (3, 1): 0.18691588785046728, (3, 2): 0.1986754966887417, (3, 3): 0.21621621621621623, (3, 4): 0.23032629558541268, (3, 5): 0.24439918533604887, (3, 6): 0.23391812865497075, (3, 7): 0.22429906542056074, (3, 8): 0.20654044750430292, (3, 9): 0.18633540372670807, (3, 10): 0.1593625498007968, (4, 0): 0.1744186046511628, (4, 1): 0.19672131147540983, (4, 2): 0.21352313167259787, (4, 3): 0.23255813953488372, (4, 4): 0.24193548387096775, (4, 5): 0.2376237623762376, (4, 6): 0.25052192066805845, (4, 7): 0.23300970873786409, (4, 8): 0.20512820512820512, (4, 9): 0.1938610662358643, (4, 10): 0.17045454545454544, (5, 0): 0.17569546120058566, (5, 1): 0.19736842105263158, (5, 2): 0.22388059701492538, (5, 3): 0.2376237623762376, (5, 4): 0.24489795918367346, (5, 5): 0.25210084033613445, (5, 6): 0.24, (5, 7): 0.24, (5, 8): 0.20725388601036268, (5, 9): 0.1938610662358643, (5, 10): 0.17191977077363896, (6, 0): 0.17191977077363896, (6, 1): 0.19704433497536947, (6, 2): 0.20689655172413793, (6, 3): 0.23483365949119372, (6, 4): 0.24489795918367346, (6, 5): 0.24439918533604887, (6, 6): 0.24242424242424243, (6, 7): 0.234375, (6, 8): 0.21937842778793418, (6, 9): 0.1892744479495268, (6, 10): 0.17216642754662842, (7, 0): 0.1652892561983471, (7, 1): 0.18808777429467086, (7, 2): 0.2054794520547945, (7, 3): 0.2185792349726776, (7, 4): 0.23856858846918488, (7, 5): 0.22900763358778625, (7, 6): 0.22988505747126436, (7, 7): 0.21937842778793418, (7, 8): 0.20408163265306123, (7, 9): 0.1907790143084261, (7, 10): 0.16260162601626016, (8, 0): 0.16216216216216217, (8, 1): 0.17569546120058566, (8, 2): 0.1892744479495268, (8, 3): 0.20869565217391303, (8, 4): 0.20304568527918782, (8, 5): 0.2222222222222222, (8, 6): 0.20905923344947736, (8, 7): 0.20100502512562815, (8, 8): 0.18662519440124417, (8, 9): 0.17595307917888564, (8, 10): 0.16348773841961853, (9, 0): 0.1518987341772152, (9, 1): 0.16304347826086957, (9, 2): 0.17725258493353027, (9, 3): 0.16736401673640167, (9, 4): 0.19607843137254902, (9, 5): 0.18691588785046728, (9, 6): 0.1951219512195122, (9, 7): 0.18461538461538463, (9, 8): 0.16973125884016974, (9, 9): 0.1610738255033557, (9, 10): 0.13921113689095127, (10, 0): 0.14150943396226415, (10, 1): 0.14814814814814814, (10, 2): 0.15978695073235685, (10, 3): 0.14527845036319612, (10, 4): 0.1694915254237288, (10, 5): 0.17467248908296942, (10, 6): 0.1702127659574468, (10, 7): 0.1694915254237288, (10, 8): 0.15894039735099338, (10, 9): 0.14742014742014742, (10, 10): 0.13904982618771727}
betweenness centrality: {(0, 0): 0.0, (0, 1): 0.0030969808276936723, (0, 2): 0.016076639659370097, (0, 3): 0.0043427800881526875, (0, 4): 0.015312986057962757, (0, 5): 0.005426976627753756, (0, 6): 0.016655997522099352, (0, 7): 0.005122799268348669, (0, 8): 0.0013750924727974957, (0, 9): 0.018180929463059964, (0, 10): 0.0, (1, 0): 0.003407061652249797, (1, 1): 0.03163724566730802, (1, 2): 0.001704839430146196, (1, 3): 0.060530561006341396, (1, 4): 0.007247050040771789, (1, 5): 0.06705644713884568, (1, 6): 0.013461087591562972, (1, 7): 0.03853643105159645, (1, 8): 0.038998436851130046, (1, 9): 0.01109971363415955, (1, 10): 0.006880415854103117, (2, 0): 0.0072642250926374585, (2, 1): 0.01462401000357775, (2, 2): 0.06134663612702098, (2, 3): 0.030251940398305633, (2, 4): 0.07306096176867362, (2, 5): 0.052238256954409805, (2, 6): 0.05844432347435564, (2, 7): 0.06960676653268624, (2, 8): 0.030630910724307323, (2, 9): 0.01416832457408031, (2, 10): 0.01990676979857085, (3, 0): 0.019649219989884965, (3, 1): 0.031036655982260283, (3, 2): 0.043298049425552085, (3, 3): 0.059774982455434646, (3, 4): 0.07938107627834746, (3, 5): 0.09411803685812833, (3, 6): 0.07730559660240116, (3, 7): 0.08110960305933834, (3, 8): 0.051012807946387836, (3, 9): 0.045210281470096814, (3, 10): 0.0034418218537241056, (4, 0): 0.009241099837721804, (4, 1): 0.043522539617627164, (4, 2): 0.03825415093204374, (4, 3): 0.06628672689986591, (4, 4): 0.07417804595947429, (4, 5): 0.033897277245633746, (4, 6): 0.12265014941280325, (4, 7): 0.0693745125303909, (4, 8): 0.034744761594839926, (4, 9): 0.04705421118759586, (4, 10): 0.013634586433004036, (5, 0): 0.007115146647149357, (5, 1): 0.03655880476589543, (5, 2): 0.08982347509001433, (5, 3): 0.06985994572536172, (5, 4): 0.06201760275149749, (5, 5): 0.0688227336144549, (5, 6): 0.04233384182386724, (5, 7): 0.11370343721164171, (5, 8): 0.04307984425223096, (5, 9): 0.019926494017094214, (5, 10): 0.013925796248353762, (6, 0): 0.007426382840995956, (6, 1): 0.041092957690245166, (6, 2): 0.03134173575863294, (6, 3): 0.10225899539961722, (6, 4): 0.07269206310284503, (6, 5): 0.05398437460079973, (6, 6): 0.07566619983924959, (6, 7): 0.09234587448336795, (6, 8): 0.09874010997437921, (6, 9): 0.0378987657685284, (6, 10): 0.007747562398405249, (7, 0): 0.0013136475628690372, (7, 1): 0.04107178833092714, (7, 2): 0.07691578387663778, (7, 3): 0.012694139331462429, (7, 4): 0.147428826422588, (7, 5): 0.0377504352569399, (7, 6): 0.06995363511853932, (7, 7): 0.0245861078491894, (7, 8): 0.03523645639479676, (7, 9): 0.06404891890165632, (7, 10): 0.0, (8, 0): 0.008674902800058075, (8, 1): 0.0332368271717112, (8, 2): 0.024243415490643974, (8, 3): 0.10471907312688097, (8, 4): 0.0, (8, 5): 0.09532075935700628, (8, 6): 0.044996224829281894, (8, 7): 0.04937808373825577, (8, 8): 0.042139252200977105, (8, 9): 0.021420829295233243, (8, 10): 0.007348393373103795, (9, 0): 0.007176820481566433, (9, 1): 0.02136868434580088, (9, 2): 0.02514817906411113, (9, 3): 0.023886792728151775, (9, 4): 0.079560284811507, (9, 5): 0.016002878825236752, (9, 6): 0.05735380763001325, (9, 7): 0.04630452125523532, (9, 8): 0.009718720178306594, (9, 9): 0.04244555719852516, (9, 10): 7.002801120448179e-05, (10, 0): 5.8356676003734816e-05, (10, 1): 0.0042393819600108325, (10, 2): 0.01489450392589762, (10, 3): 0.0, (10, 4): 0.001984344995699465, (10, 5): 0.009580492906636076, (10, 6): 0.001221846377766354, (10, 7): 0.006949549325649511, (10, 8): 0.012474222852779467, (10, 9): 0.0022913670002399703, (10, 10): 0.0}
katz centrality: {(0, 0): 0.04871693402235138, (0, 1): 0.0620405718259226, (0, 2): 0.07303849645183563, (0, 3): 0.07381083477107928, (0, 4): 0.07709274446376226, (0, 5): 0.07406024727422966, (0, 6): 0.07810592239740659, (0, 7): 0.07803110489333183, (0, 8): 0.07095708761289975, (0, 9): 0.07123802456196521, (0, 10): 0.0544536235595331, (1, 0): 0.060197881583876435, (1, 1): 0.07550260203330061, (1, 2): 0.06894615090714112, (1, 3): 0.10736421769784052, (1, 4): 0.06971166098665435, (1, 5): 0.10402540670426004, (1, 6): 0.08250450566093606, (1, 7): 0.11327572691203112, (1, 8): 0.09475815577273126, (1, 9): 0.08987025525402186, (1, 10): 0.06163147284315261, (2, 0): 0.06294356143040501, (2, 1): 0.06532794439222354, (2, 2): 0.09661971841227829, (2, 3): 0.09521056567889152, (2, 4): 0.10754526711654948, (2, 5): 0.10750534870998654, (2, 6): 0.114566137903798, (2, 7): 0.11254262030284992, (2, 8): 0.08962499638614449, (2, 9): 0.08150120789645021, (2, 10): 0.0789563421198146, (3, 0): 0.08206839249665994, (3, 1): 0.09831229914454513, (3, 2): 0.099346431651486, (3, 3): 0.10919461047085106, (3, 4): 0.12956328372054787, (3, 5): 0.1184278487028909, (3, 6): 0.11429956621721926, (3, 7): 0.09984146634048392, (3, 8): 0.08739341530587824, (3, 9): 0.0806906225357807, (3, 10): 0.0642031244785273, (4, 0): 0.07966955205667808, (4, 1): 0.10276382975253426, (4, 2): 0.11098832888560112, (4, 3): 0.12475137975285992, (4, 4): 0.12245328586457571, (4, 5): 0.09887779271866036, (4, 6): 0.09236720449115647, (4, 7): 0.07956770930331006, (4, 8): 0.06557898099372386, (4, 9): 0.07748156526665573, (4, 10): 0.06990695657879484, (5, 0): 0.08297382215365327, (5, 1): 0.1216742685817091, (5, 2): 0.13159634530707617, (5, 3): 0.1225358262281214, (5, 4): 0.10951537886161275, (5, 5): 0.0932544524901797, (5, 6): 0.08071362685065296, (5, 7): 0.10160374646913684, (5, 8): 0.08194483905127334, (5, 9): 0.06680004013988569, (5, 10): 0.06502751531677146, (6, 0): 0.08236326248922587, (6, 1): 0.11396383295539787, (6, 2): 0.10075697402671085, (6, 3): 0.10686227469761371, (6, 4): 0.11362983139256404, (6, 5): 0.0927233800340281, (6, 6): 0.11264199193222221, (6, 7): 0.12157469450984135, (6, 8): 0.11750549941397194, (6, 9): 0.09121989313205096, (6, 10): 0.07324918280094811, (7, 0): 0.07019505616034774, (7, 1): 0.10613272900459086, (7, 2): 0.10247418980079982, (7, 3): 0.08441310393942236, (7, 4): 0.11532715948444879, (7, 5): 0.09180435476159308, (7, 6): 0.1146170356786354, (7, 7): 0.09917551718859445, (7, 8): 0.09587795032371314, (7, 9): 0.10519157513501014, (7, 10): 0.05761358141232122, (8, 0): 0.0781194045037657, (8, 1): 0.1017878319194474, (8, 2): 0.08768345561135114, (8, 3): 0.096645035629384, (8, 4): 0.0618798252436255, (8, 5): 0.09364705095604385, (8, 6): 0.10191079708678558, (8, 7): 0.11374921216106021, (8, 8): 0.10222200685102012, (8, 9): 0.08909178382703448, (8, 10): 0.07108269681114963, (9, 0): 0.07265380899868779, (9, 1): 0.08895293692471787, (9, 2): 0.07530782364894932, (9, 3): 0.06887961782750693, (9, 4): 0.08957788561865532, (9, 5): 0.08497239633037014, (9, 6): 0.10337089350170016, (9, 7): 0.10865118278993985, (9, 8): 0.0889927054477047, (9, 9): 0.10487687095923852, (9, 10): 0.0650437835124389, (10, 0): 0.0643852363170064, (10, 1): 0.07057887905644523, (10, 2): 0.06813007013382694, (10, 3): 0.05486764261515469, (10, 4): 0.06455384171721913, (10, 5): 0.07541417553581578, (10, 6): 0.06778347337053107, (10, 7): 0.07782470568302714, (10, 8): 0.08677476897788718, (10, 9): 0.07573548670874826, (10, 10): 0.058158739266189065}
;
