100 302 3
4 2 1
0 2 1
10
param Vertices :=
1 0.0
2 0.1
3 0.2
4 0.3
5 0.4
6 0.5
7 0.6
8 0.7
9 0.8
10 0.9
11 1.0
12 1.1
13 1.2
14 1.3
15 1.4
16 1.5
17 1.6
18 1.7
19 1.8
20 1.9
21 2.0
22 2.1
23 2.2
24 2.3
25 2.4
26 2.5
27 2.6
28 2.7
29 2.8
30 2.9
31 3.0
32 3.1
33 3.2
34 3.3
35 3.4
36 3.5
37 3.6
38 3.7
39 3.8
40 3.9
41 4.0
42 4.1
43 4.2
44 4.3
45 4.4
46 4.5
47 4.6
48 4.7
49 4.8
50 4.9
51 5.0
52 5.1
53 5.2
54 5.3
55 5.4
56 5.5
57 5.6
58 5.7
59 5.8
60 5.9
61 6.0
62 6.1
63 6.2
64 6.3
65 6.4
66 6.5
67 6.6
68 6.7
69 6.8
70 6.9
71 7.0
72 7.1
73 7.2
74 7.3
75 7.4
76 7.5
77 7.6
78 7.7
79 7.8
80 7.9
81 8.0
82 8.1
83 8.2
84 8.3
85 8.4
86 8.5
87 8.6
88 8.7
89 8.8
90 8.9
91 9.0
92 9.1
93 9.2
94 9.3
95 9.4
96 9.5
97 9.6
98 9.7
99 9.8
100 9.9
;
param Edges :=
1 11
1 12
2 12
2 3
2 13
2 11
3 13
3 4
3 14
3 12
4 14
4 5
4 15
5 15
5 6
5 16
5 14
6 16
6 7
6 17
6 15
7 17
7 8
7 18
7 16
8 18
8 9
9 19
9 10
9 20
9 18
10 20
10 19
11 21
11 12
11 22
12 22
12 13
12 21
13 23
13 14
13 24
13 22
14 24
14 15
14 25
14 23
15 25
15 26
15 24
16 26
16 17
16 27
16 25
17 27
17 18
18 28
18 29
19 29
19 20
19 28
20 30
20 29
21 31
21 22
21 32
22 32
22 23
22 33
22 31
23 33
23 24
23 34
23 32
24 34
24 35
24 33
25 35
25 26
25 36
25 34
26 36
26 27
26 37
26 35
27 37
27 38
27 36
28 38
28 29
28 39
28 37
29 39
29 30
29 40
29 38
30 40
30 39
31 41
31 32
31 42
32 33
32 43
32 41
33 34
34 44
34 35
34 45
34 43
35 45
35 46
36 46
36 37
36 47
36 45
37 47
37 38
37 48
38 48
38 39
38 49
39 49
39 50
39 48
40 50
41 51
41 42
41 52
42 52
42 43
42 53
42 51
43 53
43 44
43 54
43 52
44 54
44 45
44 55
44 53
45 55
45 46
45 56
45 54
46 56
46 47
46 57
46 55
47 57
47 48
47 56
48 58
48 49
48 59
48 57
49 59
49 50
49 60
49 58
50 60
51 61
51 52
52 62
52 53
52 63
52 61
53 54
53 64
53 62
54 64
54 65
54 63
55 65
55 56
55 66
55 64
56 66
56 57
56 67
56 65
57 58
57 68
57 66
58 59
58 69
58 67
59 60
59 70
59 68
60 70
60 69
61 71
61 62
61 72
62 72
62 63
62 73
62 71
63 73
63 64
63 74
63 72
64 74
64 65
64 75
64 73
65 66
65 76
65 74
66 76
66 67
66 77
66 75
67 77
67 68
67 78
67 76
68 78
68 69
68 79
68 77
69 79
69 70
69 80
69 78
70 80
70 79
71 72
71 82
72 82
72 73
72 83
72 81
73 83
73 74
73 84
73 82
74 75
74 85
74 83
75 85
75 86
75 84
76 86
76 77
76 87
76 85
77 87
77 78
77 88
77 86
78 88
78 79
78 89
78 87
79 89
79 80
79 88
80 90
80 89
81 91
81 82
81 92
82 83
82 93
82 91
83 93
83 84
83 94
83 92
84 94
84 85
84 93
85 95
85 86
85 96
85 94
86 96
86 87
86 97
86 95
87 97
87 88
87 98
87 96
88 98
88 89
88 99
88 97
89 99
89 90
89 100
89 98
90 100
90 99
92 93
93 94
95 96
96 97
97 98
98 99
99 100
;
param Grid_Label_Edges :=
0 0 1 0
0 0 1 1
0 1 1 1
0 1 0 2
0 1 1 2
0 1 1 0
0 2 1 2
0 2 0 3
0 2 1 3
0 2 1 1
0 3 1 3
0 3 0 4
0 3 1 4
0 4 1 4
0 4 0 5
0 4 1 5
0 4 1 3
0 5 1 5
0 5 0 6
0 5 1 6
0 5 1 4
0 6 1 6
0 6 0 7
0 6 1 7
0 6 1 5
0 7 1 7
0 7 0 8
0 8 1 8
0 8 0 9
0 8 1 9
0 8 1 7
0 9 1 9
0 9 1 8
1 0 2 0
1 0 1 1
1 0 2 1
1 1 2 1
1 1 1 2
1 1 2 0
1 2 2 2
1 2 1 3
1 2 2 3
1 2 2 1
1 3 2 3
1 3 1 4
1 3 2 4
1 3 2 2
1 4 2 4
1 4 2 5
1 4 2 3
1 5 2 5
1 5 1 6
1 5 2 6
1 5 2 4
1 6 2 6
1 6 1 7
1 7 2 7
1 7 2 8
1 8 2 8
1 8 1 9
1 8 2 7
1 9 2 9
1 9 2 8
2 0 3 0
2 0 2 1
2 0 3 1
2 1 3 1
2 1 2 2
2 1 3 2
2 1 3 0
2 2 3 2
2 2 2 3
2 2 3 3
2 2 3 1
2 3 3 3
2 3 3 4
2 3 3 2
2 4 3 4
2 4 2 5
2 4 3 5
2 4 3 3
2 5 3 5
2 5 2 6
2 5 3 6
2 5 3 4
2 6 3 6
2 6 3 7
2 6 3 5
2 7 3 7
2 7 2 8
2 7 3 8
2 7 3 6
2 8 3 8
2 8 2 9
2 8 3 9
2 8 3 7
2 9 3 9
2 9 3 8
3 0 4 0
3 0 3 1
3 0 4 1
3 1 3 2
3 1 4 2
3 1 4 0
3 2 3 3
3 3 4 3
3 3 3 4
3 3 4 4
3 3 4 2
3 4 4 4
3 4 4 5
3 5 4 5
3 5 3 6
3 5 4 6
3 5 4 4
3 6 4 6
3 6 3 7
3 6 4 7
3 7 4 7
3 7 3 8
3 7 4 8
3 8 4 8
3 8 4 9
3 8 4 7
3 9 4 9
4 0 5 0
4 0 4 1
4 0 5 1
4 1 5 1
4 1 4 2
4 1 5 2
4 1 5 0
4 2 5 2
4 2 4 3
4 2 5 3
4 2 5 1
4 3 5 3
4 3 4 4
4 3 5 4
4 3 5 2
4 4 5 4
4 4 4 5
4 4 5 5
4 4 5 3
4 5 5 5
4 5 4 6
4 5 5 6
4 5 5 4
4 6 5 6
4 6 4 7
4 6 5 5
4 7 5 7
4 7 4 8
4 7 5 8
4 7 5 6
4 8 5 8
4 8 4 9
4 8 5 9
4 8 5 7
4 9 5 9
5 0 6 0
5 0 5 1
5 1 6 1
5 1 5 2
5 1 6 2
5 1 6 0
5 2 5 3
5 2 6 3
5 2 6 1
5 3 6 3
5 3 6 4
5 3 6 2
5 4 6 4
5 4 5 5
5 4 6 5
5 4 6 3
5 5 6 5
5 5 5 6
5 5 6 6
5 5 6 4
5 6 5 7
5 6 6 7
5 6 6 5
5 7 5 8
5 7 6 8
5 7 6 6
5 8 5 9
5 8 6 9
5 8 6 7
5 9 6 9
5 9 6 8
6 0 7 0
6 0 6 1
6 0 7 1
6 1 7 1
6 1 6 2
6 1 7 2
6 1 7 0
6 2 7 2
6 2 6 3
6 2 7 3
6 2 7 1
6 3 7 3
6 3 6 4
6 3 7 4
6 3 7 2
6 4 6 5
6 4 7 5
6 4 7 3
6 5 7 5
6 5 6 6
6 5 7 6
6 5 7 4
6 6 7 6
6 6 6 7
6 6 7 7
6 6 7 5
6 7 7 7
6 7 6 8
6 7 7 8
6 7 7 6
6 8 7 8
6 8 6 9
6 8 7 9
6 8 7 7
6 9 7 9
6 9 7 8
7 0 7 1
7 0 8 1
7 1 8 1
7 1 7 2
7 1 8 2
7 1 8 0
7 2 8 2
7 2 7 3
7 2 8 3
7 2 8 1
7 3 7 4
7 3 8 4
7 3 8 2
7 4 8 4
7 4 8 5
7 4 8 3
7 5 8 5
7 5 7 6
7 5 8 6
7 5 8 4
7 6 8 6
7 6 7 7
7 6 8 7
7 6 8 5
7 7 8 7
7 7 7 8
7 7 8 8
7 7 8 6
7 8 8 8
7 8 7 9
7 8 8 7
7 9 8 9
7 9 8 8
8 0 9 0
8 0 8 1
8 0 9 1
8 1 8 2
8 1 9 2
8 1 9 0
8 2 9 2
8 2 8 3
8 2 9 3
8 2 9 1
8 3 9 3
8 3 8 4
8 3 9 2
8 4 9 4
8 4 8 5
8 4 9 5
8 4 9 3
8 5 9 5
8 5 8 6
8 5 9 6
8 5 9 4
8 6 9 6
8 6 8 7
8 6 9 7
8 6 9 5
8 7 9 7
8 7 8 8
8 7 9 8
8 7 9 6
8 8 9 8
8 8 8 9
8 8 9 9
8 8 9 7
8 9 9 9
8 9 9 8
9 1 9 2
9 2 9 3
9 4 9 5
9 5 9 6
9 6 9 7
9 7 9 8
9 8 9 9
;
param Centralities :=
degree centrality: {(0, 0): 0.020202020202020204, (0, 1): 0.04040404040404041, (0, 2): 0.05050505050505051, (0, 3): 0.04040404040404041, (0, 4): 0.05050505050505051, (0, 5): 0.05050505050505051, (0, 6): 0.05050505050505051, (0, 7): 0.030303030303030304, (0, 8): 0.05050505050505051, (0, 9): 0.030303030303030304, (1, 0): 0.05050505050505051, (1, 1): 0.07070707070707072, (1, 2): 0.07070707070707072, (1, 3): 0.08080808080808081, (1, 4): 0.07070707070707072, (1, 5): 0.07070707070707072, (1, 6): 0.05050505050505051, (1, 7): 0.06060606060606061, (1, 8): 0.05050505050505051, (1, 9): 0.05050505050505051, (2, 0): 0.05050505050505051, (2, 1): 0.08080808080808081, (2, 2): 0.07070707070707072, (2, 3): 0.07070707070707072, (2, 4): 0.07070707070707072, (2, 5): 0.07070707070707072, (2, 6): 0.06060606060606061, (2, 7): 0.06060606060606061, (2, 8): 0.08080808080808081, (2, 9): 0.04040404040404041, (3, 0): 0.05050505050505051, (3, 1): 0.07070707070707072, (3, 2): 0.05050505050505051, (3, 3): 0.08080808080808081, (3, 4): 0.06060606060606061, (3, 5): 0.07070707070707072, (3, 6): 0.07070707070707072, (3, 7): 0.07070707070707072, (3, 8): 0.07070707070707072, (3, 9): 0.030303030303030304, (4, 0): 0.05050505050505051, (4, 1): 0.06060606060606061, (4, 2): 0.07070707070707072, (4, 3): 0.06060606060606061, (4, 4): 0.08080808080808081, (4, 5): 0.07070707070707072, (4, 6): 0.06060606060606061, (4, 7): 0.08080808080808081, (4, 8): 0.07070707070707072, (4, 9): 0.04040404040404041, (5, 0): 0.04040404040404041, (5, 1): 0.08080808080808081, (5, 2): 0.07070707070707072, (5, 3): 0.07070707070707072, (5, 4): 0.07070707070707072, (5, 5): 0.08080808080808081, (5, 6): 0.07070707070707072, (5, 7): 0.06060606060606061, (5, 8): 0.06060606060606061, (5, 9): 0.05050505050505051, (6, 0): 0.05050505050505051, (6, 1): 0.07070707070707072, (6, 2): 0.07070707070707072, (6, 3): 0.08080808080808081, (6, 4): 0.07070707070707072, (6, 5): 0.08080808080808081, (6, 6): 0.07070707070707072, (6, 7): 0.07070707070707072, (6, 8): 0.07070707070707072, (6, 9): 0.05050505050505051, (7, 0): 0.04040404040404041, (7, 1): 0.08080808080808081, (7, 2): 0.08080808080808081, (7, 3): 0.07070707070707072, (7, 4): 0.06060606060606061, (7, 5): 0.07070707070707072, (7, 6): 0.08080808080808081, (7, 7): 0.08080808080808081, (7, 8): 0.07070707070707072, (7, 9): 0.05050505050505051, (8, 0): 0.04040404040404041, (8, 1): 0.07070707070707072, (8, 2): 0.08080808080808081, (8, 3): 0.06060606060606061, (8, 4): 0.08080808080808081, (8, 5): 0.08080808080808081, (8, 6): 0.08080808080808081, (8, 7): 0.08080808080808081, (8, 8): 0.08080808080808081, (8, 9): 0.04040404040404041, (9, 0): 0.020202020202020204, (9, 1): 0.030303030303030304, (9, 2): 0.05050505050505051, (9, 3): 0.04040404040404041, (9, 4): 0.030303030303030304, (9, 5): 0.05050505050505051, (9, 6): 0.05050505050505051, (9, 7): 0.05050505050505051, (9, 8): 0.05050505050505051, (9, 9): 0.030303030303030304}
eigenvector centrality: {(0, 0): 0.00747378677564262, (0, 1): 0.018960648394597816, (0, 2): 0.027984592540335224, (0, 3): 0.02711100693040094, (0, 4): 0.03361627160958314, (0, 5): 0.028010356639539855, (0, 6): 0.019802998761317633, (0, 7): 0.007397882990181674, (0, 8): 0.00920113326715299, (0, 9): 0.005532607144662085, (1, 0): 0.020320256646787337, (1, 1): 0.030330103732866813, (1, 2): 0.049863056940100355, (1, 3): 0.06338996429216713, (1, 4): 0.05874453767770235, (1, 5): 0.0505674791510234, (1, 6): 0.02710047515229873, (1, 7): 0.021133301368664585, (1, 8): 0.015783436767711705, (1, 9): 0.012511782630508214, (2, 0): 0.029255021217697266, (2, 1): 0.051692681192154824, (2, 2): 0.06960014005837174, (2, 3): 0.07597052630888966, (2, 4): 0.08671427763215139, (2, 5): 0.083310951636213, (2, 6): 0.06415254157102374, (2, 7): 0.042915903092705425, (2, 8): 0.0368084622653814, (2, 9): 0.017471146767758485, (3, 0): 0.03721502384700008, (3, 1): 0.05870698616451077, (3, 2): 0.0550378328356218, (3, 3): 0.11703126841293096, (3, 4): 0.10120047077511281, (3, 5): 0.11343935509246333, (3, 6): 0.08980240561685333, (3, 7): 0.07056048154549932, (3, 8): 0.05676829541613574, (3, 9): 0.01232004148925484, (4, 0): 0.04502165935479209, (4, 1): 0.06753672166610132, (4, 2): 0.11004597072247782, (4, 3): 0.1257076611357023, (4, 4): 0.16887420003207126, (4, 5): 0.1539629428306057, (4, 6): 0.12199742204588089, (4, 7): 0.11224494302718548, (4, 8): 0.07552208618824631, (4, 9): 0.029218125393880048, (5, 0): 0.04026463205169519, (5, 1): 0.10139911091845244, (5, 2): 0.1237680125064179, (5, 3): 0.15166271289587713, (5, 4): 0.18057792388383212, (5, 5): 0.2009339350547993, (5, 6): 0.15643847029679855, (5, 7): 0.1062834416053289, (5, 8): 0.08335681463892029, (5, 9): 0.05341345734097541, (6, 0): 0.05892672315583549, (6, 1): 0.1050166405700952, (6, 2): 0.13663086069025024, (6, 3): 0.17744516397633558, (6, 4): 0.18539649660443414, (6, 5): 0.2115226881517539, (6, 6): 0.1830376037257105, (6, 7): 0.15330254840369187, (6, 8): 0.1097305185870555, (6, 9): 0.06418104131679858, (7, 0): 0.050048519256452526, (7, 1): 0.10263520927243686, (7, 2): 0.13832242117086016, (7, 3): 0.14951175396561306, (7, 4): 0.1367390133752127, (7, 5): 0.1848498019161728, (7, 6): 0.20560558819229072, (7, 7): 0.1780315761531408, (7, 8): 0.12280458239643995, (7, 9): 0.06568214402743813, (8, 0): 0.032182380581836416, (8, 1): 0.0726160457880429, (8, 2): 0.1018489345553464, (8, 3): 0.09175440542084276, (8, 4): 0.13691427274425846, (8, 5): 0.1595881594535795, (8, 6): 0.1707463117466797, (8, 7): 0.15240900401452265, (8, 8): 0.10897322099029352, (8, 9): 0.039473192583861276, (9, 0): 0.015463081254358368, (9, 1): 0.027396287496939852, (9, 2): 0.05164296561749173, (9, 3): 0.05638754414169302, (9, 4): 0.057293626624555304, (9, 5): 0.09180322913483964, (9, 6): 0.0976523764836253, (9, 7): 0.08729277270758697, (9, 8): 0.06184787774413878, (9, 9): 0.031028084696148973}
closeness centrality: {(0, 0): 0.15689381933438987, (0, 1): 0.17277486910994763, (0, 2): 0.18265682656826568, (0, 3): 0.19038461538461537, (0, 4): 0.19488188976377951, (0, 5): 0.19373776908023482, (0, 6): 0.19148936170212766, (0, 7): 0.1767857142857143, (0, 8): 0.16779661016949152, (0, 9): 0.15916398713826366, (1, 0): 0.17157712305025996, (1, 1): 0.1853932584269663, (1, 2): 0.2053941908713693, (1, 3): 0.21568627450980393, (1, 4): 0.22297297297297297, (1, 5): 0.22247191011235956, (1, 6): 0.2129032258064516, (1, 7): 0.198, (1, 8): 0.1853932584269663, (1, 9): 0.16981132075471697, (2, 0): 0.18401486988847585, (2, 1): 0.2032854209445585, (2, 2): 0.22602739726027396, (2, 3): 0.24087591240875914, (2, 4): 0.25063291139240507, (2, 5): 0.24874371859296482, (2, 6): 0.24087591240875914, (2, 7): 0.2219730941704036, (2, 8): 0.20121951219512196, (2, 9): 0.18333333333333332, (3, 0): 0.19148936170212766, (3, 1): 0.2175824175824176, (3, 2): 0.22297297297297297, (3, 3): 0.26541554959785524, (3, 4): 0.27197802197802196, (3, 5): 0.2727272727272727, (3, 6): 0.2625994694960212, (3, 7): 0.23741007194244604, (3, 8): 0.21663019693654267, (3, 9): 0.1813186813186813, (4, 0): 0.19603960396039605, (4, 1): 0.21951219512195122, (4, 2): 0.2531969309462916, (4, 3): 0.27123287671232876, (4, 4): 0.2911764705882353, (4, 5): 0.28530259365994237, (4, 6): 0.27348066298342544, (4, 7): 0.2531969309462916, (4, 8): 0.2239819004524887, (4, 9): 0.193359375, (5, 0): 0.19298245614035087, (5, 1): 0.2239819004524887, (5, 2): 0.24874371859296482, (5, 3): 0.2757660167130919, (5, 4): 0.28125, (5, 5): 0.2903225806451613, (5, 6): 0.2773109243697479, (5, 7): 0.24937027707808565, (5, 8): 0.22297297297297297, (5, 9): 0.19603960396039605, (6, 0): 0.19111969111969113, (6, 1): 0.21382289416846653, (6, 2): 0.24146341463414633, (6, 3): 0.2584856396866841, (6, 4): 0.2742382271468144, (6, 5): 0.275, (6, 6): 0.264, (6, 7): 0.24205378973105135, (6, 8): 0.21521739130434783, (6, 9): 0.19186046511627908, (7, 0): 0.18065693430656934, (7, 1): 0.20412371134020618, (7, 2): 0.22048997772828507, (7, 3): 0.24087591240875914, (7, 4): 0.2512690355329949, (7, 5): 0.25190839694656486, (7, 6): 0.24029126213592233, (7, 7): 0.22654462242562928, (7, 8): 0.20582120582120583, (7, 9): 0.18232044198895028, (8, 0): 0.17157712305025996, (8, 1): 0.18574108818011256, (8, 2): 0.2037037037037037, (8, 3): 0.21521739130434783, (8, 4): 0.2234762979683973, (8, 5): 0.22297297297297297, (8, 6): 0.2175824175824176, (8, 7): 0.20412371134020618, (8, 8): 0.19001919385796545, (8, 9): 0.1689419795221843, (9, 0): 0.1573926868044515, (9, 1): 0.1706896551724138, (9, 2): 0.18299445471349354, (9, 3): 0.1907514450867052, (9, 4): 0.1896551724137931, (9, 5): 0.1956521739130435, (9, 6): 0.19148936170212766, (9, 7): 0.1836734693877551, (9, 8): 0.171875, (9, 9): 0.16045380875202594}
betweenness centrality: {(0, 0): 0.0, (0, 1): 0.0021185842083927633, (0, 2): 0.013216466573641414, (0, 3): 0.005581592462331977, (0, 4): 0.012989597358260229, (0, 5): 0.015784906810214095, (0, 6): 0.023113138808376326, (0, 7): 0.004158501966058581, (0, 8): 0.007242907808434804, (0, 9): 0.0, (1, 0): 0.006760274639633394, (1, 1): 0.023094113152264534, (1, 2): 0.037831136983658475, (1, 3): 0.05357130854041583, (1, 4): 0.04247006431381363, (1, 5): 0.04866598624454126, (1, 6): 0.01752599966932656, (1, 7): 0.03659800033717167, (1, 8): 0.018613648070886276, (1, 9): 0.005625050605926321, (2, 0): 0.013911067853798044, (2, 1): 0.03560320382183025, (2, 2): 0.037189227371008445, (2, 3): 0.052348957320744974, (2, 4): 0.07981222618106694, (2, 5): 0.05587597829322222, (2, 6): 0.046979199840530596, (2, 7): 0.05764038441922894, (2, 8): 0.046577201359640094, (2, 9): 0.005476889073088466, (3, 0): 0.01669939628094503, (3, 1): 0.053462739296281585, (3, 2): 0.014414993152608909, (3, 3): 0.1151134737056002, (3, 4): 0.05949048191981064, (3, 5): 0.09132300288349914, (3, 6): 0.09769987643108415, (3, 7): 0.059954307293594744, (3, 8): 0.04919790877222534, (3, 9): 0.0028394277911838292, (4, 0): 0.016630887033809143, (4, 1): 0.025563605038154216, (4, 2): 0.09081416870553034, (4, 3): 0.039444087849218275, (4, 4): 0.12650497995096963, (4, 5): 0.06584030194118784, (4, 6): 0.04811722685133209, (4, 7): 0.09804044364051238, (4, 8): 0.04392371484706642, (4, 9): 0.012740010368037983, (5, 0): 0.004206887206776348, (5, 1): 0.0554916714631457, (5, 2): 0.0519231224838771, (5, 3): 0.09113607627542829, (5, 4): 0.0614717776893985, (5, 5): 0.09855933253149063, (5, 6): 0.10043959554758226, (5, 7): 0.05210865403399678, (5, 8): 0.03183661238652624, (5, 9): 0.019005705419714712, (6, 0): 0.011611271753493373, (6, 1): 0.029919377902320125, (6, 2): 0.060325526010464425, (6, 3): 0.07714185376303788, (6, 4): 0.08370401961882683, (6, 5): 0.09629746652044599, (6, 6): 0.07482033265790757, (6, 7): 0.0560561780773168, (6, 8): 0.03679633257691588, (6, 9): 0.01379398248355108, (7, 0): 0.0031802301501009894, (7, 1): 0.03874455727656635, (7, 2): 0.04955516701393031, (7, 3): 0.0615031580252837, (7, 4): 0.06066552781817515, (7, 5): 0.06498727690077967, (7, 6): 0.05841873417477361, (7, 7): 0.054666760264327936, (7, 8): 0.02284810610303321, (7, 9): 0.013404188455166931, (8, 0): 0.004441656527390491, (8, 1): 0.026616564975482798, (8, 2): 0.037920547485422715, (8, 3): 0.02954431229860411, (8, 4): 0.05742371978668605, (8, 5): 0.043991554389374986, (8, 6): 0.03967356412501279, (8, 7): 0.03472490773090973, (8, 8): 0.03422677630090856, (8, 9): 0.002050973386291934, (9, 0): 0.0, (9, 1): 0.0016161166921986397, (9, 2): 0.006511061649976266, (9, 3): 0.0075959733487760495, (9, 4): 0.0, (9, 5): 0.008468261500008411, (9, 6): 0.009079559681761688, (9, 7): 0.007963128912073281, (9, 8): 0.005768731497863044, (9, 9): 0.0}
katz centrality: {(0, 0): 0.052415576166132995, (0, 1): 0.07096831590363462, (0, 2): 0.08102640696466752, (0, 3): 0.073517301303834, (0, 4): 0.08237636665940846, (0, 5): 0.07941141035443984, (0, 6): 0.07537726784599642, (0, 7): 0.05835273906045758, (0, 8): 0.07014849714926932, (0, 9): 0.05727079924658486, (1, 0): 0.07629497344349948, (1, 1): 0.09316110047759185, (1, 2): 0.10450099041034874, (1, 3): 0.1134166738110273, (1, 4): 0.10365387786299812, (1, 5): 0.09906471552154693, (1, 6): 0.07894218791420972, (1, 7): 0.08330193786907145, (1, 8): 0.07504343551754329, (1, 9): 0.07281637205879733, (2, 0): 0.08190366248257787, (2, 1): 0.10980139166481856, (2, 2): 0.1110923636708483, (2, 3): 0.11084396387066064, (2, 4): 0.11245577962726828, (2, 5): 0.1098175952631038, (2, 6): 0.09756685981080394, (2, 7): 0.09361573163600034, (2, 8): 0.10188326734454241, (2, 9): 0.06911803358979451, (3, 0): 0.08244750082053263, (3, 1): 0.10263197067909756, (3, 2): 0.09128166692345045, (3, 3): 0.12374729160884095, (3, 4): 0.10604708667885364, (3, 5): 0.11411086778607345, (3, 6): 0.11057707760325497, (3, 7): 0.10845646627961184, (3, 8): 0.10219544400574083, (3, 9): 0.05958556474862595, (4, 0): 0.08204692425147042, (4, 1): 0.09339137138712328, (4, 2): 0.1130465092370385, (4, 3): 0.10787024759656846, (4, 4): 0.1301356107434824, (4, 5): 0.11877093793494174, (4, 6): 0.10708512913764041, (4, 7): 0.12041843837907733, (4, 8): 0.1036081562764598, (4, 9): 0.07015465881168378, (5, 0): 0.07289084983496863, (5, 1): 0.11440786205274313, (5, 2): 0.11437437993424102, (5, 3): 0.11934228137153217, (5, 4): 0.12335671533031077, (5, 5): 0.1334109913874642, (5, 6): 0.11886329054535386, (5, 7): 0.10235121846077924, (5, 8): 0.09634791374169352, (5, 9): 0.08145773534577272, (6, 0): 0.08436265291811064, (6, 1): 0.1103685308012986, (6, 2): 0.11889771442294146, (6, 3): 0.1306173091558675, (6, 4): 0.12378135488494371, (6, 5): 0.1342810138596011, (6, 6): 0.12313617369812946, (6, 7): 0.11761548855379607, (6, 8): 0.10643852422684008, (6, 9): 0.08332841266081145, (7, 0): 0.07628806153500273, (7, 1): 0.11497153721685449, (7, 2): 0.12568341219285398, (7, 3): 0.11888652369802596, (7, 4): 0.10715102198358709, (7, 5): 0.12321902630639664, (7, 6): 0.13519187671958638, (7, 7): 0.1305924339534327, (7, 8): 0.11088498491268595, (7, 9): 0.08345528064088363, (8, 0): 0.0681856052176499, (8, 1): 0.09847820667352489, (8, 2): 0.11275150066692373, (8, 3): 0.09716311155286428, (8, 4): 0.11528323593290352, (8, 5): 0.12057933789636993, (8, 6): 0.1252375823321936, (8, 7): 0.12255802285570551, (8, 8): 0.11016199849515129, (8, 9): 0.06903919837310897, (9, 0): 0.05213634996314134, (9, 1): 0.06157027058273966, (9, 2): 0.08006591220258426, (9, 3): 0.07599634480955145, (9, 4): 0.06779086971922849, (9, 5): 0.08734643562277264, (9, 6): 0.08987364260679216, (9, 7): 0.08831535962064141, (9, 8): 0.0806226621763329, (9, 9): 0.061452354678483166}
;
