256 828 3
4 2 1
0 2 1
16
param Vertices :=
1 0.0
2 0.1
3 0.2
4 0.3
5 0.4
6 0.5
7 0.6
8 0.7
9 0.8
10 0.9
11 0.10
12 0.11
13 0.12
14 0.13
15 0.14
16 0.15
17 1.0
18 1.1
19 1.2
20 1.3
21 1.4
22 1.5
23 1.6
24 1.7
25 1.8
26 1.9
27 1.10
28 1.11
29 1.12
30 1.13
31 1.14
32 1.15
33 2.0
34 2.1
35 2.2
36 2.3
37 2.4
38 2.5
39 2.6
40 2.7
41 2.8
42 2.9
43 2.10
44 2.11
45 2.12
46 2.13
47 2.14
48 2.15
49 3.0
50 3.1
51 3.2
52 3.3
53 3.4
54 3.5
55 3.6
56 3.7
57 3.8
58 3.9
59 3.10
60 3.11
61 3.12
62 3.13
63 3.14
64 3.15
65 4.0
66 4.1
67 4.2
68 4.3
69 4.4
70 4.5
71 4.6
72 4.7
73 4.8
74 4.9
75 4.10
76 4.11
77 4.12
78 4.13
79 4.14
80 4.15
81 5.0
82 5.1
83 5.2
84 5.3
85 5.4
86 5.5
87 5.6
88 5.7
89 5.8
90 5.9
91 5.10
92 5.11
93 5.12
94 5.13
95 5.14
96 5.15
97 6.0
98 6.1
99 6.2
100 6.3
101 6.4
102 6.5
103 6.6
104 6.7
105 6.8
106 6.9
107 6.10
108 6.11
109 6.12
110 6.13
111 6.14
112 6.15
113 7.0
114 7.1
115 7.2
116 7.3
117 7.4
118 7.5
119 7.6
120 7.7
121 7.8
122 7.9
123 7.10
124 7.11
125 7.12
126 7.13
127 7.14
128 7.15
129 8.0
130 8.1
131 8.2
132 8.3
133 8.4
134 8.5
135 8.6
136 8.7
137 8.8
138 8.9
139 8.10
140 8.11
141 8.12
142 8.13
143 8.14
144 8.15
145 9.0
146 9.1
147 9.2
148 9.3
149 9.4
150 9.5
151 9.6
152 9.7
153 9.8
154 9.9
155 9.10
156 9.11
157 9.12
158 9.13
159 9.14
160 9.15
161 10.0
162 10.1
163 10.2
164 10.3
165 10.4
166 10.5
167 10.6
168 10.7
169 10.8
170 10.9
171 10.10
172 10.11
173 10.12
174 10.13
175 10.14
176 10.15
177 11.0
178 11.1
179 11.2
180 11.3
181 11.4
182 11.5
183 11.6
184 11.7
185 11.8
186 11.9
187 11.10
188 11.11
189 11.12
190 11.13
191 11.14
192 11.15
193 12.0
194 12.1
195 12.2
196 12.3
197 12.4
198 12.5
199 12.6
200 12.7
201 12.8
202 12.9
203 12.10
204 12.11
205 12.12
206 12.13
207 12.14
208 12.15
209 13.0
210 13.1
211 13.2
212 13.3
213 13.4
214 13.5
215 13.6
216 13.7
217 13.8
218 13.9
219 13.10
220 13.11
221 13.12
222 13.13
223 13.14
224 13.15
225 14.0
226 14.1
227 14.2
228 14.3
229 14.4
230 14.5
231 14.6
232 14.7
233 14.8
234 14.9
235 14.10
236 14.11
237 14.12
238 14.13
239 14.14
240 14.15
241 15.0
242 15.1
243 15.2
244 15.3
245 15.4
246 15.5
247 15.6
248 15.7
249 15.8
250 15.9
251 15.10
252 15.11
253 15.12
254 15.13
255 15.14
256 15.15
;
param Edges :=
1 17
1 2
1 18
2 3
2 19
2 17
3 19
3 4
3 20
3 18
4 20
4 5
4 21
4 19
5 6
5 22
5 20
6 22
6 7
6 23
6 21
7 23
7 24
7 22
8 9
8 25
8 23
9 25
9 10
9 26
9 24
10 26
10 11
10 27
10 25
11 27
11 12
11 28
11 26
12 28
12 13
12 29
12 27
13 29
13 14
13 28
14 30
14 15
14 31
14 29
15 31
15 16
15 32
15 30
16 32
17 33
17 18
17 34
18 19
18 35
18 33
19 35
19 34
20 36
20 21
20 37
20 35
21 37
21 22
21 38
21 36
22 38
22 23
22 39
22 37
23 39
23 24
23 40
23 38
24 40
24 25
24 41
24 39
25 41
25 26
25 42
25 40
26 42
26 27
26 43
26 41
27 43
27 44
27 42
28 44
28 29
28 45
28 43
29 45
29 46
29 44
30 46
30 31
30 47
30 45
31 47
31 32
31 48
31 46
32 47
33 49
34 50
34 35
34 51
34 49
35 51
35 52
35 50
36 52
36 37
36 53
36 51
37 53
37 38
37 54
37 52
38 54
38 39
38 55
38 53
39 55
39 40
39 54
40 56
40 41
40 57
40 55
41 57
41 42
41 58
41 56
42 43
42 59
42 57
43 59
43 60
43 58
44 60
44 45
44 61
45 61
45 46
45 62
45 60
46 62
46 47
46 63
46 61
47 63
47 48
47 64
47 62
49 65
49 50
49 66
50 66
50 51
50 67
50 65
51 67
51 52
51 66
52 68
52 53
52 69
52 67
53 69
53 54
53 70
53 68
54 70
54 55
54 71
54 69
55 71
55 56
55 72
55 70
56 72
56 57
56 73
56 71
57 73
57 58
57 74
57 72
58 74
58 59
58 75
58 73
59 75
59 60
59 76
60 76
60 61
60 77
61 77
61 62
61 78
61 76
62 78
62 63
62 79
62 77
63 79
63 64
63 80
64 80
64 79
65 81
65 66
65 82
66 82
66 67
66 83
66 81
67 83
67 68
67 84
67 82
68 84
68 69
68 85
68 83
69 85
69 70
69 86
69 84
70 86
70 71
70 85
71 87
71 72
71 88
71 86
72 88
72 73
72 89
72 87
73 89
73 74
73 90
73 88
74 90
74 75
74 91
74 89
75 91
75 76
75 90
76 93
76 91
77 93
77 78
77 94
77 92
78 94
78 93
79 95
79 80
79 96
79 94
80 96
81 97
81 82
81 98
82 83
82 99
83 99
83 84
83 100
83 98
84 100
84 85
84 101
85 86
85 102
86 102
86 103
86 101
87 88
87 104
87 102
88 104
88 89
88 105
88 103
89 105
89 90
89 106
89 104
90 106
90 91
90 107
90 105
91 107
91 92
91 108
91 106
92 108
92 93
92 109
92 107
93 109
93 94
93 110
93 108
94 110
94 95
94 109
95 111
95 96
95 112
95 110
96 112
96 111
97 113
97 98
97 114
98 114
98 99
98 115
98 113
99 115
99 100
99 114
100 116
100 101
100 117
100 115
101 117
101 102
102 118
102 103
102 119
102 117
103 119
103 104
103 118
104 120
104 105
104 121
104 119
105 121
105 106
105 122
105 120
106 122
106 123
107 123
107 108
107 124
107 122
108 124
108 109
108 125
108 123
109 125
109 110
109 126
109 124
110 126
110 111
110 127
110 125
111 127
111 128
111 126
112 128
112 127
113 129
113 114
113 130
114 130
114 115
114 131
114 129
115 131
115 116
115 130
116 132
116 117
116 133
116 131
117 133
117 118
117 134
117 132
118 134
118 119
118 133
119 135
119 120
119 136
119 134
120 136
120 121
120 137
120 135
121 137
121 138
121 136
122 138
122 139
122 137
123 139
123 140
123 138
124 140
124 125
124 141
124 139
125 141
125 126
125 142
126 142
126 127
126 143
126 141
127 143
127 128
127 144
128 144
128 143
129 145
129 130
129 146
130 146
130 131
130 147
130 145
131 147
131 132
131 148
131 146
132 148
132 133
132 149
132 147
133 149
133 134
133 150
133 148
134 150
134 135
134 151
135 151
135 152
135 150
136 152
136 137
136 153
137 153
137 138
137 152
138 154
138 139
138 155
138 153
139 155
139 140
139 156
139 154
140 156
140 141
140 157
140 155
141 157
141 142
141 158
141 156
142 158
142 159
142 157
143 159
143 144
143 158
144 160
144 159
145 161
145 146
145 162
146 147
146 163
146 161
147 148
147 164
147 162
148 164
148 149
148 165
148 163
149 165
149 150
149 166
149 164
150 166
150 151
150 167
150 165
151 152
151 168
151 166
152 168
152 153
152 169
153 169
153 154
153 170
153 168
154 170
154 155
154 171
154 169
155 171
155 156
155 172
155 170
156 172
156 157
156 173
156 171
157 173
157 158
157 174
157 172
158 159
158 175
158 173
159 175
159 176
159 174
160 176
160 175
161 177
161 162
162 178
162 163
162 179
162 177
163 179
163 164
163 180
163 178
164 180
164 165
164 181
164 179
165 181
165 166
165 182
165 180
166 182
166 167
166 183
166 181
167 183
167 168
167 184
167 182
168 184
168 169
168 185
168 183
169 185
169 170
169 186
169 184
170 186
170 171
170 187
170 185
171 187
171 172
171 188
171 186
172 188
172 173
172 189
173 174
173 190
173 188
174 190
174 191
174 189
175 191
175 176
176 192
176 191
177 193
177 178
177 194
178 194
178 179
178 195
178 193
179 195
179 180
179 196
179 194
180 181
180 197
181 197
181 182
181 198
181 196
182 183
182 199
182 197
183 199
183 184
183 198
184 200
184 201
184 199
185 201
185 186
185 202
185 200
186 202
186 187
186 201
187 203
187 188
187 204
187 202
188 204
188 189
188 205
188 203
189 205
189 190
189 206
189 204
190 206
190 207
190 205
191 192
191 208
191 206
192 208
192 207
193 209
193 194
193 210
194 210
194 195
194 211
195 211
195 212
195 210
196 212
196 213
196 211
197 213
197 198
197 214
197 212
198 214
198 199
198 215
198 213
199 215
199 200
199 216
199 214
200 201
200 217
200 215
201 217
201 218
201 216
202 218
202 219
202 217
203 219
203 204
203 220
203 218
204 220
204 205
204 221
204 219
205 221
205 206
205 222
205 220
206 222
206 207
206 223
206 221
207 223
207 208
207 224
207 222
208 224
208 223
209 225
209 210
209 226
210 226
210 211
210 227
210 225
211 227
211 212
211 228
211 226
212 228
212 213
212 229
212 227
213 214
213 228
214 230
214 229
215 231
215 216
215 232
216 232
216 217
216 233
216 231
217 233
217 218
217 234
217 232
218 219
218 235
218 233
219 235
219 220
219 236
219 234
220 236
220 221
220 237
220 235
221 237
221 222
221 238
221 236
222 238
222 223
222 239
222 237
223 239
223 224
223 240
223 238
224 240
224 239
225 241
225 226
225 242
226 242
226 227
226 243
226 241
227 243
227 228
227 244
227 242
228 244
228 229
228 245
228 243
229 245
229 230
229 246
229 244
230 246
230 231
230 247
230 245
231 247
231 232
231 246
232 248
232 233
232 249
232 247
233 234
233 250
234 250
234 235
234 251
235 251
235 236
235 252
235 250
236 252
236 237
236 253
236 251
237 238
237 254
237 252
238 254
238 239
238 255
238 253
239 255
239 256
239 254
240 256
240 255
241 242
242 243
243 244
244 245
245 246
248 249
249 250
251 252
253 254
254 255
255 256
;
param Grid_Label_Edges :=
0 0 1 0
0 0 0 1
0 0 1 1
0 1 0 2
0 1 1 2
0 1 1 0
0 2 1 2
0 2 0 3
0 2 1 3
0 2 1 1
0 3 1 3
0 3 0 4
0 3 1 4
0 3 1 2
0 4 0 5
0 4 1 5
0 4 1 3
0 5 1 5
0 5 0 6
0 5 1 6
0 5 1 4
0 6 1 6
0 6 1 7
0 6 1 5
0 7 0 8
0 7 1 8
0 7 1 6
0 8 1 8
0 8 0 9
0 8 1 9
0 8 1 7
0 9 1 9
0 9 0 10
0 9 1 10
0 9 1 8
0 10 1 10
0 10 0 11
0 10 1 11
0 10 1 9
0 11 1 11
0 11 0 12
0 11 1 12
0 11 1 10
0 12 1 12
0 12 0 13
0 12 1 11
0 13 1 13
0 13 0 14
0 13 1 14
0 13 1 12
0 14 1 14
0 14 0 15
0 14 1 15
0 14 1 13
0 15 1 15
1 0 2 0
1 0 1 1
1 0 2 1
1 1 1 2
1 1 2 2
1 1 2 0
1 2 2 2
1 2 2 1
1 3 2 3
1 3 1 4
1 3 2 4
1 3 2 2
1 4 2 4
1 4 1 5
1 4 2 5
1 4 2 3
1 5 2 5
1 5 1 6
1 5 2 6
1 5 2 4
1 6 2 6
1 6 1 7
1 6 2 7
1 6 2 5
1 7 2 7
1 7 1 8
1 7 2 8
1 7 2 6
1 8 2 8
1 8 1 9
1 8 2 9
1 8 2 7
1 9 2 9
1 9 1 10
1 9 2 10
1 9 2 8
1 10 2 10
1 10 2 11
1 10 2 9
1 11 2 11
1 11 1 12
1 11 2 12
1 11 2 10
1 12 2 12
1 12 2 13
1 12 2 11
1 13 2 13
1 13 1 14
1 13 2 14
1 13 2 12
1 14 2 14
1 14 1 15
1 14 2 15
1 14 2 13
1 15 2 14
2 0 3 0
2 1 3 1
2 1 2 2
2 1 3 2
2 1 3 0
2 2 3 2
2 2 3 3
2 2 3 1
2 3 3 3
2 3 2 4
2 3 3 4
2 3 3 2
2 4 3 4
2 4 2 5
2 4 3 5
2 4 3 3
2 5 3 5
2 5 2 6
2 5 3 6
2 5 3 4
2 6 3 6
2 6 2 7
2 6 3 5
2 7 3 7
2 7 2 8
2 7 3 8
2 7 3 6
2 8 3 8
2 8 2 9
2 8 3 9
2 8 3 7
2 9 2 10
2 9 3 10
2 9 3 8
2 10 3 10
2 10 3 11
2 10 3 9
2 11 3 11
2 11 2 12
2 11 3 12
2 12 3 12
2 12 2 13
2 12 3 13
2 12 3 11
2 13 3 13
2 13 2 14
2 13 3 14
2 13 3 12
2 14 3 14
2 14 2 15
2 14 3 15
2 14 3 13
3 0 4 0
3 0 3 1
3 0 4 1
3 1 4 1
3 1 3 2
3 1 4 2
3 1 4 0
3 2 4 2
3 2 3 3
3 2 4 1
3 3 4 3
3 3 3 4
3 3 4 4
3 3 4 2
3 4 4 4
3 4 3 5
3 4 4 5
3 4 4 3
3 5 4 5
3 5 3 6
3 5 4 6
3 5 4 4
3 6 4 6
3 6 3 7
3 6 4 7
3 6 4 5
3 7 4 7
3 7 3 8
3 7 4 8
3 7 4 6
3 8 4 8
3 8 3 9
3 8 4 9
3 8 4 7
3 9 4 9
3 9 3 10
3 9 4 10
3 9 4 8
3 10 4 10
3 10 3 11
3 10 4 11
3 11 4 11
3 11 3 12
3 11 4 12
3 12 4 12
3 12 3 13
3 12 4 13
3 12 4 11
3 13 4 13
3 13 3 14
3 13 4 14
3 13 4 12
3 14 4 14
3 14 3 15
3 14 4 15
3 15 4 15
3 15 4 14
4 0 5 0
4 0 4 1
4 0 5 1
4 1 5 1
4 1 4 2
4 1 5 2
4 1 5 0
4 2 5 2
4 2 4 3
4 2 5 3
4 2 5 1
4 3 5 3
4 3 4 4
4 3 5 4
4 3 5 2
4 4 5 4
4 4 4 5
4 4 5 5
4 4 5 3
4 5 5 5
4 5 4 6
4 5 5 4
4 6 5 6
4 6 4 7
4 6 5 7
4 6 5 5
4 7 5 7
4 7 4 8
4 7 5 8
4 7 5 6
4 8 5 8
4 8 4 9
4 8 5 9
4 8 5 7
4 9 5 9
4 9 4 10
4 9 5 10
4 9 5 8
4 10 5 10
4 10 4 11
4 10 5 9
4 11 5 12
4 11 5 10
4 12 5 12
4 12 4 13
4 12 5 13
4 12 5 11
4 13 5 13
4 13 5 12
4 14 5 14
4 14 4 15
4 14 5 15
4 14 5 13
4 15 5 15
5 0 6 0
5 0 5 1
5 0 6 1
5 1 5 2
5 1 6 2
5 2 6 2
5 2 5 3
5 2 6 3
5 2 6 1
5 3 6 3
5 3 5 4
5 3 6 4
5 4 5 5
5 4 6 5
5 5 6 5
5 5 6 6
5 5 6 4
5 6 5 7
5 6 6 7
5 6 6 5
5 7 6 7
5 7 5 8
5 7 6 8
5 7 6 6
5 8 6 8
5 8 5 9
5 8 6 9
5 8 6 7
5 9 6 9
5 9 5 10
5 9 6 10
5 9 6 8
5 10 6 10
5 10 5 11
5 10 6 11
5 10 6 9
5 11 6 11
5 11 5 12
5 11 6 12
5 11 6 10
5 12 6 12
5 12 5 13
5 12 6 13
5 12 6 11
5 13 6 13
5 13 5 14
5 13 6 12
5 14 6 14
5 14 5 15
5 14 6 15
5 14 6 13
5 15 6 15
5 15 6 14
6 0 7 0
6 0 6 1
6 0 7 1
6 1 7 1
6 1 6 2
6 1 7 2
6 1 7 0
6 2 7 2
6 2 6 3
6 2 7 1
6 3 7 3
6 3 6 4
6 3 7 4
6 3 7 2
6 4 7 4
6 4 6 5
6 5 7 5
6 5 6 6
6 5 7 6
6 5 7 4
6 6 7 6
6 6 6 7
6 6 7 5
6 7 7 7
6 7 6 8
6 7 7 8
6 7 7 6
6 8 7 8
6 8 6 9
6 8 7 9
6 8 7 7
6 9 7 9
6 9 7 10
6 10 7 10
6 10 6 11
6 10 7 11
6 10 7 9
6 11 7 11
6 11 6 12
6 11 7 12
6 11 7 10
6 12 7 12
6 12 6 13
6 12 7 13
6 12 7 11
6 13 7 13
6 13 6 14
6 13 7 14
6 13 7 12
6 14 7 14
6 14 7 15
6 14 7 13
6 15 7 15
6 15 7 14
7 0 8 0
7 0 7 1
7 0 8 1
7 1 8 1
7 1 7 2
7 1 8 2
7 1 8 0
7 2 8 2
7 2 7 3
7 2 8 1
7 3 8 3
7 3 7 4
7 3 8 4
7 3 8 2
7 4 8 4
7 4 7 5
7 4 8 5
7 4 8 3
7 5 8 5
7 5 7 6
7 5 8 4
7 6 8 6
7 6 7 7
7 6 8 7
7 6 8 5
7 7 8 7
7 7 7 8
7 7 8 8
7 7 8 6
7 8 8 8
7 8 8 9
7 8 8 7
7 9 8 9
7 9 8 10
7 9 8 8
7 10 8 10
7 10 8 11
7 10 8 9
7 11 8 11
7 11 7 12
7 11 8 12
7 11 8 10
7 12 8 12
7 12 7 13
7 12 8 13
7 13 8 13
7 13 7 14
7 13 8 14
7 13 8 12
7 14 8 14
7 14 7 15
7 14 8 15
7 15 8 15
7 15 8 14
8 0 9 0
8 0 8 1
8 0 9 1
8 1 9 1
8 1 8 2
8 1 9 2
8 1 9 0
8 2 9 2
8 2 8 3
8 2 9 3
8 2 9 1
8 3 9 3
8 3 8 4
8 3 9 4
8 3 9 2
8 4 9 4
8 4 8 5
8 4 9 5
8 4 9 3
8 5 9 5
8 5 8 6
8 5 9 6
8 6 9 6
8 6 9 7
8 6 9 5
8 7 9 7
8 7 8 8
8 7 9 8
8 8 9 8
8 8 8 9
8 8 9 7
8 9 9 9
8 9 8 10
8 9 9 10
8 9 9 8
8 10 9 10
8 10 8 11
8 10 9 11
8 10 9 9
8 11 9 11
8 11 8 12
8 11 9 12
8 11 9 10
8 12 9 12
8 12 8 13
8 12 9 13
8 12 9 11
8 13 9 13
8 13 9 14
8 13 9 12
8 14 9 14
8 14 8 15
8 14 9 13
8 15 9 15
8 15 9 14
9 0 10 0
9 0 9 1
9 0 10 1
9 1 9 2
9 1 10 2
9 1 10 0
9 2 9 3
9 2 10 3
9 2 10 1
9 3 10 3
9 3 9 4
9 3 10 4
9 3 10 2
9 4 10 4
9 4 9 5
9 4 10 5
9 4 10 3
9 5 10 5
9 5 9 6
9 5 10 6
9 5 10 4
9 6 9 7
9 6 10 7
9 6 10 5
9 7 10 7
9 7 9 8
9 7 10 8
9 8 10 8
9 8 9 9
9 8 10 9
9 8 10 7
9 9 10 9
9 9 9 10
9 9 10 10
9 9 10 8
9 10 10 10
9 10 9 11
9 10 10 11
9 10 10 9
9 11 10 11
9 11 9 12
9 11 10 12
9 11 10 10
9 12 10 12
9 12 9 13
9 12 10 13
9 12 10 11
9 13 9 14
9 13 10 14
9 13 10 12
9 14 10 14
9 14 10 15
9 14 10 13
9 15 10 15
9 15 10 14
10 0 11 0
10 0 10 1
10 1 11 1
10 1 10 2
10 1 11 2
10 1 11 0
10 2 11 2
10 2 10 3
10 2 11 3
10 2 11 1
10 3 11 3
10 3 10 4
10 3 11 4
10 3 11 2
10 4 11 4
10 4 10 5
10 4 11 5
10 4 11 3
10 5 11 5
10 5 10 6
10 5 11 6
10 5 11 4
10 6 11 6
10 6 10 7
10 6 11 7
10 6 11 5
10 7 11 7
10 7 10 8
10 7 11 8
10 7 11 6
10 8 11 8
10 8 10 9
10 8 11 9
10 8 11 7
10 9 11 9
10 9 10 10
10 9 11 10
10 9 11 8
10 10 11 10
10 10 10 11
10 10 11 11
10 10 11 9
10 11 11 11
10 11 10 12
10 11 11 12
10 12 10 13
10 12 11 13
10 12 11 11
10 13 11 13
10 13 11 14
10 13 11 12
10 14 11 14
10 14 10 15
10 15 11 15
10 15 11 14
11 0 12 0
11 0 11 1
11 0 12 1
11 1 12 1
11 1 11 2
11 1 12 2
11 1 12 0
11 2 12 2
11 2 11 3
11 2 12 3
11 2 12 1
11 3 11 4
11 3 12 4
11 4 12 4
11 4 11 5
11 4 12 5
11 4 12 3
11 5 11 6
11 5 12 6
11 5 12 4
11 6 12 6
11 6 11 7
11 6 12 5
11 7 12 7
11 7 12 8
11 7 12 6
11 8 12 8
11 8 11 9
11 8 12 9
11 8 12 7
11 9 12 9
11 9 11 10
11 9 12 8
11 10 12 10
11 10 11 11
11 10 12 11
11 10 12 9
11 11 12 11
11 11 11 12
11 11 12 12
11 11 12 10
11 12 12 12
11 12 11 13
11 12 12 13
11 12 12 11
11 13 12 13
11 13 12 14
11 13 12 12
11 14 11 15
11 14 12 15
11 14 12 13
11 15 12 15
11 15 12 14
12 0 13 0
12 0 12 1
12 0 13 1
12 1 13 1
12 1 12 2
12 1 13 2
12 2 13 2
12 2 13 3
12 2 13 1
12 3 13 3
12 3 13 4
12 3 13 2
12 4 13 4
12 4 12 5
12 4 13 5
12 4 13 3
12 5 13 5
12 5 12 6
12 5 13 6
12 5 13 4
12 6 13 6
12 6 12 7
12 6 13 7
12 6 13 5
12 7 12 8
12 7 13 8
12 7 13 6
12 8 13 8
12 8 13 9
12 8 13 7
12 9 13 9
12 9 13 10
12 9 13 8
12 10 13 10
12 10 12 11
12 10 13 11
12 10 13 9
12 11 13 11
12 11 12 12
12 11 13 12
12 11 13 10
12 12 13 12
12 12 12 13
12 12 13 13
12 12 13 11
12 13 13 13
12 13 12 14
12 13 13 14
12 13 13 12
12 14 13 14
12 14 12 15
12 14 13 15
12 14 13 13
12 15 13 15
12 15 13 14
13 0 14 0
13 0 13 1
13 0 14 1
13 1 14 1
13 1 13 2
13 1 14 2
13 1 14 0
13 2 14 2
13 2 13 3
13 2 14 3
13 2 14 1
13 3 14 3
13 3 13 4
13 3 14 4
13 3 14 2
13 4 13 5
13 4 14 3
13 5 14 5
13 5 14 4
13 6 14 6
13 6 13 7
13 6 14 7
13 7 14 7
13 7 13 8
13 7 14 8
13 7 14 6
13 8 14 8
13 8 13 9
13 8 14 9
13 8 14 7
13 9 13 10
13 9 14 10
13 9 14 8
13 10 14 10
13 10 13 11
13 10 14 11
13 10 14 9
13 11 14 11
13 11 13 12
13 11 14 12
13 11 14 10
13 12 14 12
13 12 13 13
13 12 14 13
13 12 14 11
13 13 14 13
13 13 13 14
13 13 14 14
13 13 14 12
13 14 14 14
13 14 13 15
13 14 14 15
13 14 14 13
13 15 14 15
13 15 14 14
14 0 15 0
14 0 14 1
14 0 15 1
14 1 15 1
14 1 14 2
14 1 15 2
14 1 15 0
14 2 15 2
14 2 14 3
14 2 15 3
14 2 15 1
14 3 15 3
14 3 14 4
14 3 15 4
14 3 15 2
14 4 15 4
14 4 14 5
14 4 15 5
14 4 15 3
14 5 15 5
14 5 14 6
14 5 15 6
14 5 15 4
14 6 15 6
14 6 14 7
14 6 15 5
14 7 15 7
14 7 14 8
14 7 15 8
14 7 15 6
14 8 14 9
14 8 15 9
14 9 15 9
14 9 14 10
14 9 15 10
14 10 15 10
14 10 14 11
14 10 15 11
14 10 15 9
14 11 15 11
14 11 14 12
14 11 15 12
14 11 15 10
14 12 14 13
14 12 15 13
14 12 15 11
14 13 15 13
14 13 14 14
14 13 15 14
14 13 15 12
14 14 15 14
14 14 15 15
14 14 15 13
14 15 15 15
14 15 15 14
15 0 15 1
15 1 15 2
15 2 15 3
15 3 15 4
15 4 15 5
15 7 15 8
15 8 15 9
15 10 15 11
15 12 15 13
15 13 15 14
15 14 15 15
;
param Centralities :=
degree centrality: {(0, 0): 0.011764705882352941, (0, 1): 0.01568627450980392, (0, 2): 0.0196078431372549, (0, 3): 0.0196078431372549, (0, 4): 0.01568627450980392, (0, 5): 0.0196078431372549, (0, 6): 0.01568627450980392, (0, 7): 0.011764705882352941, (0, 8): 0.0196078431372549, (0, 9): 0.0196078431372549, (0, 10): 0.0196078431372549, (0, 11): 0.0196078431372549, (0, 12): 0.01568627450980392, (0, 13): 0.0196078431372549, (0, 14): 0.0196078431372549, (0, 15): 0.00784313725490196, (1, 0): 0.0196078431372549, (1, 1): 0.023529411764705882, (1, 2): 0.023529411764705882, (1, 3): 0.027450980392156862, (1, 4): 0.027450980392156862, (1, 5): 0.03137254901960784, (1, 6): 0.03137254901960784, (1, 7): 0.027450980392156862, (1, 8): 0.03137254901960784, (1, 9): 0.03137254901960784, (1, 10): 0.027450980392156862, (1, 11): 0.027450980392156862, (1, 12): 0.027450980392156862, (1, 13): 0.023529411764705882, (1, 14): 0.027450980392156862, (1, 15): 0.01568627450980392, (2, 0): 0.011764705882352941, (2, 1): 0.023529411764705882, (2, 2): 0.027450980392156862, (2, 3): 0.023529411764705882, (2, 4): 0.03137254901960784, (2, 5): 0.03137254901960784, (2, 6): 0.027450980392156862, (2, 7): 0.03137254901960784, (2, 8): 0.03137254901960784, (2, 9): 0.027450980392156862, (2, 10): 0.027450980392156862, (2, 11): 0.023529411764705882, (2, 12): 0.03137254901960784, (2, 13): 0.03137254901960784, (2, 14): 0.03137254901960784, (2, 15): 0.00784313725490196, (3, 0): 0.0196078431372549, (3, 1): 0.027450980392156862, (3, 2): 0.027450980392156862, (3, 3): 0.03137254901960784, (3, 4): 0.03137254901960784, (3, 5): 0.03137254901960784, (3, 6): 0.03137254901960784, (3, 7): 0.027450980392156862, (3, 8): 0.03137254901960784, (3, 9): 0.027450980392156862, (3, 10): 0.023529411764705882, (3, 11): 0.027450980392156862, (3, 12): 0.03137254901960784, (3, 13): 0.03137254901960784, (3, 14): 0.023529411764705882, (3, 15): 0.01568627450980392, (4, 0): 0.0196078431372549, (4, 1): 0.03137254901960784, (4, 2): 0.03137254901960784, (4, 3): 0.027450980392156862, (4, 4): 0.03137254901960784, (4, 5): 0.027450980392156862, (4, 6): 0.03137254901960784, (4, 7): 0.03137254901960784, (4, 8): 0.03137254901960784, (4, 9): 0.027450980392156862, (4, 10): 0.023529411764705882, (4, 11): 0.023529411764705882, (4, 12): 0.027450980392156862, (4, 13): 0.0196078431372549, (4, 14): 0.027450980392156862, (4, 15): 0.01568627450980392, (5, 0): 0.0196078431372549, (5, 1): 0.023529411764705882, (5, 2): 0.03137254901960784, (5, 3): 0.027450980392156862, (5, 4): 0.023529411764705882, (5, 5): 0.027450980392156862, (5, 6): 0.0196078431372549, (5, 7): 0.03137254901960784, (5, 8): 0.03137254901960784, (5, 9): 0.03137254901960784, (5, 10): 0.03137254901960784, (5, 11): 0.023529411764705882, (5, 12): 0.03137254901960784, (5, 13): 0.027450980392156862, (5, 14): 0.023529411764705882, (5, 15): 0.0196078431372549, (6, 0): 0.01568627450980392, (6, 1): 0.027450980392156862, (6, 2): 0.023529411764705882, (6, 3): 0.027450980392156862, (6, 4): 0.0196078431372549, (6, 5): 0.03137254901960784, (6, 6): 0.023529411764705882, (6, 7): 0.03137254901960784, (6, 8): 0.03137254901960784, (6, 9): 0.023529411764705882, (6, 10): 0.027450980392156862, (6, 11): 0.03137254901960784, (6, 12): 0.03137254901960784, (6, 13): 0.03137254901960784, (6, 14): 0.023529411764705882, (6, 15): 0.01568627450980392, (7, 0): 0.0196078431372549, (7, 1): 0.03137254901960784, (7, 2): 0.027450980392156862, (7, 3): 0.023529411764705882, (7, 4): 0.03137254901960784, (7, 5): 0.023529411764705882, (7, 6): 0.03137254901960784, (7, 7): 0.027450980392156862, (7, 8): 0.023529411764705882, (7, 9): 0.023529411764705882, (7, 10): 0.023529411764705882, (7, 11): 0.027450980392156862, (7, 12): 0.027450980392156862, (7, 13): 0.03137254901960784, (7, 14): 0.027450980392156862, (7, 15): 0.0196078431372549, (8, 0): 0.0196078431372549, (8, 1): 0.03137254901960784, (8, 2): 0.03137254901960784, (8, 3): 0.027450980392156862, (8, 4): 0.03137254901960784, (8, 5): 0.027450980392156862, (8, 6): 0.023529411764705882, (8, 7): 0.023529411764705882, (8, 8): 0.027450980392156862, (8, 9): 0.03137254901960784, (8, 10): 0.03137254901960784, (8, 11): 0.027450980392156862, (8, 12): 0.03137254901960784, (8, 13): 0.023529411764705882, (8, 14): 0.023529411764705882, (8, 15): 0.0196078431372549, (9, 0): 0.0196078431372549, (9, 1): 0.027450980392156862, (9, 2): 0.027450980392156862, (9, 3): 0.03137254901960784, (9, 4): 0.027450980392156862, (9, 5): 0.03137254901960784, (9, 6): 0.023529411764705882, (9, 7): 0.027450980392156862, (9, 8): 0.03137254901960784, (9, 9): 0.027450980392156862, (9, 10): 0.03137254901960784, (9, 11): 0.03137254901960784, (9, 12): 0.03137254901960784, (9, 13): 0.027450980392156862, (9, 14): 0.027450980392156862, (9, 15): 0.011764705882352941, (10, 0): 0.01568627450980392, (10, 1): 0.027450980392156862, (10, 2): 0.027450980392156862, (10, 3): 0.03137254901960784, (10, 4): 0.03137254901960784, (10, 5): 0.03137254901960784, (10, 6): 0.023529411764705882, (10, 7): 0.03137254901960784, (10, 8): 0.03137254901960784, (10, 9): 0.03137254901960784, (10, 10): 0.03137254901960784, (10, 11): 0.027450980392156862, (10, 12): 0.027450980392156862, (10, 13): 0.023529411764705882, (10, 14): 0.0196078431372549, (10, 15): 0.0196078431372549, (11, 0): 0.0196078431372549, (11, 1): 0.027450980392156862, (11, 2): 0.03137254901960784, (11, 3): 0.023529411764705882, (11, 4): 0.03137254901960784, (11, 5): 0.027450980392156862, (11, 6): 0.027450980392156862, (11, 7): 0.027450980392156862, (11, 8): 0.027450980392156862, (11, 9): 0.027450980392156862, (11, 10): 0.027450980392156862, (11, 11): 0.03137254901960784, (11, 12): 0.027450980392156862, (11, 13): 0.023529411764705882, (11, 14): 0.023529411764705882, (11, 15): 0.01568627450980392, (12, 0): 0.0196078431372549, (12, 1): 0.027450980392156862, (12, 2): 0.023529411764705882, (12, 3): 0.0196078431372549, (12, 4): 0.027450980392156862, (12, 5): 0.027450980392156862, (12, 6): 0.03137254901960784, (12, 7): 0.023529411764705882, (12, 8): 0.027450980392156862, (12, 9): 0.023529411764705882, (12, 10): 0.023529411764705882, (12, 11): 0.03137254901960784, (12, 12): 0.03137254901960784, (12, 13): 0.03137254901960784, (12, 14): 0.027450980392156862, (12, 15): 0.0196078431372549, (13, 0): 0.01568627450980392, (13, 1): 0.03137254901960784, (13, 2): 0.03137254901960784, (13, 3): 0.03137254901960784, (13, 4): 0.023529411764705882, (13, 5): 0.023529411764705882, (13, 6): 0.023529411764705882, (13, 7): 0.027450980392156862, (13, 8): 0.03137254901960784, (13, 9): 0.027450980392156862, (13, 10): 0.03137254901960784, (13, 11): 0.03137254901960784, (13, 12): 0.03137254901960784, (13, 13): 0.03137254901960784, (13, 14): 0.03137254901960784, (13, 15): 0.0196078431372549, (14, 0): 0.0196078431372549, (14, 1): 0.03137254901960784, (14, 2): 0.03137254901960784, (14, 3): 0.03137254901960784, (14, 4): 0.027450980392156862, (14, 5): 0.023529411764705882, (14, 6): 0.023529411764705882, (14, 7): 0.03137254901960784, (14, 8): 0.023529411764705882, (14, 9): 0.023529411764705882, (14, 10): 0.03137254901960784, (14, 11): 0.03137254901960784, (14, 12): 0.027450980392156862, (14, 13): 0.03137254901960784, (14, 14): 0.027450980392156862, (14, 15): 0.01568627450980392, (15, 0): 0.011764705882352941, (15, 1): 0.0196078431372549, (15, 2): 0.0196078431372549, (15, 3): 0.0196078431372549, (15, 4): 0.0196078431372549, (15, 5): 0.01568627450980392, (15, 6): 0.011764705882352941, (15, 7): 0.00784313725490196, (15, 8): 0.011764705882352941, (15, 9): 0.01568627450980392, (15, 10): 0.01568627450980392, (15, 11): 0.01568627450980392, (15, 12): 0.011764705882352941, (15, 13): 0.0196078431372549, (15, 14): 0.0196078431372549, (15, 15): 0.011764705882352941}
eigenvector centrality: {(0, 0): 0.0034153585264734445, (0, 1): 0.005778484411496247, (0, 2): 0.01462892958126362, (0, 3): 0.02398112454998109, (0, 4): 0.02734889323501862, (0, 5): 0.042597165268898174, (0, 6): 0.0412189674509401, (0, 7): 0.029071525206325177, (0, 8): 0.041104978682760154, (0, 9): 0.03615064678319312, (0, 10): 0.0271310668846331, (0, 11): 0.01860766714527782, (0, 12): 0.010983703066679729, (0, 13): 0.009161416197634758, (0, 14): 0.005882652000716198, (0, 15): 0.0015307514193736102, (1, 0): 0.006833324124967662, (1, 1): 0.011726261092472897, (1, 2): 0.01630023714525231, (1, 3): 0.046460483002877535, (1, 4): 0.06615219122568587, (1, 5): 0.08185069580514553, (1, 6): 0.08697829712126655, (1, 7): 0.08230145376462604, (1, 8): 0.07908085019518651, (1, 9): 0.0663097979854728, (1, 10): 0.043982606004997093, (1, 11): 0.028284682271421693, (1, 12): 0.02221535225484045, (1, 13): 0.014645360205751703, (1, 14): 0.011556245700058329, (1, 15): 0.005025287394160155, (2, 0): 0.005058564142923841, (2, 1): 0.0227160108116547, (2, 2): 0.03732560590207375, (2, 3): 0.06375935685925138, (2, 4): 0.09788347914204308, (2, 5): 0.11487093213577337, (2, 6): 0.10622098916995777, (2, 7): 0.121677707536419, (2, 8): 0.11019923965080856, (2, 9): 0.07671467081546635, (2, 10): 0.05815870360581711, (2, 11): 0.03034630978294127, (2, 12): 0.03411204608211242, (2, 13): 0.02680877951585218, (2, 14): 0.0168398600672977, (2, 15): 0.00398493798346182, (3, 0): 0.017488020429791265, (3, 1): 0.03515942786063204, (3, 2): 0.048768784272682, (3, 3): 0.08485279201713514, (3, 4): 0.11023400619918003, (3, 5): 0.1293406526494684, (3, 6): 0.1399130065010616, (3, 7): 0.1305537564167293, (3, 8): 0.13182760572251007, (3, 9): 0.09681227204903482, (3, 10): 0.057108111469471076, (3, 11): 0.04522420488045903, (3, 12): 0.04242619571078457, (3, 13): 0.033127633154231687, (3, 14): 0.016113047058604626, (3, 15): 0.008737028887067998, (4, 0): 0.020533934538276885, (4, 1): 0.041152385710234614, (4, 2): 0.06256269932948835, (4, 3): 0.07897702331978373, (4, 4): 0.10515279617487709, (4, 5): 0.11069339814492804, (4, 6): 0.13671486581484313, (4, 7): 0.14694765008205682, (4, 8): 0.1430429753867981, (4, 9): 0.11345057861850649, (4, 10): 0.07609188123145368, (4, 11): 0.05394669529690844, (4, 12): 0.04616473143466398, (4, 13): 0.032592632991684016, (4, 14): 0.02100477391090315, (4, 15): 0.008300739446547968, (5, 0): 0.019603218674930516, (5, 1): 0.03292230821410223, (5, 2): 0.05621451100866819, (5, 3): 0.06777599375666062, (5, 4): 0.07599884207529116, (5, 5): 0.09144743451764119, (5, 6): 0.0879597759361316, (5, 7): 0.13737139984677646, (5, 8): 0.1397592257818025, (5, 9): 0.12259285570447645, (5, 10): 0.09831261657458379, (5, 11): 0.06506033097726577, (5, 12): 0.0652538206305354, (5, 13): 0.045276192184055944, (5, 14): 0.024826280256172274, (5, 15): 0.01329443239500626, (6, 0): 0.014489139072317525, (6, 1): 0.030594669225431186, (6, 2): 0.03453785486482242, (6, 3): 0.0520613827817643, (6, 4): 0.05200424842194748, (6, 5): 0.08752044435676935, (6, 6): 0.083567308707229, (6, 7): 0.11824148619110007, (6, 8): 0.12266503226537023, (6, 9): 0.09159929358624687, (6, 10): 0.08866069017128902, (6, 11): 0.08915832066385114, (6, 12): 0.0760556234034103, (6, 13): 0.05672919710316735, (6, 14): 0.02857850473379122, (6, 15): 0.012022206031808036, (7, 0): 0.01884899154091221, (7, 1): 0.03420160385952719, (7, 2): 0.0401203813882932, (7, 3): 0.0485588814359162, (7, 4): 0.07177391136294432, (7, 5): 0.06754675971475431, (7, 6): 0.09336519353254649, (7, 7): 0.09196089346011789, (7, 8): 0.0859258835962967, (7, 9): 0.08664321056034044, (7, 10): 0.08274936681695938, (7, 11): 0.08726047528069054, (7, 12): 0.07196750078433334, (7, 13): 0.06124592522677309, (7, 14): 0.031032319560673934, (7, 15): 0.016513545706593823, (8, 0): 0.019186693703084567, (8, 1): 0.035843630018440015, (8, 2): 0.05009525347068637, (8, 3): 0.05865751384911652, (8, 4): 0.07331502331635428, (8, 5): 0.07178709639676983, (8, 6): 0.06715779766934242, (8, 7): 0.07752433706276407, (8, 8): 0.09041688427170885, (8, 9): 0.11148187931289456, (8, 10): 0.11257543384797263, (8, 11): 0.0961739010574359, (8, 12): 0.08720057975597768, (8, 13): 0.0551683549616532, (8, 14): 0.029686741195484662, (8, 15): 0.01635023881662485, (9, 0): 0.01725796378332457, (9, 1): 0.030569254851206047, (9, 2): 0.04513588284974504, (9, 3): 0.06388303826474684, (9, 4): 0.0652205870268507, (9, 5): 0.07500134809701253, (9, 6): 0.06338127582253801, (9, 7): 0.08305602081985856, (9, 8): 0.10769506993164049, (9, 9): 0.10865164955991483, (9, 10): 0.11972870457149554, (9, 11): 0.10948648516436739, (9, 12): 0.08630078879973854, (9, 13): 0.05375711874627541, (9, 14): 0.03263794706143163, (9, 15): 0.006635314426329377, (10, 0): 0.012002945604690613, (10, 1): 0.025374493086854636, (10, 2): 0.03830830918098431, (10, 3): 0.05720595841476394, (10, 4): 0.06727811257687287, (10, 5): 0.06940571364818918, (10, 6): 0.05689587741923653, (10, 7): 0.08523023981685623, (10, 8): 0.10042717962871586, (10, 9): 0.11061213084494219, (10, 10): 0.11169265898123397, (10, 11): 0.09246873496624551, (10, 12): 0.07401834218455489, (10, 13): 0.04667232636719629, (10, 14): 0.018039650105403093, (10, 15): 0.012890619397856757, (11, 0): 0.012328713629608464, (11, 1): 0.02197663604075734, (11, 2): 0.03380224880968808, (11, 3): 0.04016415242603606, (11, 4): 0.05384317904984216, (11, 5): 0.05468237854524084, (11, 6): 0.05826306267277397, (11, 7): 0.0628396971137364, (11, 8): 0.07476412446251152, (11, 9): 0.08275921583807977, (11, 10): 0.08246137237917489, (11, 11): 0.08970892944392175, (11, 12): 0.0679581946878599, (11, 13): 0.04902914671010549, (11, 14): 0.022621959635422614, (11, 15): 0.011917918120843914, (12, 0): 0.010216562556068193, (12, 1): 0.01828061465202755, (12, 2): 0.018288814149213885, (12, 3): 0.021266963050953925, (12, 4): 0.03576114983182886, (12, 5): 0.03790669654816796, (12, 6): 0.04820291899980924, (12, 7): 0.04396002126167432, (12, 8): 0.05479390855063247, (12, 9): 0.05495746784484556, (12, 10): 0.05936761520071518, (12, 11): 0.07848582239647985, (12, 12): 0.07277235337796602, (12, 13): 0.055100436410883115, (12, 14): 0.032836268369081344, (12, 15): 0.016572077541779008, (13, 0): 0.0057635870739896206, (13, 1): 0.01445078765948391, (13, 2): 0.01919872269010437, (13, 3): 0.02261175632162882, (13, 4): 0.02208612576421906, (13, 5): 0.023528600038780188, (13, 6): 0.028425419851766907, (13, 7): 0.033870850155910875, (13, 8): 0.044215674582409194, (13, 9): 0.04802922238588801, (13, 10): 0.05937306386630428, (13, 11): 0.06496655471442155, (13, 12): 0.06264331231159653, (13, 13): 0.05064663505398133, (13, 14): 0.03410926725533751, (13, 15): 0.016598286555889897, (14, 0): 0.005621756048025652, (14, 1): 0.010780418339421142, (14, 2): 0.014821383474393032, (14, 3): 0.016303347935728355, (14, 4): 0.013397634507876502, (14, 5): 0.010302212461819072, (14, 6): 0.015338261371390887, (14, 7): 0.023269689320550756, (14, 8): 0.02710359635869725, (14, 9): 0.02907643946541565, (14, 10): 0.04242220646765607, (14, 11): 0.045757421464647306, (14, 12): 0.042096267107313796, (14, 13): 0.03653766817444565, (14, 14): 0.024785052669622346, (14, 15): 0.009967512667389116, (15, 0): 0.0031340434720079427, (15, 1): 0.005929984786987248, (15, 2): 0.007897501038729778, (15, 3): 0.00843980490363329, (15, 4): 0.007719286003516942, (15, 5): 0.0065618733574215335, (15, 6): 0.006864029298752889, (15, 7): 0.004093443768366665, (15, 8): 0.005898347371795178, (15, 9): 0.014665726481498276, (15, 10): 0.01940396681466305, (15, 11): 0.02100633829515535, (15, 12): 0.014131371013186804, (15, 13): 0.018397244618146714, (15, 14): 0.01353808457507569, (15, 15): 0.006777228001273503}
closeness centrality: {(0, 0): 0.09766373037150516, (0, 1): 0.1018370607028754, (0, 2): 0.10718789407313997, (0, 3): 0.11115954664341761, (0, 4): 0.11399195350916407, (0, 5): 0.1171875, (0, 6): 0.11871508379888268, (0, 7): 0.11988716502115655, (0, 8): 0.11977454203851573, (0, 9): 0.11827458256029684, (0, 10): 0.11702615878843506, (0, 11): 0.11450381679389313, (0, 12): 0.1110143665650849, (0, 13): 0.10554635761589404, (0, 14): 0.10119047619047619, (0, 15): 0.09640831758034027, (1, 0): 0.10151273885350319, (1, 1): 0.10800508259212198, (1, 2): 0.11228533685601057, (1, 3): 0.1191588785046729, (1, 4): 0.12354651162790697, (1, 5): 0.1264253842340109, (1, 6): 0.12950736414423566, (1, 7): 0.1302349336057201, (1, 8): 0.13003569607343193, (1, 9): 0.12917933130699089, (1, 10): 0.1268025857782198, (1, 11): 0.12354651162790697, (1, 12): 0.11713367018833257, (1, 13): 0.11203866432337434, (1, 14): 0.10768581081081081, (1, 15): 0.10240963855421686, (2, 0): 0.1054590570719603, (2, 1): 0.11248345831495368, (2, 2): 0.12033978291647003, (2, 3): 0.1256776737309019, (2, 4): 0.13274336283185842, (2, 5): 0.13739224137931033, (2, 6): 0.13957307060755336, (2, 7): 0.14127423822714683, (2, 8): 0.14150943396226415, (2, 9): 0.14041850220264318, (2, 10): 0.1371705217859064, (2, 11): 0.12852822580645162, (2, 12): 0.12487757100881489, (2, 13): 0.11983082706766918, (2, 14): 0.11368702630405707, (2, 15): 0.1022864019253911, (3, 0): 0.1111111111111111, (3, 1): 0.11865984178687762, (3, 2): 0.12530712530712532, (3, 3): 0.13428120063191154, (3, 4): 0.14034122179416622, (3, 5): 0.14731369150779897, (3, 6): 0.15070921985815602, (3, 7): 0.15306122448979592, (3, 8): 0.15370705244122965, (3, 9): 0.15106635071090047, (3, 10): 0.14621559633027523, (3, 11): 0.13881328252585737, (3, 12): 0.13336820083682008, (3, 13): 0.1268025857782198, (3, 14): 0.11805555555555555, (3, 15): 0.1110143665650849, (4, 0): 0.11363636363636363, (4, 1): 0.12354651162790697, (4, 2): 0.13212435233160622, (4, 3): 0.14166666666666666, (4, 4): 0.1492100643651258, (4, 5): 0.1542649727767695, (4, 6): 0.1618020304568528, (4, 7): 0.1649417852522639, (4, 8): 0.1644100580270793, (4, 9): 0.16037735849056603, (4, 10): 0.15558267236119586, (4, 11): 0.14842840512223515, (4, 12): 0.14103982300884957, (4, 13): 0.1321928460342146, (4, 14): 0.1234866828087167, (4, 15): 0.11389012952210809, (5, 0): 0.1168117269812185, (5, 1): 0.12580167735569808, (5, 2): 0.13731825525040386, (5, 3): 0.14655172413793102, (5, 4): 0.15577275503970678, (5, 5): 0.1640926640926641, (5, 6): 0.16966067864271456, (5, 7): 0.17453798767967146, (5, 8): 0.17264725795531483, (5, 9): 0.16977363515312915, (5, 10): 0.16335682254964767, (5, 11): 0.15548780487804878, (5, 12): 0.1474840948525159, (5, 13): 0.1371705217859064, (5, 14): 0.12617516081147948, (5, 15): 0.11713367018833257, (6, 0): 0.11877037727061016, (6, 1): 0.12898330804248861, (6, 2): 0.13828633405639915, (6, 3): 0.15106635071090047, (6, 4): 0.16078184110970997, (6, 5): 0.17114093959731544, (6, 6): 0.17720639332870047, (6, 7): 0.17932489451476794, (6, 8): 0.18059490084985835, (6, 9): 0.17586206896551723, (6, 10): 0.17011340893929286, (6, 11): 0.16200762388818296, (6, 12): 0.15106635071090047, (6, 13): 0.13980263157894737, (6, 14): 0.1287228672387683, (6, 15): 0.11816496756255793, (7, 0): 0.12, (7, 1): 0.13003569607343193, (7, 2): 0.14111787493082456, (7, 3): 0.15232974910394265, (7, 4): 0.16483516483516483, (7, 5): 0.17276422764227642, (7, 6): 0.17945109078114005, (7, 7): 0.18175338560228083, (7, 8): 0.18033946251768035, (7, 9): 0.18097941802696949, (7, 10): 0.17429938482570062, (7, 11): 0.16419832582099164, (7, 12): 0.15278609946075494, (7, 13): 0.14166666666666666, (7, 14): 0.13010204081632654, (7, 15): 0.11921458625525946, (8, 0): 0.11927034611786716, (8, 1): 0.13043478260869565, (8, 2): 0.14119601328903655, (8, 3): 0.1528776978417266, (8, 4): 0.16451612903225807, (8, 5): 0.17253044654939106, (8, 6): 0.17894736842105263, (8, 7): 0.18059490084985835, (8, 8): 0.18240343347639484, (8, 9): 0.1813655761024182, (8, 10): 0.17453798767967146, (8, 11): 0.16419832582099164, (8, 12): 0.153337342152736, (8, 13): 0.14119601328903655, (8, 14): 0.13016845329249618, (8, 15): 0.11988716502115655, (9, 0): 0.11854951185495119, (9, 1): 0.12852822580645162, (9, 2): 0.14049586776859505, (9, 3): 0.1516052318668252, (9, 4): 0.1595744680851064, (9, 5): 0.16977363515312915, (9, 6): 0.1762266758811334, (9, 7): 0.17970401691331925, (9, 8): 0.18149466192170818, (9, 9): 0.1762266758811334, (9, 10): 0.17022696929238984, (9, 11): 0.1621106166560712, (9, 12): 0.15079834417504434, (9, 13): 0.1398793198025233, (9, 14): 0.12931034482758622, (9, 15): 0.11713367018833257, (10, 0): 0.11606736458807465, (10, 1): 0.1268025857782198, (10, 2): 0.13709677419354838, (10, 3): 0.14621559633027523, (10, 4): 0.15605875152998777, (10, 5): 0.16273133375877472, (10, 6): 0.16809492419248517, (10, 7): 0.1744186046511628, (10, 8): 0.17311608961303462, (10, 9): 0.17034068136272545, (10, 10): 0.163566388710712, (10, 11): 0.1558679706601467, (10, 12): 0.14722863741339492, (10, 13): 0.13694951664876476, (10, 14): 0.1259259259259259, (10, 15): 0.11713367018833257, (11, 0): 0.11450381679389313, (11, 1): 0.1234269119070668, (11, 2): 0.13144329896907217, (11, 3): 0.14049586776859505, (11, 4): 0.14886164623467601, (11, 5): 0.15463917525773196, (11, 6): 0.1610865445356917, (11, 7): 0.1643041237113402, (11, 8): 0.1639871382636656, (11, 9): 0.1608832807570978, (11, 10): 0.15634580012262417, (11, 11): 0.1485148514851485, (11, 12): 0.14103982300884957, (11, 13): 0.13233004670472237, (11, 14): 0.1234269119070668, (11, 15): 0.11394101876675604, (12, 0): 0.11106271777003485, (12, 1): 0.11821974965229486, (12, 2): 0.12396694214876033, (12, 3): 0.13343799058084774, (12, 4): 0.13964950711938665, (12, 5): 0.14739884393063585, (12, 6): 0.1516052318668252, (12, 7): 0.15214797136038186, (12, 8): 0.153337342152736, (12, 9): 0.15088757396449703, (12, 10): 0.14513375071143997, (12, 11): 0.14127423822714683, (12, 12): 0.13357778941854373, (12, 13): 0.12692882030861125, (12, 14): 0.1189920671955203, (12, 15): 0.1111111111111111, (13, 0): 0.10559006211180125, (13, 1): 0.11233480176211454, (13, 2): 0.11994355597365945, (13, 3): 0.12549212598425197, (13, 4): 0.13233004670472237, (13, 5): 0.13687600644122383, (13, 6): 0.13980263157894737, (13, 7): 0.14206128133704735, (13, 8): 0.14096185737976782, (13, 9): 0.1400329489291598, (13, 10): 0.1370231058570661, (13, 11): 0.13178294573643412, (13, 12): 0.12699203187250996, (13, 13): 0.11988716502115655, (13, 14): 0.11383928571428571, (13, 15): 0.10709785804283914, (14, 0): 0.10131108462455304, (14, 1): 0.10777683854606931, (14, 2): 0.11273209549071618, (14, 3): 0.11904761904761904, (14, 4): 0.12330754352030948, (14, 5): 0.1259881422924901, (14, 6): 0.12865792129162462, (14, 7): 0.1303680981595092, (14, 8): 0.13063524590163936, (14, 9): 0.12852822580645162, (14, 10): 0.12673956262425448, (14, 11): 0.12354651162790697, (14, 12): 0.11838440111420613, (14, 13): 0.11389012952210809, (14, 14): 0.10768581081081081, (14, 15): 0.102491961414791, (15, 0): 0.09740259740259741, (15, 1): 0.10163411717815862, (15, 2): 0.1070528967254408, (15, 3): 0.1110143665650849, (15, 4): 0.11394101876675604, (15, 5): 0.11697247706422019, (15, 6): 0.11832946635730858, (15, 7): 0.11675824175824176, (15, 8): 0.11865984178687762, (15, 9): 0.11888111888111888, (15, 10): 0.11649154865235267, (15, 11): 0.11429852084267145, (15, 12): 0.1110143665650849, (15, 13): 0.1065608023401588, (15, 14): 0.10257441673370878, (15, 15): 0.09736540664375716}
betweenness centrality: {(0, 0): 7.71962328238382e-06, (0, 1): 0.0013349177044849106, (0, 2): 0.006893652287997162, (0, 3): 0.007681809104587981, (0, 4): 0.004463490126702485, (0, 5): 0.0047406956946650395, (0, 6): 0.003154811424798605, (0, 7): 0.0030674805167533606, (0, 8): 0.004598603118953395, (0, 9): 0.00465247797471549, (0, 10): 0.005581581649685739, (0, 11): 0.004811112143436129, (0, 12): 0.0036466002582689516, (0, 13): 0.004944057976312523, (0, 14): 0.003898368548323652, (0, 15): 0.0, (1, 0): 0.0021739480861310756, (1, 1): 0.011803834226770714, (1, 2): 0.00700934078925054, (1, 3): 0.01835933936131735, (1, 4): 0.017144491106466465, (1, 5): 0.016980246802003326, (1, 6): 0.02265857970387049, (1, 7): 0.019997392402034443, (1, 8): 0.021009422697972204, (1, 9): 0.020113462064039984, (1, 10): 0.018495081954633206, (1, 11): 0.021872450530479887, (1, 12): 0.011929437921247496, (1, 13): 0.0091652716938352, (1, 14): 0.005143181693307282, (1, 15): 0.004791615212334363, (2, 0): 0.0015361715769065137, (2, 1): 0.010238366175935834, (2, 2): 0.028752283401756947, (2, 3): 0.009219019647358736, (2, 4): 0.028507917741758485, (2, 5): 0.03178472896760304, (2, 6): 0.020626039446710976, (2, 7): 0.03591278965770797, (2, 8): 0.03254818333111992, (2, 9): 0.030823644503475342, (2, 10): 0.03781426624101026, (2, 11): 0.012666294510954643, (2, 12): 0.025004087682005918, (2, 13): 0.020898196826739164, (2, 14): 0.021804542340143673, (2, 15): 0.0, (3, 0): 0.007142925760390678, (3, 1): 0.010943561688723206, (3, 2): 0.016237379647202302, (3, 3): 0.041997241158303354, (3, 4): 0.026267994727161573, (3, 5): 0.041737858880778224, (3, 6): 0.04524355409773388, (3, 7): 0.029062785179425166, (3, 8): 0.046290576500479325, (3, 9): 0.041115206752757136, (3, 10): 0.021762685255812368, (3, 11): 0.030227674389315815, (3, 12): 0.034411817810454444, (3, 13): 0.0363979653916472, (3, 14): 0.006675339287316892, (3, 15): 0.002481467630032914, (4, 0): 0.0032523645455716965, (4, 1): 0.022513050205769203, (4, 2): 0.027464403175416, (4, 3): 0.025728079219467206, (4, 4): 0.04214362235925456, (4, 5): 0.023468788841083294, (4, 6): 0.059130987602617834, (4, 7): 0.0539218586221179, (4, 8): 0.0499972033851966, (4, 9): 0.03203459200472678, (4, 10): 0.020173998106807978, (4, 11): 0.046534559860623076, (4, 12): 0.04157624170121481, (4, 13): 0.009233448372995397, (4, 14): 0.022971971891369847, (4, 15): 0.001752165001930229, (5, 0): 0.007388168869798351, (5, 1): 0.008480986170017038, (5, 2): 0.04435493809731529, (5, 3): 0.030335184191466122, (5, 4): 0.02773011493475999, (5, 5): 0.04739131091499213, (5, 6): 0.030346662842313386, (5, 7): 0.06747081083659714, (5, 8): 0.049327498901264075, (5, 9): 0.054262753289763745, (5, 10): 0.060831973958662064, (5, 11): 0.03560845161189738, (5, 12): 0.04352544265873333, (5, 13): 0.02978750202454818, (5, 14): 0.00938433312859353, (5, 15): 0.006988153835899374, (6, 0): 0.0032404321002473878, (6, 1): 0.01898332136901366, (6, 2): 0.01591667721868156, (6, 3): 0.05526791888905776, (6, 4): 0.025130073326114975, (6, 5): 0.07809503142063567, (6, 6): 0.048198982776328524, (6, 7): 0.0513185730582509, (6, 8): 0.06995369445795972, (6, 9): 0.04053880812871715, (6, 10): 0.05460925922920825, (6, 11): 0.0523615718598709, (6, 12): 0.04235720491738396, (6, 13): 0.030576023461857053, (6, 14): 0.012425509300754548, (6, 15): 0.0033608834339148375, (7, 0): 0.0042075482122955615, (7, 1): 0.020536978341784157, (7, 2): 0.025092384049154353, (7, 3): 0.02301693511815155, (7, 4): 0.07945644668346062, (7, 5): 0.03614383353480737, (7, 6): 0.07064883052017275, (7, 7): 0.04109147990313745, (7, 8): 0.030797052916966307, (7, 9): 0.0590597430771783, (7, 10): 0.05371504261355974, (7, 11): 0.051974046536476484, (7, 12): 0.027623598927494563, (7, 13): 0.03436891239151891, (7, 14): 0.015329075621950707, (7, 15): 0.003818959120834505, (8, 0): 0.004207937577810556, (8, 1): 0.020220641208167654, (8, 2): 0.03284284686414533, (8, 3): 0.03269279716251976, (8, 4): 0.058579738792862664, (8, 5): 0.05056812619258928, (8, 6): 0.045004864444755495, (8, 7): 0.04052408108215463, (8, 8): 0.03467947991897951, (8, 9): 0.07122549219270412, (8, 10): 0.06738314962383891, (8, 11): 0.036625416244070653, (8, 12): 0.04562962023862117, (8, 13): 0.018633642096326022, (8, 14): 0.01368815037826892, (8, 15): 0.006888826326164631, (9, 0): 0.005824798059259527, (9, 1): 0.015914072991978643, (9, 2): 0.031149480884005116, (9, 3): 0.04851161919383427, (9, 4): 0.025994788317455535, (9, 5): 0.06233821551639505, (9, 6): 0.05209854683038115, (9, 7): 0.04307441275135091, (9, 8): 0.08095911474175721, (9, 9): 0.0489708390973192, (9, 10): 0.05249700182661707, (9, 11): 0.05461689527282072, (9, 12): 0.03779766931331419, (9, 13): 0.0288878370135849, (9, 14): 0.021528229141275095, (9, 15): 0.0016860349903096376, (10, 0): 0.0028326779610094643, (10, 1): 0.02010284247527405, (10, 2): 0.030587077627298835, (10, 3): 0.0364668877832758, (10, 4): 0.04163425906641069, (10, 5): 0.04417981698496138, (10, 6): 0.03189546030607232, (10, 7): 0.08199133471718639, (10, 8): 0.059400063345472306, (10, 9): 0.059361511414494514, (10, 10): 0.05340530235747278, (10, 11): 0.037103726916572925, (10, 12): 0.03892875281893392, (10, 13): 0.02758171185704303, (10, 14): 0.010469380959032357, (10, 15): 0.006582583613062069, (11, 0): 0.005354867376430906, (11, 1): 0.01675568216252734, (11, 2): 0.02957257871097651, (11, 3): 0.016668268584793464, (11, 4): 0.04916220534373359, (11, 5): 0.03635949786485598, (11, 6): 0.041828887856402534, (11, 7): 0.0520844460508477, (11, 8): 0.04445588365412581, (11, 9): 0.03592721943476862, (11, 10): 0.0428488018938206, (11, 11): 0.04346416349596417, (11, 12): 0.02974245298959039, (11, 13): 0.022172256279915054, (11, 14): 0.017608674288166978, (11, 15): 0.0022759927627268146, (12, 0): 0.006872260124078563, (12, 1): 0.010970742035453866, (12, 2): 0.012078568592277466, (12, 3): 0.024796416880777484, (12, 4): 0.03079558366499408, (12, 5): 0.04568087984241471, (12, 6): 0.056565988402992436, (12, 7): 0.023747384363681623, (12, 8): 0.04350638582095707, (12, 9): 0.03193848766829017, (12, 10): 0.018242479632394042, (12, 11): 0.035764403534888925, (12, 12): 0.027800764863438635, (12, 13): 0.026954261732861407, (12, 14): 0.01339177025958294, (12, 15): 0.004060737345549288, (13, 0): 0.0012473382838542367, (13, 1): 0.01297669955374959, (13, 2): 0.023081097850337413, (13, 3): 0.028928003520628763, (13, 4): 0.021823538958334828, (13, 5): 0.027767446255549263, (13, 6): 0.02134736135012808, (13, 7): 0.035969459757978446, (13, 8): 0.03386048816947918, (13, 9): 0.033716993088102505, (13, 10): 0.0322655992293045, (13, 11): 0.02160507518442683, (13, 12): 0.02565797718282009, (13, 13): 0.018736975380153106, (13, 14): 0.013754929310618327, (13, 15): 0.0023346551605608916, (14, 0): 0.00136304335114654, (14, 1): 0.01131836308266707, (14, 2): 0.014029014596578964, (14, 3): 0.016786776182395984, (14, 4): 0.017561697016726944, (14, 5): 0.01154785791567731, (14, 6): 0.017029382053928222, (14, 7): 0.027402327270445462, (14, 8): 0.01528124509090722, (14, 9): 0.014320433758557531, (14, 10): 0.02104011626654685, (14, 11): 0.020086408949304732, (14, 12): 0.012942816494425871, (14, 13): 0.013478627449985783, (14, 14): 0.008358081909131699, (14, 15): 0.00159767679856445, (15, 0): 0.0, (15, 1): 0.001779181667286635, (15, 2): 0.00286760192891821, (15, 3): 0.003284418761634215, (15, 4): 0.003943545379181477, (15, 5): 0.005022100773542675, (15, 6): 0.0025242406589745183, (15, 7): 0.0, (15, 8): 0.0017363502681892891, (15, 9): 0.0041513495839060974, (15, 10): 0.0020699312115737677, (15, 11): 0.0020939697089721464, (15, 12): 0.002603276001341353, (15, 13): 0.0023076814924034993, (15, 14): 0.0019093938838114666, (15, 15): 7.71962328238382e-06}
katz centrality: {(0, 0): 0.03182225602572534, (0, 1): 0.03597877666647669, (0, 2): 0.04310189655043717, (0, 3): 0.045333070348221594, (0, 4): 0.04201263861558728, (0, 5): 0.04875085043166203, (0, 6): 0.04512089169585724, (0, 7): 0.038503940021348354, (0, 8): 0.04882686108948252, (0, 9): 0.049134123256047234, (0, 10): 0.04790715521627187, (0, 11): 0.046230886153987634, (0, 12): 0.04047974080366979, (0, 13): 0.044498371773493035, (0, 14): 0.04149496460550365, (0, 15): 0.02770447677886599, (1, 0): 0.03949426718581685, (1, 1): 0.04528500442517632, (1, 2): 0.047904834923004076, (1, 3): 0.059052767161709575, (1, 4): 0.06379405425169442, (1, 5): 0.0695251862344961, (1, 6): 0.0695912215392018, (1, 7): 0.06587714677342901, (1, 8): 0.06915680560501576, (1, 9): 0.06813208325920135, (1, 10): 0.05985381541071742, (1, 11): 0.058256132102981584, (1, 12): 0.058347506026452146, (1, 13): 0.053628862416959744, (1, 14): 0.05356813190256168, (1, 15): 0.03808529120337269, (2, 0): 0.03278465554402879, (2, 1): 0.05160746721697796, (2, 2): 0.06027762204296744, (2, 3): 0.061734796002899404, (2, 4): 0.07680908182550492, (2, 5): 0.07927027853266719, (2, 6): 0.0724383334730028, (2, 7): 0.0789610762497719, (2, 8): 0.07721176610217474, (2, 9): 0.06745654731891883, (2, 10): 0.06430924661360152, (2, 11): 0.057903600309362376, (2, 12): 0.06991867392668691, (2, 13): 0.06872314321455666, (2, 14): 0.06062082676701197, (2, 15): 0.031165347064935723, (3, 0): 0.04560277184951122, (3, 1): 0.0606205725150312, (3, 2): 0.06471009167366522, (3, 3): 0.07613097053432646, (3, 4): 0.07938648260230986, (3, 5): 0.08173177095516271, (3, 6): 0.0819621424655156, (3, 7): 0.07581707766206176, (3, 8): 0.08009175689753406, (3, 9): 0.06916065527603153, (3, 10): 0.058345487321159864, (3, 11): 0.06442323346722113, (3, 12): 0.070772130179781, (3, 13): 0.06966761956977094, (3, 14): 0.05324316937655868, (3, 15): 0.04066219094161981, (4, 0): 0.04727828394274057, (4, 1): 0.06627222729655015, (4, 2): 0.07299274914811596, (4, 3): 0.07041966609736941, (4, 4): 0.07751470397064897, (4, 5): 0.07278904612473575, (4, 6): 0.07968312857745842, (4, 7): 0.08146620110051193, (4, 8): 0.08133019324786726, (4, 9): 0.07204954003821891, (4, 10): 0.0608040505599755, (4, 11): 0.05983662799606649, (4, 12): 0.06568205634576949, (4, 13): 0.054101834988592466, (4, 14): 0.05614984891896879, (4, 15): 0.03914355237387521, (5, 0): 0.04682071118854358, (5, 1): 0.056002044597986106, (5, 2): 0.07123053607012399, (5, 3): 0.06707687071632382, (5, 4): 0.06239983595206151, (5, 5): 0.06774788474441674, (5, 6): 0.058471411827782975, (5, 7): 0.0793812389146132, (5, 8): 0.08046054943250258, (5, 9): 0.07741040117741509, (5, 10): 0.07377328181107962, (5, 11): 0.06295920146172596, (5, 12): 0.0727835846416643, (5, 13): 0.06464844716915552, (5, 14): 0.052753195257103105, (5, 15): 0.04391580252182118, (6, 0): 0.041774842989370904, (6, 1): 0.059415201079004644, (6, 2): 0.05796142635400317, (6, 3): 0.06470066343210305, (6, 4): 0.0540460405130317, (6, 5): 0.0709856758873369, (6, 6): 0.06259590443911055, (6, 7): 0.07573336181812586, (6, 8): 0.076607126722989, (6, 9): 0.06316291932550117, (6, 10): 0.06845183865623324, (6, 11): 0.07559372691587636, (6, 12): 0.07584301426685314, (6, 13): 0.07170642529282042, (6, 14): 0.05399701118665723, (6, 15): 0.039649905501824324, (7, 0): 0.048098675827191004, (7, 1): 0.06594932981918637, (7, 2): 0.06485197656184406, (7, 3): 0.061890473755567416, (7, 4): 0.07248479837035297, (7, 5): 0.061990681322485926, (7, 6): 0.07265568972434311, (7, 7): 0.06745038894391489, (7, 8): 0.062246796196218646, (7, 9): 0.06276109944181506, (7, 10): 0.06315222268942687, (7, 11): 0.07140394108520971, (7, 12): 0.07010567256678704, (7, 13): 0.07176463155550855, (7, 14): 0.05770418430469177, (7, 15): 0.04466136095484369, (8, 0): 0.04878850420187415, (8, 1): 0.06759436820269046, (8, 2): 0.07354379099610178, (8, 3): 0.07004970398928884, (8, 4): 0.07580929222620006, (8, 5): 0.06791094059773212, (8, 6): 0.061112065585129376, (8, 7): 0.06131336666981215, (8, 8): 0.06737097074274721, (8, 9): 0.07652823508481395, (8, 10): 0.07802539190608249, (8, 11): 0.07229560302597803, (8, 12): 0.07625965153450341, (8, 13): 0.06102082303731533, (8, 14): 0.05354502138567358, (8, 15): 0.04425297518980644, (9, 0): 0.0476252360984141, (9, 1): 0.06115292009147609, (9, 2): 0.06846873645103353, (9, 3): 0.0780158891101476, (9, 4): 0.07281954700370127, (9, 5): 0.07546637613294102, (9, 6): 0.062125990636084975, (9, 7): 0.0680467578364942, (9, 8): 0.07789855127461967, (9, 9): 0.07500920755349279, (9, 10): 0.08135359906395336, (9, 11): 0.08028549913635159, (9, 12): 0.07501121286446916, (9, 13): 0.06324462009363138, (9, 14): 0.05635792977847025, (9, 15): 0.032796743494601814, (10, 0): 0.04130686302643821, (10, 1): 0.05994519348187882, (10, 2): 0.06673718995842508, (10, 3): 0.07692098665896807, (10, 4): 0.07834513183797384, (10, 5): 0.07612357810170989, (10, 6): 0.06295270336109529, (10, 7): 0.07513567612705976, (10, 8): 0.07804644534970545, (10, 9): 0.08007034140228776, (10, 10): 0.0807049994736815, (10, 11): 0.07315220107706186, (10, 12): 0.06858782043800257, (10, 13): 0.057801398322063956, (10, 14): 0.04419922991809611, (10, 15): 0.04205071785833217, (11, 0): 0.04688076861282952, (11, 1): 0.06096444432669929, (11, 2): 0.07000418436516515, (11, 3): 0.06290376957013234, (11, 4): 0.07445090631331838, (11, 5): 0.0692857535090362, (11, 6): 0.06832486024316431, (11, 7): 0.0677262775172583, (11, 8): 0.0687706630723918, (11, 9): 0.07034246673366644, (11, 10): 0.07111296952158311, (11, 11): 0.07825919826863449, (11, 12): 0.06985516954574228, (11, 13): 0.06065956263802983, (11, 14): 0.050077775976142, (11, 15): 0.039610987436228096, (12, 0): 0.047378350910963915, (12, 1): 0.06174832240253148, (12, 2): 0.05948592155541512, (12, 3): 0.053871503717817834, (12, 4): 0.06511478458768946, (12, 5): 0.06447904317007258, (12, 6): 0.07008105866562742, (12, 7): 0.05939245259418384, (12, 8): 0.0658650668519632, (12, 9): 0.06138966968526803, (12, 10): 0.06410197188645027, (12, 11): 0.07879653578605907, (12, 12): 0.0788158029779807, (12, 13): 0.07360248440780921, (12, 14): 0.060468438708916265, (12, 15): 0.046048429839106925, (13, 0): 0.041607317457402086, (13, 1): 0.06511814433039326, (13, 2): 0.07018689794406498, (13, 3): 0.06937271020551364, (13, 4): 0.0572358263703328, (13, 5): 0.055955324758705155, (13, 6): 0.056163158782104726, (13, 7): 0.06201920410196546, (13, 8): 0.06785378907270966, (13, 9): 0.06508130344767296, (13, 10): 0.07327099302487299, (13, 11): 0.07703420683589665, (13, 12): 0.07805053381964659, (13, 13): 0.0744358264982055, (13, 14): 0.06619722193364533, (13, 15): 0.04666536235635417, (14, 0): 0.044602641088322945, (14, 1): 0.06150952626455723, (14, 2): 0.06719795370089128, (14, 3): 0.066100385283746, (14, 4): 0.05706931691539564, (14, 5): 0.048108705898150084, (14, 6): 0.04973941201730493, (14, 7): 0.05845590529210953, (14, 8): 0.054569138358051855, (14, 9): 0.05430063841609827, (14, 10): 0.06629789361763011, (14, 11): 0.06824319859387093, (14, 12): 0.06530062667267236, (14, 13): 0.06681214444418812, (14, 14): 0.057646500037412625, (14, 15): 0.03882852106467715, (15, 0): 0.03490032638034155, (15, 1): 0.04542658447075176, (15, 2): 0.048590885293621114, (15, 3): 0.04820989123648133, (15, 4): 0.045675859191375755, (15, 5): 0.03980578060020099, (15, 6): 0.035376853518734805, (15, 7): 0.028844854760212153, (15, 8): 0.032528130330228444, (15, 9): 0.04051603127017922, (15, 10): 0.043034026837755396, (15, 11): 0.04403402577017123, (15, 12): 0.03794516738028036, (15, 13): 0.04693181878496106, (15, 14): 0.04414923733527371, (15, 15): 0.033808877041714695}
;
