49 123 3
4 2 1
0 2 1
7
param Vertices :=
1 0.0
2 0.1
3 0.2
4 0.3
5 0.4
6 0.5
7 0.6
8 1.0
9 1.1
10 1.2
11 1.3
12 1.4
13 1.5
14 1.6
15 2.0
16 2.1
17 2.2
18 2.3
19 2.4
20 2.5
21 2.6
22 3.0
23 3.1
24 3.2
25 3.3
26 3.4
27 3.5
28 3.6
29 4.0
30 4.1
31 4.2
32 4.3
33 4.4
34 4.5
35 4.6
36 5.0
37 5.1
38 5.2
39 5.3
40 5.4
41 5.5
42 5.6
43 6.0
44 6.1
45 6.2
46 6.3
47 6.4
48 6.5
49 6.6
;
param Edges :=
1 8
1 2
1 9
2 9
2 3
2 10
3 10
3 4
3 11
3 9
4 11
4 5
4 12
5 6
6 13
6 7
6 14
6 12
7 14
7 13
8 15
8 9
9 16
9 10
9 17
9 15
10 17
10 18
10 16
11 12
11 19
11 17
12 13
12 20
12 18
13 20
13 14
13 19
14 21
14 20
15 22
15 23
16 23
16 24
16 22
17 24
17 18
17 25
17 23
18 25
18 19
18 24
19 26
19 20
19 27
19 25
20 27
20 21
20 26
21 27
22 29
22 23
22 30
23 30
23 24
23 29
24 32
24 30
25 32
25 31
26 33
26 27
26 34
27 34
27 28
27 35
27 33
28 34
29 36
29 30
30 37
30 31
31 38
31 32
31 39
31 37
32 39
32 33
33 40
33 34
33 41
34 41
34 35
34 42
34 40
35 42
35 41
36 37
37 44
37 38
37 45
37 43
38 45
38 39
38 46
39 40
39 47
39 45
40 47
40 41
40 48
40 46
41 48
41 49
41 47
42 49
42 48
43 44
44 45
45 46
46 47
47 48
48 49
;
param Grid_Label_Edges :=
0 0 1 0
0 0 0 1
0 0 1 1
0 1 1 1
0 1 0 2
0 1 1 2
0 2 1 2
0 2 0 3
0 2 1 3
0 2 1 1
0 3 1 3
0 3 0 4
0 3 1 4
0 4 0 5
0 5 1 5
0 5 0 6
0 5 1 6
0 5 1 4
0 6 1 6
0 6 1 5
1 0 2 0
1 0 1 1
1 1 2 1
1 1 1 2
1 1 2 2
1 1 2 0
1 2 2 2
1 2 2 3
1 2 2 1
1 3 1 4
1 3 2 4
1 3 2 2
1 4 1 5
1 4 2 5
1 4 2 3
1 5 2 5
1 5 1 6
1 5 2 4
1 6 2 6
1 6 2 5
2 0 3 0
2 0 3 1
2 1 3 1
2 1 3 2
2 1 3 0
2 2 3 2
2 2 2 3
2 2 3 3
2 2 3 1
2 3 3 3
2 3 2 4
2 3 3 2
2 4 3 4
2 4 2 5
2 4 3 5
2 4 3 3
2 5 3 5
2 5 2 6
2 5 3 4
2 6 3 5
3 0 4 0
3 0 3 1
3 0 4 1
3 1 4 1
3 1 3 2
3 1 4 0
3 2 4 3
3 2 4 1
3 3 4 3
3 3 4 2
3 4 4 4
3 4 3 5
3 4 4 5
3 5 4 5
3 5 3 6
3 5 4 6
3 5 4 4
3 6 4 5
4 0 5 0
4 0 4 1
4 1 5 1
4 1 4 2
4 2 5 2
4 2 4 3
4 2 5 3
4 2 5 1
4 3 5 3
4 3 4 4
4 4 5 4
4 4 4 5
4 4 5 5
4 5 5 5
4 5 4 6
4 5 5 6
4 5 5 4
4 6 5 6
4 6 5 5
5 0 5 1
5 1 6 1
5 1 5 2
5 1 6 2
5 1 6 0
5 2 6 2
5 2 5 3
5 2 6 3
5 3 5 4
5 3 6 4
5 3 6 2
5 4 6 4
5 4 5 5
5 4 6 5
5 4 6 3
5 5 6 5
5 5 6 6
5 5 6 4
5 6 6 6
5 6 6 5
6 0 6 1
6 1 6 2
6 2 6 3
6 3 6 4
6 4 6 5
6 5 6 6
;
param Centralities :=
degree centrality: {(0, 0): 0.0625, (0, 1): 0.08333333333333333, (0, 2): 0.10416666666666666, (0, 3): 0.08333333333333333, (0, 4): 0.041666666666666664, (0, 5): 0.10416666666666666, (0, 6): 0.0625, (1, 0): 0.0625, (1, 1): 0.16666666666666666, (1, 2): 0.125, (1, 3): 0.10416666666666666, (1, 4): 0.125, (1, 5): 0.125, (1, 6): 0.10416666666666666, (2, 0): 0.08333333333333333, (2, 1): 0.10416666666666666, (2, 2): 0.14583333333333331, (2, 3): 0.125, (2, 4): 0.14583333333333331, (2, 5): 0.14583333333333331, (2, 6): 0.0625, (3, 0): 0.10416666666666666, (3, 1): 0.14583333333333331, (3, 2): 0.125, (3, 3): 0.10416666666666666, (3, 4): 0.10416666666666666, (3, 5): 0.16666666666666666, (3, 6): 0.041666666666666664, (4, 0): 0.08333333333333333, (4, 1): 0.125, (4, 2): 0.125, (4, 3): 0.10416666666666666, (4, 4): 0.125, (4, 5): 0.16666666666666666, (4, 6): 0.08333333333333333, (5, 0): 0.041666666666666664, (5, 1): 0.14583333333333331, (5, 2): 0.10416666666666666, (5, 3): 0.125, (5, 4): 0.14583333333333331, (5, 5): 0.14583333333333331, (5, 6): 0.08333333333333333, (6, 0): 0.041666666666666664, (6, 1): 0.0625, (6, 2): 0.10416666666666666, (6, 3): 0.08333333333333333, (6, 4): 0.10416666666666666, (6, 5): 0.10416666666666666, (6, 6): 0.0625}
eigenvector centrality: {(0, 0): 0.04572468950495168, (0, 1): 0.07472844097901504, (0, 2): 0.09822402360197395, (0, 3): 0.0717358284668036, (0, 4): 0.028374141540698557, (0, 5): 0.08903533457104519, (0, 6): 0.06238943531950634, (1, 0): 0.04573280157219172, (1, 1): 0.13861593648595763, (1, 2): 0.14084932125906705, (1, 3): 0.13061315004225327, (1, 4): 0.14925061003914922, (1, 5): 0.15307264165026374, (1, 6): 0.1113996011825684, (2, 0): 0.07478244545307935, (2, 1): 0.11967577013422552, (2, 2): 0.18568560449648042, (2, 3): 0.18112965615884538, (2, 4): 0.2351709437847438, (2, 5): 0.220085614579807, (2, 6): 0.10662406798336106, (3, 0): 0.09381274218610669, (3, 1): 0.1455580451016605, (3, 2): 0.15925177594776865, (3, 3): 0.15608903065175114, (3, 4): 0.21885723274470698, (3, 5): 0.2726645311582668, (3, 6): 0.09622207115651467, (4, 0): 0.06891352232994145, (4, 1): 0.12261680009404673, (4, 2): 0.13476530978591755, (4, 3): 0.14766574168739086, (4, 4): 0.23961419317285437, (4, 5): 0.2725477094516934, (4, 6): 0.15584336532051576, (5, 0): 0.028479508386262436, (5, 1): 0.09245358554174235, (5, 2): 0.09779785900083018, (5, 3): 0.14697335219009866, (5, 4): 0.22327942012180924, (5, 5): 0.2226832510064527, (5, 6): 0.1151430925776593, (6, 0): 0.022476319819749697, (6, 1): 0.03489979953832944, (6, 2): 0.08281679282669414, (6, 3): 0.09712781232290779, (6, 4): 0.14644964607649688, (6, 5): 0.1397479868475408, (6, 6): 0.08428470830227885}
closeness centrality: {(0, 0): 0.22748815165876776, (0, 1): 0.25, (0, 2): 0.2807017543859649, (0, 3): 0.2807017543859649, (0, 4): 0.22857142857142856, (0, 5): 0.2594594594594595, (0, 6): 0.23529411764705882, (1, 0): 0.2376237623762376, (1, 1): 0.2891566265060241, (1, 2): 0.3116883116883117, (1, 3): 0.3380281690140845, (1, 4): 0.32653061224489793, (1, 5): 0.2981366459627329, (1, 6): 0.25396825396825395, (2, 0): 0.26666666666666666, (2, 1): 0.3076923076923077, (2, 2): 0.35555555555555557, (2, 3): 0.36923076923076925, (2, 4): 0.3779527559055118, (2, 5): 0.32, (2, 6): 0.2696629213483146, (3, 0): 0.27906976744186046, (3, 1): 0.32653061224489793, (3, 2): 0.37209302325581395, (3, 3): 0.3902439024390244, (3, 4): 0.3287671232876712, (3, 5): 0.3356643356643357, (3, 6): 0.2696629213483146, (4, 0): 0.2681564245810056, (4, 1): 0.32432432432432434, (4, 2): 0.36363636363636365, (4, 3): 0.37209302325581395, (4, 4): 0.34782608695652173, (4, 5): 0.3157894736842105, (4, 6): 0.2774566473988439, (5, 0): 0.25, (5, 1): 0.2981366459627329, (5, 2): 0.2981366459627329, (5, 3): 0.3221476510067114, (5, 4): 0.3037974683544304, (5, 5): 0.2857142857142857, (5, 6): 0.24870466321243523, (6, 0): 0.2318840579710145, (6, 1): 0.24615384615384617, (6, 2): 0.2681564245810056, (6, 3): 0.2696629213483146, (6, 4): 0.2742857142857143, (6, 5): 0.24242424242424243, (6, 6): 0.22641509433962265}
betweenness centrality: {(0, 0): 0.0004432624113475177, (0, 1): 0.006250337497990817, (0, 2): 0.0382665621270738, (0, 3): 0.03221497919984523, (0, 4): 0.0028059122347222297, (0, 5): 0.02661597090218258, (0, 6): 0.0, (1, 0): 0.0023141112236856917, (1, 1): 0.08780424878891233, (1, 2): 0.044359716470925896, (1, 3): 0.08019245934454246, (1, 4): 0.08063428972963083, (1, 5): 0.051881001137885956, (1, 6): 0.015817126054517024, (2, 0): 0.022131694773840322, (2, 1): 0.032105594323358, (2, 2): 0.12038866894857297, (2, 3): 0.11805037781929473, (2, 4): 0.19007234341404533, (2, 5): 0.07537637745775497, (2, 6): 0.009179266314027231, (3, 0): 0.020827190323311612, (3, 1): 0.07327402319317872, (3, 2): 0.11246959798523552, (3, 3): 0.1347497135032606, (3, 4): 0.04378804630994253, (3, 5): 0.13178499365887883, (3, 6): 0.0, (4, 0): 0.015075143532590343, (4, 1): 0.08983974458900734, (4, 2): 0.13723709231629672, (4, 3): 0.11687277085228553, (4, 4): 0.10837948920324203, (4, 5): 0.08486220880947794, (4, 6): 0.0169016930041379, (5, 0): 0.0024231678486997636, (5, 1): 0.10820794655915078, (5, 2): 0.02640703954131969, (5, 3): 0.08660850931787463, (5, 4): 0.07914443927807858, (5, 5): 0.052349937510936057, (5, 6): 0.011161359418052517, (6, 0): 0.0, (6, 1): 0.0030547271266273463, (6, 2): 0.028123873023692503, (6, 3): 0.024560102596266134, (6, 4): 0.023305894064670298, (6, 5): 0.013025648741899659, (6, 6): 0.00022163120567375886}
katz centrality: {(0, 0): 0.10617030203471478, (0, 1): 0.12335769945088809, (0, 2): 0.13739797827256886, (0, 3): 0.11827144506246823, (0, 4): 0.09064535394404548, (0, 5): 0.12978478990733874, (0, 6): 0.10755049500999951, (1, 0): 0.10626297121667888, (1, 1): 0.1736850452089331, (1, 2): 0.1579263645220165, (1, 3): 0.14234192401073448, (1, 4): 0.15393188992668594, (1, 5): 0.15351479498634174, (1, 6): 0.13380806073566684, (2, 0): 0.12437706045249321, (2, 1): 0.14567176442590288, (2, 2): 0.1772890072434198, (2, 3): 0.16346484614780418, (2, 4): 0.17813161513155426, (2, 5): 0.17354379468152445, (2, 6): 0.11528942830081614, (3, 0): 0.137322975738328, (3, 1): 0.16810230789034428, (3, 2): 0.16128364642875942, (3, 3): 0.14768863375495853, (3, 4): 0.15521973014320944, (3, 5): 0.1871451231203223, (3, 6): 0.10327548026107762, (4, 0): 0.12125016557330275, (4, 1): 0.15543115457058887, (4, 2): 0.15512348501727297, (4, 3): 0.14448007953888636, (4, 4): 0.16776708900823922, (4, 5): 0.18721237501980614, (4, 6): 0.13261441418634787, (5, 0): 0.09324791306311844, (5, 1): 0.15283166058723383, (5, 2): 0.13786538054142866, (5, 3): 0.15454063670898555, (5, 4): 0.17431526975551423, (5, 5): 0.1709010080340055, (5, 6): 0.12248833121869733, (6, 0): 0.09148180862639872, (6, 1): 0.10358912120610575, (6, 2): 0.1331804383767771, (6, 3): 0.12458028025336959, (6, 4): 0.14204440938932833, (6, 5): 0.1377095946707604, (6, 6): 0.10894962383941109}
;
