64 191 3
4 2 1
0 2 1
8
param Vertices :=
1 0.0
2 0.1
3 0.2
4 0.3
5 0.4
6 0.5
7 0.6
8 0.7
9 1.0
10 1.1
11 1.2
12 1.3
13 1.4
14 1.5
15 1.6
16 1.7
17 2.0
18 2.1
19 2.2
20 2.3
21 2.4
22 2.5
23 2.6
24 2.7
25 3.0
26 3.1
27 3.2
28 3.3
29 3.4
30 3.5
31 3.6
32 3.7
33 4.0
34 4.1
35 4.2
36 4.3
37 4.4
38 4.5
39 4.6
40 4.7
41 5.0
42 5.1
43 5.2
44 5.3
45 5.4
46 5.5
47 5.6
48 5.7
49 6.0
50 6.1
51 6.2
52 6.3
53 6.4
54 6.5
55 6.6
56 6.7
57 7.0
58 7.1
59 7.2
60 7.3
61 7.4
62 7.5
63 7.6
64 7.7
;
param Edges :=
1 9
1 2
1 10
2 10
2 3
2 11
3 11
3 4
3 12
3 10
4 13
4 11
5 13
5 6
5 14
5 12
6 14
6 15
7 15
7 8
7 16
7 14
8 16
8 15
9 17
9 10
9 18
10 11
10 19
10 17
11 19
11 12
11 20
11 18
12 13
12 21
12 19
13 21
13 14
13 22
13 20
14 22
14 15
14 23
14 21
15 23
15 16
15 24
15 22
16 24
16 23
17 25
17 18
17 26
18 26
18 25
19 27
19 20
19 28
19 26
20 28
20 21
20 29
20 27
21 29
21 22
21 30
21 28
22 30
22 23
22 31
22 29
23 31
23 24
23 32
23 30
24 32
24 31
25 33
25 26
26 34
26 27
26 35
26 33
27 35
27 28
27 34
28 36
28 37
28 35
29 37
29 38
29 36
30 38
30 31
30 39
30 37
31 32
31 40
31 38
32 40
32 39
33 41
33 34
33 42
34 42
34 35
34 43
34 41
35 43
35 36
35 44
35 42
36 44
36 37
36 45
36 43
37 45
37 38
37 46
37 44
38 46
38 39
38 47
38 45
39 47
39 40
39 48
39 46
40 48
40 47
41 49
41 42
41 50
42 50
42 43
42 51
42 49
43 51
43 44
43 52
43 50
44 52
44 45
44 53
44 51
45 53
45 54
45 52
46 54
46 55
46 53
47 55
47 48
47 56
47 54
48 56
48 55
49 57
49 50
49 58
50 58
50 51
50 59
50 57
51 59
51 60
51 58
52 60
52 53
52 61
52 59
53 61
53 54
53 62
53 60
54 55
54 63
54 61
55 63
55 56
55 64
55 62
56 64
56 63
57 58
58 59
59 60
60 61
62 63
63 64
;
param Grid_Label_Edges :=
0 0 1 0
0 0 0 1
0 0 1 1
0 1 1 1
0 1 0 2
0 1 1 2
0 2 1 2
0 2 0 3
0 2 1 3
0 2 1 1
0 3 1 4
0 3 1 2
0 4 1 4
0 4 0 5
0 4 1 5
0 4 1 3
0 5 1 5
0 5 1 6
0 6 1 6
0 6 0 7
0 6 1 7
0 6 1 5
0 7 1 7
0 7 1 6
1 0 2 0
1 0 1 1
1 0 2 1
1 1 1 2
1 1 2 2
1 1 2 0
1 2 2 2
1 2 1 3
1 2 2 3
1 2 2 1
1 3 1 4
1 3 2 4
1 3 2 2
1 4 2 4
1 4 1 5
1 4 2 5
1 4 2 3
1 5 2 5
1 5 1 6
1 5 2 6
1 5 2 4
1 6 2 6
1 6 1 7
1 6 2 7
1 6 2 5
1 7 2 7
1 7 2 6
2 0 3 0
2 0 2 1
2 0 3 1
2 1 3 1
2 1 3 0
2 2 3 2
2 2 2 3
2 2 3 3
2 2 3 1
2 3 3 3
2 3 2 4
2 3 3 4
2 3 3 2
2 4 3 4
2 4 2 5
2 4 3 5
2 4 3 3
2 5 3 5
2 5 2 6
2 5 3 6
2 5 3 4
2 6 3 6
2 6 2 7
2 6 3 7
2 6 3 5
2 7 3 7
2 7 3 6
3 0 4 0
3 0 3 1
3 1 4 1
3 1 3 2
3 1 4 2
3 1 4 0
3 2 4 2
3 2 3 3
3 2 4 1
3 3 4 3
3 3 4 4
3 3 4 2
3 4 4 4
3 4 4 5
3 4 4 3
3 5 4 5
3 5 3 6
3 5 4 6
3 5 4 4
3 6 3 7
3 6 4 7
3 6 4 5
3 7 4 7
3 7 4 6
4 0 5 0
4 0 4 1
4 0 5 1
4 1 5 1
4 1 4 2
4 1 5 2
4 1 5 0
4 2 5 2
4 2 4 3
4 2 5 3
4 2 5 1
4 3 5 3
4 3 4 4
4 3 5 4
4 3 5 2
4 4 5 4
4 4 4 5
4 4 5 5
4 4 5 3
4 5 5 5
4 5 4 6
4 5 5 6
4 5 5 4
4 6 5 6
4 6 4 7
4 6 5 7
4 6 5 5
4 7 5 7
4 7 5 6
5 0 6 0
5 0 5 1
5 0 6 1
5 1 6 1
5 1 5 2
5 1 6 2
5 1 6 0
5 2 6 2
5 2 5 3
5 2 6 3
5 2 6 1
5 3 6 3
5 3 5 4
5 3 6 4
5 3 6 2
5 4 6 4
5 4 6 5
5 4 6 3
5 5 6 5
5 5 6 6
5 5 6 4
5 6 6 6
5 6 5 7
5 6 6 7
5 6 6 5
5 7 6 7
5 7 6 6
6 0 7 0
6 0 6 1
6 0 7 1
6 1 7 1
6 1 6 2
6 1 7 2
6 1 7 0
6 2 7 2
6 2 7 3
6 2 7 1
6 3 7 3
6 3 6 4
6 3 7 4
6 3 7 2
6 4 7 4
6 4 6 5
6 4 7 5
6 4 7 3
6 5 6 6
6 5 7 6
6 5 7 4
6 6 7 6
6 6 6 7
6 6 7 7
6 6 7 5
6 7 7 7
6 7 7 6
7 0 7 1
7 1 7 2
7 2 7 3
7 3 7 4
7 5 7 6
7 6 7 7
;
param Centralities :=
degree centrality: {(0, 0): 0.047619047619047616, (0, 1): 0.06349206349206349, (0, 2): 0.07936507936507936, (0, 3): 0.047619047619047616, (0, 4): 0.06349206349206349, (0, 5): 0.047619047619047616, (0, 6): 0.06349206349206349, (0, 7): 0.047619047619047616, (1, 0): 0.06349206349206349, (1, 1): 0.1111111111111111, (1, 2): 0.12698412698412698, (1, 3): 0.09523809523809523, (1, 4): 0.1111111111111111, (1, 5): 0.12698412698412698, (1, 6): 0.12698412698412698, (1, 7): 0.07936507936507936, (2, 0): 0.07936507936507936, (2, 1): 0.07936507936507936, (2, 2): 0.1111111111111111, (2, 3): 0.1111111111111111, (2, 4): 0.12698412698412698, (2, 5): 0.12698412698412698, (2, 6): 0.12698412698412698, (2, 7): 0.07936507936507936, (3, 0): 0.06349206349206349, (3, 1): 0.12698412698412698, (3, 2): 0.09523809523809523, (3, 3): 0.1111111111111111, (3, 4): 0.09523809523809523, (3, 5): 0.1111111111111111, (3, 6): 0.1111111111111111, (3, 7): 0.07936507936507936, (4, 0): 0.07936507936507936, (4, 1): 0.1111111111111111, (4, 2): 0.12698412698412698, (4, 3): 0.1111111111111111, (4, 4): 0.12698412698412698, (4, 5): 0.12698412698412698, (4, 6): 0.1111111111111111, (4, 7): 0.07936507936507936, (5, 0): 0.07936507936507936, (5, 1): 0.12698412698412698, (5, 2): 0.12698412698412698, (5, 3): 0.12698412698412698, (5, 4): 0.1111111111111111, (5, 5): 0.09523809523809523, (5, 6): 0.1111111111111111, (5, 7): 0.07936507936507936, (6, 0): 0.07936507936507936, (6, 1): 0.12698412698412698, (6, 2): 0.1111111111111111, (6, 3): 0.1111111111111111, (6, 4): 0.12698412698412698, (6, 5): 0.1111111111111111, (6, 6): 0.12698412698412698, (6, 7): 0.07936507936507936, (7, 0): 0.047619047619047616, (7, 1): 0.07936507936507936, (7, 2): 0.07936507936507936, (7, 3): 0.07936507936507936, (7, 4): 0.06349206349206349, (7, 5): 0.047619047619047616, (7, 6): 0.07936507936507936, (7, 7): 0.047619047619047616}
eigenvector centrality: {(0, 0): 0.017390536268964023, (0, 1): 0.031910738940493504, (0, 2): 0.04707826177426595, (0, 3): 0.03930677314824086, (0, 4): 0.0593529010906817, (0, 5): 0.044729606086685685, (0, 6): 0.04997068185496818, (0, 7): 0.032741509338903504, (1, 0): 0.026160735088769864, (1, 1): 0.05839465772678393, (1, 2): 0.09084531976498458, (1, 3): 0.09482866121293207, (1, 4): 0.12531555645155312, (1, 5): 0.13261257095114792, (1, 6): 0.10758734944786404, (1, 7): 0.061710040907333126, (2, 0): 0.04760027679482318, (2, 1): 0.051816267872173735, (2, 2): 0.13008886631262098, (2, 3): 0.15497415763898567, (2, 4): 0.1823911317240367, (2, 5): 0.17577479179579647, (2, 6): 0.14298307467136204, (2, 7): 0.07998674603113076, (3, 0): 0.04847173391597649, (3, 1): 0.13394271924913578, (3, 2): 0.14775362621430183, (3, 3): 0.19047969107370574, (3, 4): 0.1709997797347253, (3, 5): 0.17649551563713617, (3, 6): 0.13878016225365628, (3, 7): 0.08460824397786283, (4, 0): 0.09126421537538645, (4, 1): 0.1607814736315293, (4, 2): 0.21925928323670835, (4, 3): 0.21615898827354008, (4, 4): 0.22503720762666535, (4, 5): 0.19086104086970554, (4, 6): 0.12616865248855186, (4, 7): 0.0787021814329502, (5, 0): 0.09577709705623179, (5, 1): 0.17224099576113963, (5, 2): 0.2165445613649188, (5, 3): 0.2305123303715386, (5, 4): 0.19481226667209747, (5, 5): 0.13677665151122717, (5, 6): 0.10913835763908195, (5, 7): 0.06837452263361521, (6, 0): 0.07854130711439816, (6, 1): 0.13861105759974562, (6, 2): 0.1527525817670867, (6, 3): 0.15992023594798227, (6, 4): 0.15929046428256588, (6, 5): 0.1229013716563, (6, 6): 0.09174635045752853, (6, 7): 0.052151586951871186, (7, 0): 0.043721141335920574, (7, 1): 0.07565792814991087, (7, 2): 0.09307130910116465, (7, 3): 0.09637500709676719, (7, 4): 0.08040543872378927, (7, 5): 0.04508672276630904, (7, 6): 0.0509139524580395, (7, 7): 0.0290891179283542}
closeness centrality: {(0, 0): 0.20454545454545456, (0, 1): 0.22340425531914893, (0, 2): 0.23954372623574144, (0, 3): 0.245136186770428, (0, 4): 0.24705882352941178, (0, 5): 0.23333333333333334, (0, 6): 0.22340425531914893, (0, 7): 0.20454545454545456, (1, 0): 0.21951219512195122, (1, 1): 0.25301204819277107, (1, 2): 0.27876106194690264, (1, 3): 0.2903225806451613, (1, 4): 0.2916666666666667, (1, 5): 0.27876106194690264, (1, 6): 0.2540322580645161, (1, 7): 0.22419928825622776, (2, 0): 0.23954372623574144, (2, 1): 0.2647058823529412, (2, 2): 0.31343283582089554, (2, 3): 0.3333333333333333, (2, 4): 0.33689839572192515, (2, 5): 0.315, (2, 6): 0.27876106194690264, (2, 7): 0.23954372623574144, (3, 0): 0.2441860465116279, (3, 1): 0.2930232558139535, (3, 2): 0.3247422680412371, (3, 3): 0.3620689655172414, (3, 4): 0.3620689655172414, (3, 5): 0.3351063829787234, (3, 6): 0.2916666666666667, (3, 7): 0.24803149606299213, (4, 0): 0.24803149606299213, (4, 1): 0.2903225806451613, (4, 2): 0.33689839572192515, (4, 3): 0.36, (4, 4): 0.36416184971098264, (4, 5): 0.33689839572192515, (4, 6): 0.2916666666666667, (4, 7): 0.24803149606299213, (5, 0): 0.23863636363636365, (5, 1): 0.27876106194690264, (5, 2): 0.31343283582089554, (5, 3): 0.33689839572192515, (5, 4): 0.3298429319371728, (5, 5): 0.3103448275862069, (5, 6): 0.2775330396475771, (5, 7): 0.23954372623574144, (6, 0): 0.22419928825622776, (6, 1): 0.2540322580645161, (6, 2): 0.2775330396475771, (6, 3): 0.2903225806451613, (6, 4): 0.2930232558139535, (6, 5): 0.27391304347826084, (6, 6): 0.25301204819277107, (6, 7): 0.22419928825622776, (7, 0): 0.20454545454545456, (7, 1): 0.22419928825622776, (7, 2): 0.23954372623574144, (7, 3): 0.24803149606299213, (7, 4): 0.24609375, (7, 5): 0.23773584905660378, (7, 6): 0.22183098591549297, (7, 7): 0.20388349514563106}
betweenness centrality: {(0, 0): 0.0002560163850486431, (0, 1): 0.004943006696034164, (0, 2): 0.012012088848373403, (0, 3): 0.008123106146113062, (0, 4): 0.014772219729912103, (0, 5): 0.002061681357874621, (0, 6): 0.006278082931027421, (0, 7): 0.0, (1, 0): 0.00485646063031612, (1, 1): 0.0519157799563814, (1, 2): 0.07648578708253602, (1, 3): 0.0633531860649845, (1, 4): 0.056351742069924174, (1, 5): 0.07196971557122099, (1, 6): 0.04570826301994507, (1, 7): 0.007668704135261556, (2, 0): 0.016418206510522504, (2, 1): 0.025063143244916375, (2, 2): 0.09343737421480941, (2, 3): 0.08841854321680603, (2, 4): 0.11462732815763484, (2, 5): 0.08774703442522375, (2, 6): 0.05661105607715431, (2, 7): 0.011278877052805418, (3, 0): 0.006963143730269412, (3, 1): 0.0960255830871945, (3, 2): 0.04248921888610473, (3, 3): 0.11514397597832213, (3, 4): 0.09240313031201233, (3, 5): 0.0935256896625785, (3, 6): 0.05301294755682295, (3, 7): 0.017123383890459285, (4, 0): 0.020625004951737202, (4, 1): 0.04499670540125391, (4, 2): 0.11426097696654217, (4, 3): 0.08011378383854349, (4, 4): 0.12645474554954952, (4, 5): 0.10543135532270571, (4, 6): 0.05234193407639807, (4, 7): 0.01709602608818072, (5, 0): 0.011917075020152611, (5, 1): 0.05709376799247288, (5, 2): 0.08100162985966389, (5, 3): 0.10901619150724294, (5, 4): 0.07492999014056725, (5, 5): 0.06777247865412318, (5, 6): 0.05143359070767183, (5, 7): 0.01175872257042622, (6, 0): 0.007978582511758705, (6, 1): 0.042836326563153795, (6, 2): 0.04863071605472185, (6, 3): 0.04845434317508558, (6, 4): 0.0749128660283702, (6, 5): 0.055938479656548676, (6, 6): 0.04643220715647762, (6, 7): 0.007770792693877274, (7, 0): 0.0, (7, 1): 0.007413892148641104, (7, 2): 0.014424970023753633, (7, 3): 0.017042229543654093, (7, 4): 0.008420827873077144, (7, 5): 0.009308091325199637, (7, 6): 0.008386339273494726, (7, 7): 0.0}
katz centrality: {(0, 0): 0.07349874512634887, (0, 1): 0.08701566739860808, (0, 2): 0.09873101175255061, (0, 3): 0.0815894666405726, (0, 4): 0.09325315937877166, (0, 5): 0.08237721340178683, (0, 6): 0.09094047421964059, (0, 7): 0.07769402796781757, (1, 0): 0.08354311617414206, (1, 1): 0.1161481058603314, (1, 2): 0.13349824941644264, (1, 3): 0.1207780663791441, (1, 4): 0.1353848434063255, (1, 5): 0.14571090877005302, (1, 6): 0.13652750403863653, (1, 7): 0.1011917395894915, (2, 0): 0.09796323157325255, (2, 1): 0.09954051735108083, (2, 2): 0.138950475331562, (2, 3): 0.1439486216201694, (2, 4): 0.15968236267538194, (2, 5): 0.1606052867687552, (2, 6): 0.15005768198082503, (2, 7): 0.10841714585758833, (3, 0): 0.08967052012677454, (3, 1): 0.1424494943897893, (3, 2): 0.13330408737940538, (3, 3): 0.15109756643993072, (3, 4): 0.13928806972223862, (3, 5): 0.15172970181679535, (3, 6): 0.13939123344688834, (3, 7): 0.10872273768963493, (4, 0): 0.10847139612321571, (4, 1): 0.14251696629079122, (4, 2): 0.16579718789140357, (4, 3): 0.1554170047744341, (4, 4): 0.1655953628965436, (4, 5): 0.15935149665669454, (4, 6): 0.13433303191245724, (4, 7): 0.10674772186818302, (5, 0): 0.10953570836094209, (5, 1): 0.1522607102334526, (5, 2): 0.1650705166992964, (5, 3): 0.16757497087652887, (5, 4): 0.15146581138799203, (5, 5): 0.13174844546041495, (5, 6): 0.13168274809320799, (5, 7): 0.10506690570923426, (6, 0): 0.10319328356759441, (6, 1): 0.1406341655639597, (6, 2): 0.13910731600691548, (6, 3): 0.1391162835250715, (6, 4): 0.14589966375322444, (6, 5): 0.1334227695670162, (6, 6): 0.1306015679878065, (6, 7): 0.09902342540028068, (7, 0): 0.07939360914992218, (7, 1): 0.10182808053726046, (7, 2): 0.10767186925380587, (7, 3): 0.10775228507444407, (7, 4): 0.09744715637501633, (7, 5): 0.08218835343535305, (7, 6): 0.09710174078209223, (7, 7): 0.07750072960005867}
;
