16 31 3
4 2 1
0 2 1
4
param Vertices :=
1 0.0
2 0.1
3 0.2
4 0.3
5 1.0
6 1.1
7 1.2
8 1.3
9 2.0
10 2.1
11 2.2
12 2.3
13 3.0
14 3.1
15 3.2
16 3.3
;
param Edges :=
1 2
1 6
2 6
2 7
2 5
3 7
3 8
3 6
4 7
5 9
5 6
6 10
6 7
7 11
7 8
7 12
7 10
8 12
8 11
9 13
9 10
10 15
11 15
11 12
11 16
11 14
12 16
12 15
13 14
14 15
15 16
;
param Grid_Label_Edges :=
0 0 0 1
0 0 1 1
0 1 1 1
0 1 1 2
0 1 1 0
0 2 1 2
0 2 1 3
0 2 1 1
0 3 1 2
1 0 2 0
1 0 1 1
1 1 2 1
1 1 1 2
1 2 2 2
1 2 1 3
1 2 2 3
1 2 2 1
1 3 2 3
1 3 2 2
2 0 3 0
2 0 2 1
2 1 3 2
2 2 3 2
2 2 2 3
2 2 3 3
2 2 3 1
2 3 3 3
2 3 3 2
3 0 3 1
3 1 3 2
3 2 3 3
;
param Centralities :=
degree centrality: {(0, 0): 0.13333333333333333, (0, 1): 0.26666666666666666, (0, 2): 0.2, (0, 3): 0.06666666666666667, (1, 0): 0.2, (1, 1): 0.4, (1, 2): 0.5333333333333333, (1, 3): 0.26666666666666666, (2, 0): 0.2, (2, 1): 0.26666666666666666, (2, 2): 0.4, (2, 3): 0.3333333333333333, (3, 0): 0.13333333333333333, (3, 1): 0.2, (3, 2): 0.3333333333333333, (3, 3): 0.2}
eigenvector centrality: {(0, 0): 0.10758603489288499, (0, 1): 0.20949314393292767, (0, 2): 0.22385715272333154, (0, 3): 0.09653015707160224, (1, 0): 0.12694845637451185, (1, 1): 0.2915691758893959, (1, 2): 0.4495747271414433, (1, 3): 0.30143637940460777, (2, 0): 0.09017701885159138, (2, 1): 0.2404751664626044, (2, 2): 0.37889861969192673, (2, 3): 0.3515683375260271, (3, 0): 0.05256083841137063, (3, 1): 0.15461806513416534, (3, 2): 0.28865586185960623, (3, 3): 0.2188188655445731}
closeness centrality: {(0, 0): 0.375, (0, 1): 0.5, (0, 2): 0.45454545454545453, (0, 3): 0.40540540540540543, (1, 0): 0.42857142857142855, (1, 1): 0.5555555555555556, (1, 2): 0.6521739130434783, (1, 3): 0.5, (2, 0): 0.4411764705882353, (2, 1): 0.5769230769230769, (2, 2): 0.5555555555555556, (2, 3): 0.5172413793103449, (3, 0): 0.375, (3, 1): 0.4411764705882353, (3, 2): 0.5, (3, 3): 0.40540540540540543}
betweenness centrality: {(0, 0): 0.0, (0, 1): 0.06571428571428573, (0, 2): 0.011111111111111112, (0, 3): 0.0, (1, 0): 0.04634920634920635, (1, 1): 0.1611111111111111, (1, 2): 0.37571428571428583, (1, 3): 0.02412698412698413, (2, 0): 0.0834920634920635, (2, 1): 0.1580952380952381, (2, 2): 0.15126984126984125, (2, 3): 0.05063492063492064, (3, 0): 0.022222222222222223, (3, 1): 0.06412698412698413, (3, 2): 0.08126984126984127, (3, 3): 0.0}
katz centrality: {(0, 0): 0.19707839935394883, (0, 1): 0.2485770089428492, (0, 2): 0.2330668717936134, (0, 3): 0.17777707237352344, (1, 0): 0.21795927465563159, (1, 1): 0.29296169168367675, (1, 2): 0.3485254308222721, (1, 3): 0.25993630251722305, (2, 0): 0.20880875301682747, (2, 1): 0.255164638355489, (2, 2): 0.3042231328449698, (2, 3): 0.2843022967984128, (3, 0): 0.1857183242441917, (3, 1): 0.2191291965121275, (3, 2): 0.2721052151191511, (3, 3): 0.2289875937675496}
;
