81 247 3
4 2 1
0 2 1
9
param Vertices :=
1 0.0
2 0.1
3 0.2
4 0.3
5 0.4
6 0.5
7 0.6
8 0.7
9 0.8
10 1.0
11 1.1
12 1.2
13 1.3
14 1.4
15 1.5
16 1.6
17 1.7
18 1.8
19 2.0
20 2.1
21 2.2
22 2.3
23 2.4
24 2.5
25 2.6
26 2.7
27 2.8
28 3.0
29 3.1
30 3.2
31 3.3
32 3.4
33 3.5
34 3.6
35 3.7
36 3.8
37 4.0
38 4.1
39 4.2
40 4.3
41 4.4
42 4.5
43 4.6
44 4.7
45 4.8
46 5.0
47 5.1
48 5.2
49 5.3
50 5.4
51 5.5
52 5.6
53 5.7
54 5.8
55 6.0
56 6.1
57 6.2
58 6.3
59 6.4
60 6.5
61 6.6
62 6.7
63 6.8
64 7.0
65 7.1
66 7.2
67 7.3
68 7.4
69 7.5
70 7.6
71 7.7
72 7.8
73 8.0
74 8.1
75 8.2
76 8.3
77 8.4
78 8.5
79 8.6
80 8.7
81 8.8
;
param Edges :=
1 10
1 2
1 11
2 11
2 3
2 12
2 10
3 12
3 4
3 13
3 11
4 13
4 5
4 14
4 12
5 14
5 6
5 15
5 13
6 15
6 7
6 16
6 14
7 16
7 8
7 15
8 17
8 9
8 18
8 16
9 18
9 17
10 19
10 11
10 20
11 20
11 12
11 21
11 19
12 21
12 13
12 22
12 20
13 22
13 23
13 21
14 23
14 24
14 22
15 24
15 16
15 25
15 23
16 25
16 17
16 26
16 24
17 26
17 18
17 27
17 25
18 27
18 26
19 28
19 20
19 29
20 29
20 21
20 30
20 28
21 22
21 31
21 29
22 31
22 23
22 32
22 30
23 32
23 24
23 33
24 33
24 25
24 34
24 32
25 34
25 26
25 35
25 33
26 27
26 36
26 34
27 36
27 35
28 29
29 38
29 30
29 39
29 37
30 39
30 31
30 40
30 38
31 32
31 41
31 39
32 41
32 33
32 40
33 42
33 34
33 43
33 41
34 43
34 35
34 42
35 44
35 36
35 45
35 43
36 44
37 46
37 38
37 47
38 47
38 48
38 46
39 48
39 40
39 49
40 49
40 41
40 50
40 48
41 42
41 51
41 49
42 51
42 43
42 52
42 50
43 52
43 53
43 51
44 53
44 45
44 54
45 53
46 55
46 47
46 56
47 48
47 57
47 55
48 57
48 49
48 58
48 56
49 58
49 50
49 59
49 57
50 59
50 51
50 60
50 58
51 60
51 61
52 61
52 53
52 62
52 60
53 62
53 54
53 63
54 63
54 62
55 56
55 65
56 65
56 57
56 66
56 64
57 66
57 58
57 67
57 65
58 67
58 59
58 68
58 66
59 68
59 60
59 69
59 67
60 69
60 61
60 70
60 68
61 70
61 62
61 71
61 69
62 71
62 63
62 72
62 70
63 72
63 71
64 73
64 65
64 74
65 74
65 66
65 75
65 73
66 75
66 67
66 76
66 74
67 76
67 68
67 77
67 75
68 77
68 78
68 76
69 78
69 70
69 79
69 77
70 79
70 71
70 80
70 78
71 80
71 72
71 81
72 81
72 80
73 74
74 75
75 76
76 77
77 78
78 79
79 80
80 81
;
param Grid_Label_Edges :=
0 0 1 0
0 0 0 1
0 0 1 1
0 1 1 1
0 1 0 2
0 1 1 2
0 1 1 0
0 2 1 2
0 2 0 3
0 2 1 3
0 2 1 1
0 3 1 3
0 3 0 4
0 3 1 4
0 3 1 2
0 4 1 4
0 4 0 5
0 4 1 5
0 4 1 3
0 5 1 5
0 5 0 6
0 5 1 6
0 5 1 4
0 6 1 6
0 6 0 7
0 6 1 5
0 7 1 7
0 7 0 8
0 7 1 8
0 7 1 6
0 8 1 8
0 8 1 7
1 0 2 0
1 0 1 1
1 0 2 1
1 1 2 1
1 1 1 2
1 1 2 2
1 1 2 0
1 2 2 2
1 2 1 3
1 2 2 3
1 2 2 1
1 3 2 3
1 3 2 4
1 3 2 2
1 4 2 4
1 4 2 5
1 4 2 3
1 5 2 5
1 5 1 6
1 5 2 6
1 5 2 4
1 6 2 6
1 6 1 7
1 6 2 7
1 6 2 5
1 7 2 7
1 7 1 8
1 7 2 8
1 7 2 6
1 8 2 8
1 8 2 7
2 0 3 0
2 0 2 1
2 0 3 1
2 1 3 1
2 1 2 2
2 1 3 2
2 1 3 0
2 2 2 3
2 2 3 3
2 2 3 1
2 3 3 3
2 3 2 4
2 3 3 4
2 3 3 2
2 4 3 4
2 4 2 5
2 4 3 5
2 5 3 5
2 5 2 6
2 5 3 6
2 5 3 4
2 6 3 6
2 6 2 7
2 6 3 7
2 6 3 5
2 7 2 8
2 7 3 8
2 7 3 6
2 8 3 8
2 8 3 7
3 0 3 1
3 1 4 1
3 1 3 2
3 1 4 2
3 1 4 0
3 2 4 2
3 2 3 3
3 2 4 3
3 2 4 1
3 3 3 4
3 3 4 4
3 3 4 2
3 4 4 4
3 4 3 5
3 4 4 3
3 5 4 5
3 5 3 6
3 5 4 6
3 5 4 4
3 6 4 6
3 6 3 7
3 6 4 5
3 7 4 7
3 7 3 8
3 7 4 8
3 7 4 6
3 8 4 7
4 0 5 0
4 0 4 1
4 0 5 1
4 1 5 1
4 1 5 2
4 1 5 0
4 2 5 2
4 2 4 3
4 2 5 3
4 3 5 3
4 3 4 4
4 3 5 4
4 3 5 2
4 4 4 5
4 4 5 5
4 4 5 3
4 5 5 5
4 5 4 6
4 5 5 6
4 5 5 4
4 6 5 6
4 6 5 7
4 6 5 5
4 7 5 7
4 7 4 8
4 7 5 8
4 8 5 7
5 0 6 0
5 0 5 1
5 0 6 1
5 1 5 2
5 1 6 2
5 1 6 0
5 2 6 2
5 2 5 3
5 2 6 3
5 2 6 1
5 3 6 3
5 3 5 4
5 3 6 4
5 3 6 2
5 4 6 4
5 4 5 5
5 4 6 5
5 4 6 3
5 5 6 5
5 5 6 6
5 6 6 6
5 6 5 7
5 6 6 7
5 6 6 5
5 7 6 7
5 7 5 8
5 7 6 8
5 8 6 8
5 8 6 7
6 0 6 1
6 0 7 1
6 1 7 1
6 1 6 2
6 1 7 2
6 1 7 0
6 2 7 2
6 2 6 3
6 2 7 3
6 2 7 1
6 3 7 3
6 3 6 4
6 3 7 4
6 3 7 2
6 4 7 4
6 4 6 5
6 4 7 5
6 4 7 3
6 5 7 5
6 5 6 6
6 5 7 6
6 5 7 4
6 6 7 6
6 6 6 7
6 6 7 7
6 6 7 5
6 7 7 7
6 7 6 8
6 7 7 8
6 7 7 6
6 8 7 8
6 8 7 7
7 0 8 0
7 0 7 1
7 0 8 1
7 1 8 1
7 1 7 2
7 1 8 2
7 1 8 0
7 2 8 2
7 2 7 3
7 2 8 3
7 2 8 1
7 3 8 3
7 3 7 4
7 3 8 4
7 3 8 2
7 4 8 4
7 4 8 5
7 4 8 3
7 5 8 5
7 5 7 6
7 5 8 6
7 5 8 4
7 6 8 6
7 6 7 7
7 6 8 7
7 6 8 5
7 7 8 7
7 7 7 8
7 7 8 8
7 8 8 8
7 8 8 7
8 0 8 1
8 1 8 2
8 2 8 3
8 3 8 4
8 4 8 5
8 5 8 6
8 6 8 7
8 7 8 8
;
param Centralities :=
degree centrality: {(0, 0): 0.037500000000000006, (0, 1): 0.0625, (0, 2): 0.0625, (0, 3): 0.0625, (0, 4): 0.0625, (0, 5): 0.0625, (0, 6): 0.05, (0, 7): 0.0625, (0, 8): 0.037500000000000006, (1, 0): 0.0625, (1, 1): 0.1, (1, 2): 0.1, (1, 3): 0.08750000000000001, (1, 4): 0.07500000000000001, (1, 5): 0.08750000000000001, (1, 6): 0.1, (1, 7): 0.08750000000000001, (1, 8): 0.0625, (2, 0): 0.0625, (2, 1): 0.1, (2, 2): 0.08750000000000001, (2, 3): 0.1, (2, 4): 0.08750000000000001, (2, 5): 0.1, (2, 6): 0.1, (2, 7): 0.08750000000000001, (2, 8): 0.0625, (3, 0): 0.037500000000000006, (3, 1): 0.1, (3, 2): 0.08750000000000001, (3, 3): 0.07500000000000001, (3, 4): 0.08750000000000001, (3, 5): 0.1, (3, 6): 0.08750000000000001, (3, 7): 0.08750000000000001, (3, 8): 0.05, (4, 0): 0.05, (4, 1): 0.07500000000000001, (4, 2): 0.07500000000000001, (4, 3): 0.08750000000000001, (4, 4): 0.08750000000000001, (4, 5): 0.08750000000000001, (4, 6): 0.08750000000000001, (4, 7): 0.0625, (4, 8): 0.037500000000000006, (5, 0): 0.0625, (5, 1): 0.07500000000000001, (5, 2): 0.1, (5, 3): 0.1, (5, 4): 0.08750000000000001, (5, 5): 0.07500000000000001, (5, 6): 0.07500000000000001, (5, 7): 0.08750000000000001, (5, 8): 0.05, (6, 0): 0.05, (6, 1): 0.08750000000000001, (6, 2): 0.1, (6, 3): 0.1, (6, 4): 0.08750000000000001, (6, 5): 0.1, (6, 6): 0.08750000000000001, (6, 7): 0.1, (6, 8): 0.0625, (7, 0): 0.05, (7, 1): 0.1, (7, 2): 0.1, (7, 3): 0.1, (7, 4): 0.08750000000000001, (7, 5): 0.08750000000000001, (7, 6): 0.1, (7, 7): 0.08750000000000001, (7, 8): 0.0625, (8, 0): 0.037500000000000006, (8, 1): 0.0625, (8, 2): 0.0625, (8, 3): 0.0625, (8, 4): 0.0625, (8, 5): 0.0625, (8, 6): 0.05, (8, 7): 0.0625, (8, 8): 0.037500000000000006}
eigenvector centrality: {(0, 0): 0.02728593306947, (0, 1): 0.04944814822212092, (0, 2): 0.061643738434726314, (0, 3): 0.0647322928250845, (0, 4): 0.06431204954351168, (0, 5): 0.0620020181561469, (0, 6): 0.04690877571154504, (0, 7): 0.042480355475386526, (0, 8): 0.02280679251233543, (1, 0): 0.048407171882061485, (1, 1): 0.08586770899565031, (1, 2): 0.10974215780880495, (1, 3): 0.10527218447762551, (1, 4): 0.09488809301652731, (1, 5): 0.10613357520178683, (1, 6): 0.10523121283211212, (1, 7): 0.07118988586667045, (1, 8): 0.03989267529417018, (2, 0): 0.05817195743648169, (2, 1): 0.10516450278772768, (2, 2): 0.11830609689584658, (2, 3): 0.14848771324331403, (2, 4): 0.1416004383905947, (2, 5): 0.1577707645132778, (2, 6): 0.13679749047749834, (2, 7): 0.0852633214261231, (2, 8): 0.046865727900528786, (3, 0): 0.04080865148290192, (3, 1): 0.11144030640529513, (3, 2): 0.13535859570982864, (3, 3): 0.13061329794437604, (3, 4): 0.16402828146358975, (3, 5): 0.17685266848542874, (3, 6): 0.13677993017460097, (3, 7): 0.08187064846573368, (3, 8): 0.03734141461459944, (4, 0): 0.054571615906125456, (4, 1): 0.0961036855746726, (4, 2): 0.14187870820011286, (4, 3): 0.17772589530460853, (4, 4): 0.17140093401391032, (4, 5): 0.15440066431562807, (4, 6): 0.12802198953168184, (4, 7): 0.03742943702686511, (4, 8): 0.02802147629321937, (5, 0): 0.0635525968567684, (5, 1): 0.09635497630653087, (5, 2): 0.18582459803843762, (5, 3): 0.2143587296898176, (5, 4): 0.1838441691267676, (5, 5): 0.13612158872505975, (5, 6): 0.10661055547126484, (5, 7): 0.06937707858003926, (5, 8): 0.035413220087299496, (6, 0): 0.05888415704238719, (6, 1): 0.1220119281177994, (6, 2): 0.1898618397718905, (6, 3): 0.212937623612405, (6, 4): 0.17988994407713746, (6, 5): 0.16246164673690983, (6, 6): 0.1164277636541975, (6, 7): 0.08715941933945877, (6, 8): 0.0444843705273954, (7, 0): 0.05013374847783967, (7, 1): 0.11457366123941164, (7, 2): 0.15872980505625361, (7, 3): 0.1736312785603936, (7, 4): 0.147660354707656, (7, 5): 0.11638196972642871, (7, 6): 0.1069850133606686, (7, 7): 0.06823511415718604, (7, 8): 0.03934584224913684, (8, 0): 0.03435657976929494, (8, 1): 0.06663151912092805, (8, 2): 0.09086720492602982, (8, 3): 0.09828451090236634, (8, 4): 0.09090579495687111, (8, 5): 0.07615145195174701, (8, 6): 0.05082816868967962, (8, 7): 0.04272970024895102, (8, 8): 0.022323078970568053}
closeness centrality: {(0, 0): 0.1797752808988764, (0, 1): 0.1932367149758454, (0, 2): 0.2077922077922078, (0, 3): 0.215633423180593, (0, 4): 0.21978021978021978, (0, 5): 0.21680216802168023, (0, 6): 0.20512820512820512, (0, 7): 0.19559902200489, (0, 8): 0.18018018018018017, (1, 0): 0.1951219512195122, (1, 1): 0.21739130434782608, (1, 2): 0.23391812865497075, (1, 3): 0.24922118380062305, (1, 4): 0.25236593059936907, (1, 5): 0.24691358024691357, (1, 6): 0.23738872403560832, (1, 7): 0.21739130434782608, (1, 8): 0.19559902200489, (2, 0): 0.2077922077922078, (2, 1): 0.23668639053254437, (2, 2): 0.26143790849673204, (2, 3): 0.27972027972027974, (2, 4): 0.2867383512544803, (2, 5): 0.2826855123674912, (2, 6): 0.26490066225165565, (2, 7): 0.2359882005899705, (2, 8): 0.20618556701030927, (3, 0): 0.20512820512820512, (3, 1): 0.25, (3, 2): 0.2826855123674912, (3, 3): 0.3018867924528302, (3, 4): 0.31496062992125984, (3, 5): 0.31007751937984496, (3, 6): 0.2826855123674912, (3, 7): 0.2476780185758514, (3, 8): 0.21052631578947367, (4, 0): 0.2185792349726776, (4, 1): 0.25316455696202533, (4, 2): 0.28368794326241137, (4, 3): 0.31746031746031744, (4, 4): 0.3305785123966942, (4, 5): 0.31496062992125984, (4, 6): 0.28776978417266186, (4, 7): 0.21798365122615804, (4, 8): 0.21621621621621623, (5, 0): 0.21505376344086022, (5, 1): 0.24390243902439024, (5, 2): 0.2826855123674912, (5, 3): 0.31007751937984496, (5, 4): 0.31620553359683795, (5, 5): 0.3053435114503817, (5, 6): 0.2777777777777778, (5, 7): 0.2484472049689441, (5, 8): 0.21390374331550802, (6, 0): 0.20408163265306123, (6, 1): 0.23529411764705882, (6, 2): 0.2631578947368421, (6, 3): 0.2826855123674912, (6, 4): 0.2857142857142857, (6, 5): 0.2826855123674912, (6, 6): 0.26143790849673204, (6, 7): 0.23460410557184752, (6, 8): 0.2077922077922078, (7, 0): 0.1937046004842615, (7, 1): 0.21680216802168023, (7, 2): 0.2359882005899705, (7, 3): 0.24539877300613497, (7, 4): 0.25236593059936907, (7, 5): 0.24691358024691357, (7, 6): 0.23738872403560832, (7, 7): 0.21739130434782608, (7, 8): 0.1937046004842615, (8, 0): 0.17937219730941703, (8, 1): 0.19464720194647203, (8, 2): 0.20460358056265984, (8, 3): 0.21505376344086022, (8, 4): 0.21680216802168023, (8, 5): 0.21621621621621623, (8, 6): 0.20725388601036268, (8, 7): 0.19559902200489, (8, 8): 0.18018018018018017}
betweenness centrality: {(0, 0): 0.0, (0, 1): 0.0057995336860179785, (0, 2): 0.009326051955367502, (0, 3): 0.01230552762501154, (0, 4): 0.016927370809970567, (0, 5): 0.012496030817644211, (0, 6): 0.00439448031745592, (0, 7): 0.006936768984182147, (0, 8): 0.0, (1, 0): 0.006983261040362784, (1, 1): 0.03215029131760689, (1, 2): 0.042331711240537244, (1, 3): 0.04647568062285121, (1, 4): 0.0379822111324258, (1, 5): 0.04078328178344354, (1, 6): 0.04792993944800713, (1, 7): 0.028227335001461008, (1, 8): 0.005310689918579596, (2, 0): 0.008705395260017054, (2, 1): 0.05063814180406324, (2, 2): 0.057425411454689435, (2, 3): 0.08298195295868782, (2, 4): 0.07146450513766406, (2, 5): 0.0826666526660359, (2, 6): 0.07747637629156116, (2, 7): 0.03879027350911783, (2, 8): 0.009998487655042953, (3, 0): 0.0, (3, 1): 0.07552415495195093, (3, 2): 0.08299178283676738, (3, 3): 0.058888862221052655, (3, 4): 0.08931221051398694, (3, 5): 0.11832589765871587, (3, 6): 0.07397562222565489, (3, 7): 0.06286353535829868, (3, 8): 0.008020774208189467, (4, 0): 0.010978854891750598, (4, 1): 0.04610709987728821, (4, 2): 0.05664580169998907, (4, 3): 0.10391953113381731, (4, 4): 0.11844363772744655, (4, 5): 0.09374803756504099, (4, 6): 0.09771627245692784, (4, 7): 0.01953890198091763, (4, 8): 0.0028813294703292245, (5, 0): 0.01425287017040373, (5, 1): 0.026889754114899602, (5, 2): 0.09506256154800562, (5, 3): 0.10908054563669517, (5, 4): 0.10172139210308968, (5, 5): 0.07634896941641395, (5, 6): 0.06469782550260121, (5, 7): 0.05903422124496351, (5, 8): 0.007638271045848123, (6, 0): 0.004693679727125792, (6, 1): 0.04573176497177313, (6, 2): 0.07261868206895593, (6, 3): 0.07967709033404854, (6, 4): 0.05976793185566726, (6, 5): 0.09270878906719128, (6, 6): 0.05808874070003094, (6, 7): 0.04925244423569133, (6, 8): 0.00932564273093022, (7, 0): 0.00359767067159655, (7, 1): 0.03541443103831337, (7, 2): 0.043588433952064715, (7, 3): 0.043895535118502034, (7, 4): 0.04582444540962074, (7, 5): 0.04038802873642359, (7, 6): 0.05262317750114468, (7, 7): 0.029195118287425714, (7, 8): 0.006099711975731213, (8, 0): 0.0, (8, 1): 0.005640504187676318, (8, 2): 0.008203613685358007, (8, 3): 0.01065494336795009, (8, 4): 0.013476228410537158, (8, 5): 0.013234271324938875, (8, 6): 0.004837904521090841, (8, 7): 0.007497034855539291, (8, 8): 0.0}
katz centrality: {(0, 0): 0.06893940959167005, (0, 1): 0.08932001948726415, (0, 2): 0.09431113099184318, (0, 3): 0.09338134104448467, (0, 4): 0.09220270342315094, (0, 5): 0.09186720826101959, (0, 6): 0.08153798170294134, (0, 7): 0.08624819172585922, (0, 8): 0.0672437729170904, (1, 0): 0.08889741753786269, (1, 1): 0.12077735379839917, (1, 2): 0.12987557785969178, (1, 3): 0.11935771263541753, (1, 4): 0.10766698044156893, (1, 5): 0.11935448675584427, (1, 6): 0.1275106251935157, (1, 7): 0.1100012468251838, (1, 8): 0.0857889855266864, (2, 0): 0.09243821367532525, (2, 1): 0.12709987373279374, (2, 2): 0.12649259001436608, (2, 3): 0.1376164517991745, (2, 4): 0.1292980261282897, (2, 5): 0.14190476866639515, (2, 6): 0.13882424908995564, (2, 7): 0.11496881381478329, (2, 8): 0.08902852489077275, (3, 0): 0.07337687082657414, (3, 1): 0.12383131576444797, (3, 2): 0.12491009275809614, (3, 3): 0.11596830946056141, (3, 4): 0.1321959236005789, (3, 5): 0.14448463229074351, (3, 6): 0.1293134580702803, (3, 7): 0.11030515418963578, (3, 8): 0.07882174345826372, (4, 0): 0.08103534768014567, (4, 1): 0.10515506722442623, (4, 2): 0.11740579663957829, (4, 3): 0.13162480786680472, (4, 4): 0.13066293470064536, (4, 5): 0.12823882276673076, (4, 6): 0.12400883479138437, (4, 7): 0.08351563659427078, (4, 8): 0.06913978990825562, (5, 0): 0.08791903176513687, (5, 1): 0.10304875695427104, (5, 2): 0.14040682222899029, (5, 3): 0.1469173132237078, (5, 4): 0.13334989042327575, (5, 5): 0.11680023270415178, (5, 6): 0.1133689395936523, (5, 7): 0.10717780320547496, (5, 8): 0.07931257008790295, (6, 0): 0.08189398739121906, (6, 1): 0.11765785330813228, (6, 2): 0.1436780081596177, (6, 3): 0.1481813138201904, (6, 4): 0.1334642533048013, (6, 5): 0.13787285545319608, (6, 6): 0.12346968381311088, (6, 7): 0.1225220908134515, (6, 8): 0.08951086517265755, (7, 0): 0.07844312555211869, (7, 1): 0.119914926791476, (7, 2): 0.13392332609958987, (7, 3): 0.13633046407664465, (7, 4): 0.1233437555921014, (7, 5): 0.1182476353657227, (7, 6): 0.12628485864197014, (7, 7): 0.10920092046578969, (7, 8): 0.08649596206078232, (8, 0): 0.06774695706956117, (8, 1): 0.08871221325884247, (8, 2): 0.09669449198250439, (8, 3): 0.0976646845053165, (8, 4): 0.09595550220915, (8, 5): 0.0935691774585403, (8, 6): 0.08146071768328397, (8, 7): 0.08610620027343185, (8, 8): 0.06722023878931785}
;
