289 945 3
4 2 1
0 2 1
17
param Vertices :=
1 0.0
2 0.1
3 0.2
4 0.3
5 0.4
6 0.5
7 0.6
8 0.7
9 0.8
10 0.9
11 0.10
12 0.11
13 0.12
14 0.13
15 0.14
16 0.15
17 0.16
18 1.0
19 1.1
20 1.2
21 1.3
22 1.4
23 1.5
24 1.6
25 1.7
26 1.8
27 1.9
28 1.10
29 1.11
30 1.12
31 1.13
32 1.14
33 1.15
34 1.16
35 2.0
36 2.1
37 2.2
38 2.3
39 2.4
40 2.5
41 2.6
42 2.7
43 2.8
44 2.9
45 2.10
46 2.11
47 2.12
48 2.13
49 2.14
50 2.15
51 2.16
52 3.0
53 3.1
54 3.2
55 3.3
56 3.4
57 3.5
58 3.6
59 3.7
60 3.8
61 3.9
62 3.10
63 3.11
64 3.12
65 3.13
66 3.14
67 3.15
68 3.16
69 4.0
70 4.1
71 4.2
72 4.3
73 4.4
74 4.5
75 4.6
76 4.7
77 4.8
78 4.9
79 4.10
80 4.11
81 4.12
82 4.13
83 4.14
84 4.15
85 4.16
86 5.0
87 5.1
88 5.2
89 5.3
90 5.4
91 5.5
92 5.6
93 5.7
94 5.8
95 5.9
96 5.10
97 5.11
98 5.12
99 5.13
100 5.14
101 5.15
102 5.16
103 6.0
104 6.1
105 6.2
106 6.3
107 6.4
108 6.5
109 6.6
110 6.7
111 6.8
112 6.9
113 6.10
114 6.11
115 6.12
116 6.13
117 6.14
118 6.15
119 6.16
120 7.0
121 7.1
122 7.2
123 7.3
124 7.4
125 7.5
126 7.6
127 7.7
128 7.8
129 7.9
130 7.10
131 7.11
132 7.12
133 7.13
134 7.14
135 7.15
136 7.16
137 8.0
138 8.1
139 8.2
140 8.3
141 8.4
142 8.5
143 8.6
144 8.7
145 8.8
146 8.9
147 8.10
148 8.11
149 8.12
150 8.13
151 8.14
152 8.15
153 8.16
154 9.0
155 9.1
156 9.2
157 9.3
158 9.4
159 9.5
160 9.6
161 9.7
162 9.8
163 9.9
164 9.10
165 9.11
166 9.12
167 9.13
168 9.14
169 9.15
170 9.16
171 10.0
172 10.1
173 10.2
174 10.3
175 10.4
176 10.5
177 10.6
178 10.7
179 10.8
180 10.9
181 10.10
182 10.11
183 10.12
184 10.13
185 10.14
186 10.15
187 10.16
188 11.0
189 11.1
190 11.2
191 11.3
192 11.4
193 11.5
194 11.6
195 11.7
196 11.8
197 11.9
198 11.10
199 11.11
200 11.12
201 11.13
202 11.14
203 11.15
204 11.16
205 12.0
206 12.1
207 12.2
208 12.3
209 12.4
210 12.5
211 12.6
212 12.7
213 12.8
214 12.9
215 12.10
216 12.11
217 12.12
218 12.13
219 12.14
220 12.15
221 12.16
222 13.0
223 13.1
224 13.2
225 13.3
226 13.4
227 13.5
228 13.6
229 13.7
230 13.8
231 13.9
232 13.10
233 13.11
234 13.12
235 13.13
236 13.14
237 13.15
238 13.16
239 14.0
240 14.1
241 14.2
242 14.3
243 14.4
244 14.5
245 14.6
246 14.7
247 14.8
248 14.9
249 14.10
250 14.11
251 14.12
252 14.13
253 14.14
254 14.15
255 14.16
256 15.0
257 15.1
258 15.2
259 15.3
260 15.4
261 15.5
262 15.6
263 15.7
264 15.8
265 15.9
266 15.10
267 15.11
268 15.12
269 15.13
270 15.14
271 15.15
272 15.16
273 16.0
274 16.1
275 16.2
276 16.3
277 16.4
278 16.5
279 16.6
280 16.7
281 16.8
282 16.9
283 16.10
284 16.11
285 16.12
286 16.13
287 16.14
288 16.15
289 16.16
;
param Edges :=
1 18
1 2
1 19
2 19
2 3
2 20
2 18
3 20
3 4
3 21
3 19
4 21
4 5
4 22
5 22
5 6
5 23
5 21
6 23
6 7
6 24
6 22
7 24
7 8
7 25
7 23
8 25
8 9
8 26
8 24
9 10
9 27
9 25
10 27
10 11
10 28
10 26
11 28
11 12
11 29
11 27
12 29
12 13
12 30
12 28
13 30
13 14
13 31
13 29
14 31
14 15
14 32
14 30
15 32
15 16
15 33
16 33
16 17
16 34
16 32
17 33
18 35
18 19
18 36
19 36
19 20
19 37
19 35
20 37
20 21
20 38
20 36
21 38
21 22
21 39
21 37
22 39
22 23
22 38
23 40
23 24
23 39
24 41
24 25
24 42
25 42
25 26
25 43
25 41
26 43
26 27
26 44
26 42
27 44
27 28
27 43
28 45
28 29
28 46
28 44
29 46
29 30
29 45
30 47
30 31
30 46
31 48
31 32
31 49
31 47
32 49
32 33
32 50
32 48
33 50
33 34
33 51
33 49
34 51
34 50
35 52
35 36
35 53
36 53
36 37
36 52
37 54
37 38
37 55
37 53
38 55
38 56
38 54
39 56
39 40
39 57
39 55
40 57
40 41
40 58
40 56
41 58
41 42
41 59
41 57
42 59
42 43
42 60
42 58
43 60
43 44
43 61
43 59
44 61
44 45
44 62
44 60
45 62
45 46
45 61
46 63
46 47
46 64
46 62
47 48
47 65
48 49
48 66
48 64
49 66
49 50
49 67
49 65
50 67
50 51
50 68
50 66
51 68
51 67
52 69
52 53
52 70
53 70
53 54
53 71
53 69
54 71
54 55
54 72
54 70
55 72
55 56
55 73
55 71
56 73
56 57
56 74
56 72
57 74
57 58
57 75
57 73
58 75
58 76
58 74
59 76
59 60
59 77
59 75
60 77
60 61
60 78
60 76
61 78
61 62
61 77
62 79
62 63
62 80
62 78
63 80
63 64
63 81
63 79
64 65
64 82
64 80
65 66
65 83
65 81
66 83
66 67
66 84
66 82
67 84
67 68
67 85
67 83
68 84
69 86
69 70
69 87
70 87
70 71
70 88
70 86
71 72
71 89
71 87
72 89
72 73
72 88
73 90
73 74
73 91
73 89
74 91
74 75
74 92
75 92
75 76
75 93
75 91
76 93
76 94
76 92
77 94
77 78
77 93
78 95
78 79
78 96
78 94
79 80
79 97
79 95
80 97
80 81
80 98
80 96
81 98
81 82
81 99
81 97
82 99
82 83
82 100
82 98
83 100
83 101
83 99
84 101
84 85
84 102
84 100
85 102
85 101
86 87
86 104
87 104
87 88
87 105
87 103
88 105
88 89
88 106
88 104
89 106
89 90
89 107
89 105
90 107
90 91
90 108
91 92
91 109
91 107
92 109
92 93
92 110
92 108
93 110
93 94
93 111
93 109
94 111
94 95
94 112
95 112
95 96
95 113
95 111
96 113
96 97
96 114
96 112
97 98
97 115
97 113
98 115
98 99
98 116
98 114
99 116
99 100
99 117
99 115
100 117
100 101
101 118
101 102
101 119
101 117
102 118
103 120
103 104
103 121
104 121
104 105
104 122
104 120
105 122
105 106
105 123
105 121
106 123
106 107
106 124
106 122
107 124
107 125
108 125
108 109
108 124
109 126
109 127
110 127
110 111
110 128
110 126
111 128
111 112
111 129
111 127
112 129
112 113
112 130
112 128
113 130
113 131
113 129
114 131
114 132
114 130
115 132
115 116
115 133
115 131
116 133
116 117
116 134
116 132
117 134
117 118
117 135
117 133
118 135
118 119
118 136
118 134
119 136
119 135
120 137
120 121
120 138
121 138
121 122
121 137
122 139
122 123
122 140
122 138
123 140
123 124
123 141
123 139
124 141
124 125
124 142
124 140
125 126
125 143
125 141
126 143
126 127
126 144
126 142
127 144
127 128
127 145
127 143
128 145
128 129
128 146
128 144
129 146
129 130
129 147
129 145
130 147
130 131
130 148
130 146
131 132
131 149
131 147
132 149
132 133
132 150
132 148
133 150
133 134
133 151
133 149
134 151
134 152
134 150
135 152
135 136
136 153
137 154
137 138
137 155
138 155
138 139
138 154
139 156
139 140
139 155
140 157
140 141
140 158
141 142
141 159
141 157
142 159
142 160
142 158
143 160
143 144
143 161
143 159
144 161
144 145
144 162
144 160
145 162
145 146
145 163
145 161
146 163
146 147
146 162
147 164
147 148
147 165
147 163
148 165
148 166
148 164
149 166
149 150
149 167
149 165
150 167
150 151
150 168
150 166
151 168
151 152
151 169
152 153
152 170
152 168
153 170
153 169
154 171
154 155
154 172
155 172
155 156
155 173
155 171
156 173
156 157
156 174
156 172
157 174
157 158
157 175
157 173
158 175
158 159
158 176
159 176
159 160
159 177
159 175
160 177
160 161
160 178
160 176
161 178
161 162
161 179
161 177
162 179
162 163
162 180
162 178
163 180
163 181
163 179
164 181
164 165
165 166
165 183
165 181
166 183
166 167
166 184
166 182
167 184
167 168
167 185
167 183
168 185
168 169
168 186
168 184
169 186
169 170
169 187
169 185
170 187
170 186
171 188
171 172
172 189
172 173
172 190
172 188
173 190
173 191
173 189
174 191
174 175
174 192
174 190
175 192
175 176
175 193
175 191
176 193
176 177
176 194
176 192
177 194
177 178
177 195
177 193
178 195
178 179
178 196
178 194
179 196
179 180
179 197
179 195
180 197
180 181
180 198
180 196
181 198
181 182
181 199
181 197
182 200
182 198
183 200
183 184
183 201
183 199
184 201
184 185
184 202
184 200
185 202
185 186
185 203
186 203
186 187
186 204
186 202
187 204
187 203
188 205
188 206
189 206
189 190
189 207
189 205
190 207
190 191
190 208
190 206
191 208
191 192
191 209
191 207
192 193
192 210
193 210
193 194
193 211
193 209
194 195
194 212
194 210
195 212
195 196
195 213
196 213
196 197
196 214
196 212
197 214
197 198
197 215
197 213
198 215
198 199
198 216
199 216
199 217
199 215
200 217
200 218
200 216
201 218
201 219
201 217
202 219
202 220
202 218
203 220
203 204
203 219
204 221
204 220
205 222
205 206
205 223
206 223
206 207
206 224
206 222
207 224
207 208
207 225
207 223
208 225
208 209
208 226
208 224
209 226
209 210
209 227
209 225
210 226
211 228
211 229
211 227
212 229
212 213
212 230
212 228
213 230
213 214
214 231
214 215
214 230
215 232
215 216
215 231
216 217
216 234
216 232
217 234
217 218
217 235
217 233
218 235
218 219
218 236
218 234
219 236
219 220
219 237
219 235
220 237
220 221
220 238
220 236
221 238
221 237
222 239
222 223
222 240
223 240
223 224
223 241
224 241
224 225
224 242
224 240
225 242
225 226
225 243
225 241
226 243
226 227
226 244
226 242
227 244
227 228
227 245
227 243
228 229
228 246
228 244
229 246
229 230
229 247
229 245
230 248
230 246
231 232
231 249
231 247
232 249
232 248
233 250
233 234
233 251
233 249
234 251
234 235
234 252
234 250
235 252
235 236
235 253
235 251
236 253
236 237
236 254
236 252
237 254
237 253
238 255
238 254
239 256
239 240
239 257
240 257
240 241
240 256
241 258
241 242
241 259
241 257
242 259
242 243
242 260
242 258
243 260
243 244
243 261
243 259
244 261
244 245
244 262
244 260
245 262
245 246
246 263
246 247
246 264
246 262
247 264
247 248
247 265
247 263
248 265
248 249
248 266
248 264
249 266
249 250
249 267
249 265
250 251
250 268
250 266
251 268
251 252
251 269
252 269
252 253
252 270
252 268
253 270
253 254
253 271
253 269
254 271
254 255
254 272
254 270
255 272
255 271
256 273
256 257
256 274
257 274
257 258
257 275
257 273
258 275
258 259
258 276
258 274
259 276
259 260
259 277
259 275
260 277
260 261
260 278
260 276
261 278
261 262
261 279
261 277
262 279
262 263
262 280
262 278
263 280
263 264
263 281
263 279
264 281
264 265
264 282
264 280
265 282
265 266
265 281
266 283
266 267
266 284
266 282
267 284
267 268
267 285
267 283
268 285
268 269
268 286
268 284
269 286
269 270
269 287
269 285
270 271
271 272
271 289
271 287
272 289
272 288
274 275
275 276
277 278
278 279
279 280
281 282
282 283
283 284
284 285
285 286
286 287
287 288
288 289
;
param Grid_Label_Edges :=
0 0 1 0
0 0 0 1
0 0 1 1
0 1 1 1
0 1 0 2
0 1 1 2
0 1 1 0
0 2 1 2
0 2 0 3
0 2 1 3
0 2 1 1
0 3 1 3
0 3 0 4
0 3 1 4
0 4 1 4
0 4 0 5
0 4 1 5
0 4 1 3
0 5 1 5
0 5 0 6
0 5 1 6
0 5 1 4
0 6 1 6
0 6 0 7
0 6 1 7
0 6 1 5
0 7 1 7
0 7 0 8
0 7 1 8
0 7 1 6
0 8 0 9
0 8 1 9
0 8 1 7
0 9 1 9
0 9 0 10
0 9 1 10
0 9 1 8
0 10 1 10
0 10 0 11
0 10 1 11
0 10 1 9
0 11 1 11
0 11 0 12
0 11 1 12
0 11 1 10
0 12 1 12
0 12 0 13
0 12 1 13
0 12 1 11
0 13 1 13
0 13 0 14
0 13 1 14
0 13 1 12
0 14 1 14
0 14 0 15
0 14 1 15
0 15 1 15
0 15 0 16
0 15 1 16
0 15 1 14
0 16 1 15
1 0 2 0
1 0 1 1
1 0 2 1
1 1 2 1
1 1 1 2
1 1 2 2
1 1 2 0
1 2 2 2
1 2 1 3
1 2 2 3
1 2 2 1
1 3 2 3
1 3 1 4
1 3 2 4
1 3 2 2
1 4 2 4
1 4 1 5
1 4 2 3
1 5 2 5
1 5 1 6
1 5 2 4
1 6 2 6
1 6 1 7
1 6 2 7
1 7 2 7
1 7 1 8
1 7 2 8
1 7 2 6
1 8 2 8
1 8 1 9
1 8 2 9
1 8 2 7
1 9 2 9
1 9 1 10
1 9 2 8
1 10 2 10
1 10 1 11
1 10 2 11
1 10 2 9
1 11 2 11
1 11 1 12
1 11 2 10
1 12 2 12
1 12 1 13
1 12 2 11
1 13 2 13
1 13 1 14
1 13 2 14
1 13 2 12
1 14 2 14
1 14 1 15
1 14 2 15
1 14 2 13
1 15 2 15
1 15 1 16
1 15 2 16
1 15 2 14
1 16 2 16
1 16 2 15
2 0 3 0
2 0 2 1
2 0 3 1
2 1 3 1
2 1 2 2
2 1 3 0
2 2 3 2
2 2 2 3
2 2 3 3
2 2 3 1
2 3 3 3
2 3 3 4
2 3 3 2
2 4 3 4
2 4 2 5
2 4 3 5
2 4 3 3
2 5 3 5
2 5 2 6
2 5 3 6
2 5 3 4
2 6 3 6
2 6 2 7
2 6 3 7
2 6 3 5
2 7 3 7
2 7 2 8
2 7 3 8
2 7 3 6
2 8 3 8
2 8 2 9
2 8 3 9
2 8 3 7
2 9 3 9
2 9 2 10
2 9 3 10
2 9 3 8
2 10 3 10
2 10 2 11
2 10 3 9
2 11 3 11
2 11 2 12
2 11 3 12
2 11 3 10
2 12 2 13
2 12 3 13
2 13 2 14
2 13 3 14
2 13 3 12
2 14 3 14
2 14 2 15
2 14 3 15
2 14 3 13
2 15 3 15
2 15 2 16
2 15 3 16
2 15 3 14
2 16 3 16
2 16 3 15
3 0 4 0
3 0 3 1
3 0 4 1
3 1 4 1
3 1 3 2
3 1 4 2
3 1 4 0
3 2 4 2
3 2 3 3
3 2 4 3
3 2 4 1
3 3 4 3
3 3 3 4
3 3 4 4
3 3 4 2
3 4 4 4
3 4 3 5
3 4 4 5
3 4 4 3
3 5 4 5
3 5 3 6
3 5 4 6
3 5 4 4
3 6 4 6
3 6 4 7
3 6 4 5
3 7 4 7
3 7 3 8
3 7 4 8
3 7 4 6
3 8 4 8
3 8 3 9
3 8 4 9
3 8 4 7
3 9 4 9
3 9 3 10
3 9 4 8
3 10 4 10
3 10 3 11
3 10 4 11
3 10 4 9
3 11 4 11
3 11 3 12
3 11 4 12
3 11 4 10
3 12 3 13
3 12 4 13
3 12 4 11
3 13 3 14
3 13 4 14
3 13 4 12
3 14 4 14
3 14 3 15
3 14 4 15
3 14 4 13
3 15 4 15
3 15 3 16
3 15 4 16
3 15 4 14
3 16 4 15
4 0 5 0
4 0 4 1
4 0 5 1
4 1 5 1
4 1 4 2
4 1 5 2
4 1 5 0
4 2 4 3
4 2 5 3
4 2 5 1
4 3 5 3
4 3 4 4
4 3 5 2
4 4 5 4
4 4 4 5
4 4 5 5
4 4 5 3
4 5 5 5
4 5 4 6
4 5 5 6
4 6 5 6
4 6 4 7
4 6 5 7
4 6 5 5
4 7 5 7
4 7 5 8
4 7 5 6
4 8 5 8
4 8 4 9
4 8 5 7
4 9 5 9
4 9 4 10
4 9 5 10
4 9 5 8
4 10 4 11
4 10 5 11
4 10 5 9
4 11 5 11
4 11 4 12
4 11 5 12
4 11 5 10
4 12 5 12
4 12 4 13
4 12 5 13
4 12 5 11
4 13 5 13
4 13 4 14
4 13 5 14
4 13 5 12
4 14 5 14
4 14 5 15
4 14 5 13
4 15 5 15
4 15 4 16
4 15 5 16
4 15 5 14
4 16 5 16
4 16 5 15
5 0 5 1
5 0 6 1
5 1 6 1
5 1 5 2
5 1 6 2
5 1 6 0
5 2 6 2
5 2 5 3
5 2 6 3
5 2 6 1
5 3 6 3
5 3 5 4
5 3 6 4
5 3 6 2
5 4 6 4
5 4 5 5
5 4 6 5
5 5 5 6
5 5 6 6
5 5 6 4
5 6 6 6
5 6 5 7
5 6 6 7
5 6 6 5
5 7 6 7
5 7 5 8
5 7 6 8
5 7 6 6
5 8 6 8
5 8 5 9
5 8 6 9
5 9 6 9
5 9 5 10
5 9 6 10
5 9 6 8
5 10 6 10
5 10 5 11
5 10 6 11
5 10 6 9
5 11 5 12
5 11 6 12
5 11 6 10
5 12 6 12
5 12 5 13
5 12 6 13
5 12 6 11
5 13 6 13
5 13 5 14
5 13 6 14
5 13 6 12
5 14 6 14
5 14 5 15
5 15 6 15
5 15 5 16
5 15 6 16
5 15 6 14
5 16 6 15
6 0 7 0
6 0 6 1
6 0 7 1
6 1 7 1
6 1 6 2
6 1 7 2
6 1 7 0
6 2 7 2
6 2 6 3
6 2 7 3
6 2 7 1
6 3 7 3
6 3 6 4
6 3 7 4
6 3 7 2
6 4 7 4
6 4 7 5
6 5 7 5
6 5 6 6
6 5 7 4
6 6 7 6
6 6 7 7
6 7 7 7
6 7 6 8
6 7 7 8
6 7 7 6
6 8 7 8
6 8 6 9
6 8 7 9
6 8 7 7
6 9 7 9
6 9 6 10
6 9 7 10
6 9 7 8
6 10 7 10
6 10 7 11
6 10 7 9
6 11 7 11
6 11 7 12
6 11 7 10
6 12 7 12
6 12 6 13
6 12 7 13
6 12 7 11
6 13 7 13
6 13 6 14
6 13 7 14
6 13 7 12
6 14 7 14
6 14 6 15
6 14 7 15
6 14 7 13
6 15 7 15
6 15 6 16
6 15 7 16
6 15 7 14
6 16 7 16
6 16 7 15
7 0 8 0
7 0 7 1
7 0 8 1
7 1 8 1
7 1 7 2
7 1 8 0
7 2 8 2
7 2 7 3
7 2 8 3
7 2 8 1
7 3 8 3
7 3 7 4
7 3 8 4
7 3 8 2
7 4 8 4
7 4 7 5
7 4 8 5
7 4 8 3
7 5 7 6
7 5 8 6
7 5 8 4
7 6 8 6
7 6 7 7
7 6 8 7
7 6 8 5
7 7 8 7
7 7 7 8
7 7 8 8
7 7 8 6
7 8 8 8
7 8 7 9
7 8 8 9
7 8 8 7
7 9 8 9
7 9 7 10
7 9 8 10
7 9 8 8
7 10 8 10
7 10 7 11
7 10 8 11
7 10 8 9
7 11 7 12
7 11 8 12
7 11 8 10
7 12 8 12
7 12 7 13
7 12 8 13
7 12 8 11
7 13 8 13
7 13 7 14
7 13 8 14
7 13 8 12
7 14 8 14
7 14 8 15
7 14 8 13
7 15 8 15
7 15 7 16
7 16 8 16
8 0 9 0
8 0 8 1
8 0 9 1
8 1 9 1
8 1 8 2
8 1 9 0
8 2 9 2
8 2 8 3
8 2 9 1
8 3 9 3
8 3 8 4
8 3 9 4
8 4 8 5
8 4 9 5
8 4 9 3
8 5 9 5
8 5 9 6
8 5 9 4
8 6 9 6
8 6 8 7
8 6 9 7
8 6 9 5
8 7 9 7
8 7 8 8
8 7 9 8
8 7 9 6
8 8 9 8
8 8 8 9
8 8 9 9
8 8 9 7
8 9 9 9
8 9 8 10
8 9 9 8
8 10 9 10
8 10 8 11
8 10 9 11
8 10 9 9
8 11 9 11
8 11 9 12
8 11 9 10
8 12 9 12
8 12 8 13
8 12 9 13
8 12 9 11
8 13 9 13
8 13 8 14
8 13 9 14
8 13 9 12
8 14 9 14
8 14 8 15
8 14 9 15
8 15 8 16
8 15 9 16
8 15 9 14
8 16 9 16
8 16 9 15
9 0 10 0
9 0 9 1
9 0 10 1
9 1 10 1
9 1 9 2
9 1 10 2
9 1 10 0
9 2 10 2
9 2 9 3
9 2 10 3
9 2 10 1
9 3 10 3
9 3 9 4
9 3 10 4
9 3 10 2
9 4 10 4
9 4 9 5
9 4 10 5
9 5 10 5
9 5 9 6
9 5 10 6
9 5 10 4
9 6 10 6
9 6 9 7
9 6 10 7
9 6 10 5
9 7 10 7
9 7 9 8
9 7 10 8
9 7 10 6
9 8 10 8
9 8 9 9
9 8 10 9
9 8 10 7
9 9 10 9
9 9 10 10
9 9 10 8
9 10 10 10
9 10 9 11
9 11 9 12
9 11 10 12
9 11 10 10
9 12 10 12
9 12 9 13
9 12 10 13
9 12 10 11
9 13 10 13
9 13 9 14
9 13 10 14
9 13 10 12
9 14 10 14
9 14 9 15
9 14 10 15
9 14 10 13
9 15 10 15
9 15 9 16
9 15 10 16
9 15 10 14
9 16 10 16
9 16 10 15
10 0 11 0
10 0 10 1
10 1 11 1
10 1 10 2
10 1 11 2
10 1 11 0
10 2 11 2
10 2 11 3
10 2 11 1
10 3 11 3
10 3 10 4
10 3 11 4
10 3 11 2
10 4 11 4
10 4 10 5
10 4 11 5
10 4 11 3
10 5 11 5
10 5 10 6
10 5 11 6
10 5 11 4
10 6 11 6
10 6 10 7
10 6 11 7
10 6 11 5
10 7 11 7
10 7 10 8
10 7 11 8
10 7 11 6
10 8 11 8
10 8 10 9
10 8 11 9
10 8 11 7
10 9 11 9
10 9 10 10
10 9 11 10
10 9 11 8
10 10 11 10
10 10 10 11
10 10 11 11
10 10 11 9
10 11 11 12
10 11 11 10
10 12 11 12
10 12 10 13
10 12 11 13
10 12 11 11
10 13 11 13
10 13 10 14
10 13 11 14
10 13 11 12
10 14 11 14
10 14 10 15
10 14 11 15
10 15 11 15
10 15 10 16
10 15 11 16
10 15 11 14
10 16 11 16
10 16 11 15
11 0 12 0
11 0 12 1
11 1 12 1
11 1 11 2
11 1 12 2
11 1 12 0
11 2 12 2
11 2 11 3
11 2 12 3
11 2 12 1
11 3 12 3
11 3 11 4
11 3 12 4
11 3 12 2
11 4 11 5
11 4 12 5
11 5 12 5
11 5 11 6
11 5 12 6
11 5 12 4
11 6 11 7
11 6 12 7
11 6 12 5
11 7 12 7
11 7 11 8
11 7 12 8
11 8 12 8
11 8 11 9
11 8 12 9
11 8 12 7
11 9 12 9
11 9 11 10
11 9 12 10
11 9 12 8
11 10 12 10
11 10 11 11
11 10 12 11
11 11 12 11
11 11 12 12
11 11 12 10
11 12 12 12
11 12 12 13
11 12 12 11
11 13 12 13
11 13 12 14
11 13 12 12
11 14 12 14
11 14 12 15
11 14 12 13
11 15 12 15
11 15 11 16
11 15 12 14
11 16 12 16
11 16 12 15
12 0 13 0
12 0 12 1
12 0 13 1
12 1 13 1
12 1 12 2
12 1 13 2
12 1 13 0
12 2 13 2
12 2 12 3
12 2 13 3
12 2 13 1
12 3 13 3
12 3 12 4
12 3 13 4
12 3 13 2
12 4 13 4
12 4 12 5
12 4 13 5
12 4 13 3
12 5 13 4
12 6 13 6
12 6 13 7
12 6 13 5
12 7 13 7
12 7 12 8
12 7 13 8
12 7 13 6
12 8 13 8
12 8 12 9
12 9 13 9
12 9 12 10
12 9 13 8
12 10 13 10
12 10 12 11
12 10 13 9
12 11 12 12
12 11 13 12
12 11 13 10
12 12 13 12
12 12 12 13
12 12 13 13
12 12 13 11
12 13 13 13
12 13 12 14
12 13 13 14
12 13 13 12
12 14 13 14
12 14 12 15
12 14 13 15
12 14 13 13
12 15 13 15
12 15 12 16
12 15 13 16
12 15 13 14
12 16 13 16
12 16 13 15
13 0 14 0
13 0 13 1
13 0 14 1
13 1 14 1
13 1 13 2
13 1 14 2
13 2 14 2
13 2 13 3
13 2 14 3
13 2 14 1
13 3 14 3
13 3 13 4
13 3 14 4
13 3 14 2
13 4 14 4
13 4 13 5
13 4 14 5
13 4 14 3
13 5 14 5
13 5 13 6
13 5 14 6
13 5 14 4
13 6 13 7
13 6 14 7
13 6 14 5
13 7 14 7
13 7 13 8
13 7 14 8
13 7 14 6
13 8 14 9
13 8 14 7
13 9 13 10
13 9 14 10
13 9 14 8
13 10 14 10
13 10 14 9
13 11 14 11
13 11 13 12
13 11 14 12
13 11 14 10
13 12 14 12
13 12 13 13
13 12 14 13
13 12 14 11
13 13 14 13
13 13 13 14
13 13 14 14
13 13 14 12
13 14 14 14
13 14 13 15
13 14 14 15
13 14 14 13
13 15 14 15
13 15 14 14
13 16 14 16
13 16 14 15
14 0 15 0
14 0 14 1
14 0 15 1
14 1 15 1
14 1 14 2
14 1 15 0
14 2 15 2
14 2 14 3
14 2 15 3
14 2 15 1
14 3 15 3
14 3 14 4
14 3 15 4
14 3 15 2
14 4 15 4
14 4 14 5
14 4 15 5
14 4 15 3
14 5 15 5
14 5 14 6
14 5 15 6
14 5 15 4
14 6 15 6
14 6 14 7
14 7 15 7
14 7 14 8
14 7 15 8
14 7 15 6
14 8 15 8
14 8 14 9
14 8 15 9
14 8 15 7
14 9 15 9
14 9 14 10
14 9 15 10
14 9 15 8
14 10 15 10
14 10 14 11
14 10 15 11
14 10 15 9
14 11 14 12
14 11 15 12
14 11 15 10
14 12 15 12
14 12 14 13
14 12 15 13
14 13 15 13
14 13 14 14
14 13 15 14
14 13 15 12
14 14 15 14
14 14 14 15
14 14 15 15
14 14 15 13
14 15 15 15
14 15 14 16
14 15 15 16
14 15 15 14
14 16 15 16
14 16 15 15
15 0 16 0
15 0 15 1
15 0 16 1
15 1 16 1
15 1 15 2
15 1 16 2
15 1 16 0
15 2 16 2
15 2 15 3
15 2 16 3
15 2 16 1
15 3 16 3
15 3 15 4
15 3 16 4
15 3 16 2
15 4 16 4
15 4 15 5
15 4 16 5
15 4 16 3
15 5 16 5
15 5 15 6
15 5 16 6
15 5 16 4
15 6 16 6
15 6 15 7
15 6 16 7
15 6 16 5
15 7 16 7
15 7 15 8
15 7 16 8
15 7 16 6
15 8 16 8
15 8 15 9
15 8 16 9
15 8 16 7
15 9 16 9
15 9 15 10
15 9 16 8
15 10 16 10
15 10 15 11
15 10 16 11
15 10 16 9
15 11 16 11
15 11 15 12
15 11 16 12
15 11 16 10
15 12 16 12
15 12 15 13
15 12 16 13
15 12 16 11
15 13 16 13
15 13 15 14
15 13 16 14
15 13 16 12
15 14 15 15
15 15 15 16
15 15 16 16
15 15 16 14
15 16 16 16
15 16 16 15
16 1 16 2
16 2 16 3
16 4 16 5
16 5 16 6
16 6 16 7
16 8 16 9
16 9 16 10
16 10 16 11
16 11 16 12
16 12 16 13
16 13 16 14
16 14 16 15
16 15 16 16
;
param Centralities :=
degree centrality: {(0, 0): 0.010416666666666666, (0, 1): 0.017361111111111112, (0, 2): 0.017361111111111112, (0, 3): 0.013888888888888888, (0, 4): 0.017361111111111112, (0, 5): 0.017361111111111112, (0, 6): 0.017361111111111112, (0, 7): 0.017361111111111112, (0, 8): 0.013888888888888888, (0, 9): 0.017361111111111112, (0, 10): 0.017361111111111112, (0, 11): 0.017361111111111112, (0, 12): 0.017361111111111112, (0, 13): 0.017361111111111112, (0, 14): 0.013888888888888888, (0, 15): 0.017361111111111112, (0, 16): 0.006944444444444444, (1, 0): 0.017361111111111112, (1, 1): 0.027777777777777776, (1, 2): 0.024305555555555552, (1, 3): 0.027777777777777776, (1, 4): 0.024305555555555552, (1, 5): 0.024305555555555552, (1, 6): 0.024305555555555552, (1, 7): 0.027777777777777776, (1, 8): 0.024305555555555552, (1, 9): 0.024305555555555552, (1, 10): 0.027777777777777776, (1, 11): 0.024305555555555552, (1, 12): 0.024305555555555552, (1, 13): 0.024305555555555552, (1, 14): 0.027777777777777776, (1, 15): 0.027777777777777776, (1, 16): 0.013888888888888888, (2, 0): 0.017361111111111112, (2, 1): 0.024305555555555552, (2, 2): 0.027777777777777776, (2, 3): 0.024305555555555552, (2, 4): 0.024305555555555552, (2, 5): 0.020833333333333332, (2, 6): 0.024305555555555552, (2, 7): 0.027777777777777776, (2, 8): 0.027777777777777776, (2, 9): 0.027777777777777776, (2, 10): 0.020833333333333332, (2, 11): 0.027777777777777776, (2, 12): 0.017361111111111112, (2, 13): 0.020833333333333332, (2, 14): 0.027777777777777776, (2, 15): 0.027777777777777776, (2, 16): 0.017361111111111112, (3, 0): 0.017361111111111112, (3, 1): 0.027777777777777776, (3, 2): 0.024305555555555552, (3, 3): 0.027777777777777776, (3, 4): 0.027777777777777776, (3, 5): 0.027777777777777776, (3, 6): 0.024305555555555552, (3, 7): 0.024305555555555552, (3, 8): 0.027777777777777776, (3, 9): 0.024305555555555552, (3, 10): 0.027777777777777776, (3, 11): 0.020833333333333332, (3, 12): 0.020833333333333332, (3, 13): 0.020833333333333332, (3, 14): 0.027777777777777776, (3, 15): 0.027777777777777776, (3, 16): 0.013888888888888888, (4, 0): 0.017361111111111112, (4, 1): 0.027777777777777776, (4, 2): 0.024305555555555552, (4, 3): 0.024305555555555552, (4, 4): 0.027777777777777776, (4, 5): 0.024305555555555552, (4, 6): 0.027777777777777776, (4, 7): 0.024305555555555552, (4, 8): 0.020833333333333332, (4, 9): 0.027777777777777776, (4, 10): 0.020833333333333332, (4, 11): 0.027777777777777776, (4, 12): 0.024305555555555552, (4, 13): 0.024305555555555552, (4, 14): 0.024305555555555552, (4, 15): 0.024305555555555552, (4, 16): 0.013888888888888888, (5, 0): 0.013888888888888888, (5, 1): 0.027777777777777776, (5, 2): 0.024305555555555552, (5, 3): 0.027777777777777776, (5, 4): 0.017361111111111112, (5, 5): 0.024305555555555552, (5, 6): 0.027777777777777776, (5, 7): 0.027777777777777776, (5, 8): 0.024305555555555552, (5, 9): 0.024305555555555552, (5, 10): 0.024305555555555552, (5, 11): 0.024305555555555552, (5, 12): 0.027777777777777776, (5, 13): 0.027777777777777776, (5, 14): 0.020833333333333332, (5, 15): 0.027777777777777776, (5, 16): 0.013888888888888888, (6, 0): 0.013888888888888888, (6, 1): 0.027777777777777776, (6, 2): 0.027777777777777776, (6, 3): 0.024305555555555552, (6, 4): 0.020833333333333332, (6, 5): 0.017361111111111112, (6, 6): 0.020833333333333332, (6, 7): 0.020833333333333332, (6, 8): 0.027777777777777776, (6, 9): 0.027777777777777776, (6, 10): 0.024305555555555552, (6, 11): 0.017361111111111112, (6, 12): 0.024305555555555552, (6, 13): 0.024305555555555552, (6, 14): 0.027777777777777776, (6, 15): 0.024305555555555552, (6, 16): 0.013888888888888888, (7, 0): 0.017361111111111112, (7, 1): 0.024305555555555552, (7, 2): 0.027777777777777776, (7, 3): 0.024305555555555552, (7, 4): 0.027777777777777776, (7, 5): 0.020833333333333332, (7, 6): 0.024305555555555552, (7, 7): 0.027777777777777776, (7, 8): 0.027777777777777776, (7, 9): 0.027777777777777776, (7, 10): 0.027777777777777776, (7, 11): 0.024305555555555552, (7, 12): 0.027777777777777776, (7, 13): 0.027777777777777776, (7, 14): 0.024305555555555552, (7, 15): 0.017361111111111112, (7, 16): 0.013888888888888888, (8, 0): 0.017361111111111112, (8, 1): 0.024305555555555552, (8, 2): 0.020833333333333332, (8, 3): 0.024305555555555552, (8, 4): 0.024305555555555552, (8, 5): 0.020833333333333332, (8, 6): 0.024305555555555552, (8, 7): 0.027777777777777776, (8, 8): 0.027777777777777776, (8, 9): 0.024305555555555552, (8, 10): 0.027777777777777776, (8, 11): 0.020833333333333332, (8, 12): 0.024305555555555552, (8, 13): 0.027777777777777776, (8, 14): 0.020833333333333332, (8, 15): 0.020833333333333332, (8, 16): 0.013888888888888888, (9, 0): 0.017361111111111112, (9, 1): 0.027777777777777776, (9, 2): 0.020833333333333332, (9, 3): 0.024305555555555552, (9, 4): 0.020833333333333332, (9, 5): 0.027777777777777776, (9, 6): 0.027777777777777776, (9, 7): 0.027777777777777776, (9, 8): 0.027777777777777776, (9, 9): 0.024305555555555552, (9, 10): 0.013888888888888888, (9, 11): 0.024305555555555552, (9, 12): 0.027777777777777776, (9, 13): 0.024305555555555552, (9, 14): 0.027777777777777776, (9, 15): 0.024305555555555552, (9, 16): 0.017361111111111112, (10, 0): 0.013888888888888888, (10, 1): 0.027777777777777776, (10, 2): 0.024305555555555552, (10, 3): 0.020833333333333332, (10, 4): 0.027777777777777776, (10, 5): 0.027777777777777776, (10, 6): 0.027777777777777776, (10, 7): 0.027777777777777776, (10, 8): 0.027777777777777776, (10, 9): 0.024305555555555552, (10, 10): 0.027777777777777776, (10, 11): 0.013888888888888888, (10, 12): 0.024305555555555552, (10, 13): 0.027777777777777776, (10, 14): 0.024305555555555552, (10, 15): 0.027777777777777776, (10, 16): 0.017361111111111112, (11, 0): 0.013888888888888888, (11, 1): 0.020833333333333332, (11, 2): 0.027777777777777776, (11, 3): 0.027777777777777776, (11, 4): 0.020833333333333332, (11, 5): 0.027777777777777776, (11, 6): 0.024305555555555552, (11, 7): 0.024305555555555552, (11, 8): 0.027777777777777776, (11, 9): 0.027777777777777776, (11, 10): 0.024305555555555552, (11, 11): 0.020833333333333332, (11, 12): 0.020833333333333332, (11, 13): 0.017361111111111112, (11, 14): 0.020833333333333332, (11, 15): 0.020833333333333332, (11, 16): 0.017361111111111112, (12, 0): 0.017361111111111112, (12, 1): 0.027777777777777776, (12, 2): 0.027777777777777776, (12, 3): 0.024305555555555552, (12, 4): 0.024305555555555552, (12, 5): 0.017361111111111112, (12, 6): 0.013888888888888888, (12, 7): 0.024305555555555552, (12, 8): 0.020833333333333332, (12, 9): 0.020833333333333332, (12, 10): 0.024305555555555552, (12, 11): 0.024305555555555552, (12, 12): 0.027777777777777776, (12, 13): 0.027777777777777776, (12, 14): 0.027777777777777776, (12, 15): 0.027777777777777776, (12, 16): 0.013888888888888888, (13, 0): 0.017361111111111112, (13, 1): 0.024305555555555552, (13, 2): 0.027777777777777776, (13, 3): 0.027777777777777776, (13, 4): 0.027777777777777776, (13, 5): 0.024305555555555552, (13, 6): 0.020833333333333332, (13, 7): 0.024305555555555552, (13, 8): 0.020833333333333332, (13, 9): 0.017361111111111112, (13, 10): 0.017361111111111112, (13, 11): 0.017361111111111112, (13, 12): 0.027777777777777776, (13, 13): 0.027777777777777776, (13, 14): 0.027777777777777776, (13, 15): 0.020833333333333332, (13, 16): 0.013888888888888888, (14, 0): 0.013888888888888888, (14, 1): 0.024305555555555552, (14, 2): 0.027777777777777776, (14, 3): 0.027777777777777776, (14, 4): 0.027777777777777776, (14, 5): 0.027777777777777776, (14, 6): 0.017361111111111112, (14, 7): 0.027777777777777776, (14, 8): 0.024305555555555552, (14, 9): 0.024305555555555552, (14, 10): 0.027777777777777776, (14, 11): 0.020833333333333332, (14, 12): 0.024305555555555552, (14, 13): 0.027777777777777776, (14, 14): 0.027777777777777776, (14, 15): 0.027777777777777776, (14, 16): 0.013888888888888888, (15, 0): 0.017361111111111112, (15, 1): 0.027777777777777776, (15, 2): 0.024305555555555552, (15, 3): 0.027777777777777776, (15, 4): 0.027777777777777776, (15, 5): 0.024305555555555552, (15, 6): 0.027777777777777776, (15, 7): 0.024305555555555552, (15, 8): 0.027777777777777776, (15, 9): 0.024305555555555552, (15, 10): 0.027777777777777776, (15, 11): 0.020833333333333332, (15, 12): 0.027777777777777776, (15, 13): 0.027777777777777776, (15, 14): 0.017361111111111112, (15, 15): 0.024305555555555552, (15, 16): 0.017361111111111112, (16, 0): 0.006944444444444444, (16, 1): 0.013888888888888888, (16, 2): 0.017361111111111112, (16, 3): 0.013888888888888888, (16, 4): 0.013888888888888888, (16, 5): 0.017361111111111112, (16, 6): 0.017361111111111112, (16, 7): 0.013888888888888888, (16, 8): 0.013888888888888888, (16, 9): 0.017361111111111112, (16, 10): 0.013888888888888888, (16, 11): 0.017361111111111112, (16, 12): 0.017361111111111112, (16, 13): 0.013888888888888888, (16, 14): 0.013888888888888888, (16, 15): 0.010416666666666666, (16, 16): 0.010416666666666666}
eigenvector centrality: {(0, 0): 0.004704544106435021, (0, 1): 0.008700641633966505, (0, 2): 0.01169502778264151, (0, 3): 0.01085646012066919, (0, 4): 0.014935755742252126, (0, 5): 0.017217581477238928, (0, 6): 0.020790798804314472, (0, 7): 0.02286185440993609, (0, 8): 0.017657899503527582, (0, 9): 0.02131972440861639, (0, 10): 0.018571517915041292, (0, 11): 0.014957442002481948, (0, 12): 0.011035843952550712, (0, 13): 0.008333730483189921, (0, 14): 0.0049159476806081865, (0, 15): 0.004756906002900056, (0, 16): 0.002007854520255398, (1, 0): 0.008505019103926835, (1, 1): 0.016484389274309903, (1, 2): 0.020918088604943912, (1, 3): 0.026791549859344652, (1, 4): 0.02432447402623281, (1, 5): 0.027770980519209038, (1, 6): 0.03548185207333905, (1, 7): 0.0455630326599362, (1, 8): 0.04423507649552063, (1, 9): 0.03671563643064083, (1, 10): 0.035505670763986606, (1, 11): 0.02450580781037835, (1, 12): 0.017502626476159584, (1, 13): 0.013736463945090873, (1, 14): 0.01249336292634086, (1, 15): 0.009622890080499004, (1, 16): 0.005027831066960083, (2, 0): 0.012235051613747076, (2, 1): 0.018781423068441848, (2, 2): 0.032508675472213054, (2, 3): 0.03483860159155236, (2, 4): 0.04178680542787304, (2, 5): 0.0443451621573519, (2, 6): 0.05522266908758293, (2, 7): 0.06468109484214316, (2, 8): 0.065376570569381, (2, 9): 0.06028111207187176, (2, 10): 0.04018794456011487, (2, 11): 0.03774397928733938, (2, 12): 0.015036712250613008, (2, 13): 0.015888633113367936, (2, 14): 0.018086762814776187, (2, 15): 0.014133555714387161, (2, 16): 0.007494925586132569, (3, 0): 0.015267117402700545, (3, 1): 0.028580114995656564, (3, 2): 0.036910379311257034, (3, 3): 0.049500721535053874, (3, 4): 0.058539058410972, (3, 5): 0.06798470237729762, (3, 6): 0.06627810404376867, (3, 7): 0.07115286680887058, (3, 8): 0.07991760141678927, (3, 9): 0.06566434770410547, (3, 10): 0.06411729186882488, (3, 11): 0.042624570685588344, (3, 12): 0.03083522262116142, (3, 13): 0.022818498528325386, (3, 14): 0.023603234193892715, (3, 15): 0.017237644115119733, (3, 16): 0.007655331749416588, (4, 0): 0.017666402677108513, (4, 1): 0.03206927162539803, (4, 2): 0.03923307778782006, (4, 3): 0.04759893499147292, (4, 4): 0.06308176338108093, (4, 5): 0.07009378450606842, (4, 6): 0.08753493510359879, (4, 7): 0.08480234884368494, (4, 8): 0.07204569926622917, (4, 9): 0.08835046368739811, (4, 10): 0.059870148836647555, (4, 11): 0.06447692715550972, (4, 12): 0.0482293693042901, (4, 13): 0.037285923358941514, (4, 14): 0.02763216003924693, (4, 15): 0.01596010254588663, (4, 16): 0.008887395154692052, (5, 0): 0.016503392518092012, (5, 1): 0.03409549126504785, (5, 2): 0.041404506334836104, (5, 3): 0.05221006742430053, (5, 4): 0.03882727781670914, (5, 5): 0.06701229697961017, (5, 6): 0.09156041041682363, (5, 7): 0.10802201075829905, (5, 8): 0.10287488619577814, (5, 9): 0.10127799987300713, (5, 10): 0.08699030645979579, (5, 11): 0.06793894112028284, (5, 12): 0.06117401230724989, (5, 13): 0.049097030268598026, (5, 14): 0.026468048166532948, (5, 15): 0.021388589260565253, (5, 16): 0.009064108288870307, (6, 0): 0.01589318904507391, (6, 1): 0.03435657675848486, (6, 2): 0.04704717386504161, (6, 3): 0.04914200634621926, (6, 4): 0.04757227986683857, (6, 5): 0.048193277414026764, (6, 6): 0.08125677096070723, (6, 7): 0.10882805815679063, (6, 8): 0.14474231238936117, (6, 9): 0.13754471355291203, (6, 10): 0.10497965728928908, (6, 11): 0.058455380821119514, (6, 12): 0.06085683761078894, (6, 13): 0.0517858547149801, (6, 14): 0.03819838603328724, (6, 15): 0.01868015137756722, (6, 16): 0.008292908772993261, (7, 0): 0.01699947333768392, (7, 1): 0.02836758852597021, (7, 2): 0.045735076212428186, (7, 3): 0.051621645355130634, (7, 4): 0.0663488543770169, (7, 5): 0.06716139274295778, (7, 6): 0.11270918637662873, (7, 7): 0.15445974204142912, (7, 8): 0.1679339003802217, (7, 9): 0.155706488851797, (7, 10): 0.1205942174655467, (7, 11): 0.08181511920518651, (7, 12): 0.0680851367943169, (7, 13): 0.05596003519402572, (7, 14): 0.03751766477047916, (7, 15): 0.012677738131120156, (7, 16): 0.006646674157194068, (8, 0): 0.016657447388932954, (8, 1): 0.026467723746606102, (8, 2): 0.03433329368316455, (8, 3): 0.056203703011449536, (8, 4): 0.07089232736661093, (8, 5): 0.08439527924314302, (8, 6): 0.13529143749128883, (8, 7): 0.1758342836534549, (8, 8): 0.1796525609386953, (8, 9): 0.14598475133408928, (8, 10): 0.11374764796645218, (8, 11): 0.0654691902896504, (8, 12): 0.0592443067477513, (8, 13): 0.05403992808903412, (8, 14): 0.03105690547385313, (8, 15): 0.01897903657102764, (8, 16): 0.007952161528435664, (9, 0): 0.016821623450172424, (9, 1): 0.030637345172281092, (9, 2): 0.03522004778386775, (9, 3): 0.059055341152409964, (9, 4): 0.07453570278918896, (9, 5): 0.1229394536661592, (9, 6): 0.15701368160588308, (9, 7): 0.17884724871962127, (9, 8): 0.17343059639103345, (9, 9): 0.13448966296170028, (9, 10): 0.045707205549911485, (9, 11): 0.06490262858452188, (9, 12): 0.055857249231533665, (9, 13): 0.04364858874114443, (9, 14): 0.03566351553822948, (9, 15): 0.020268181330803006, (9, 16): 0.011058744419218404, (10, 0): 0.01331429204833333, (10, 1): 0.033392998224917765, (10, 2): 0.04320651096923734, (10, 3): 0.051611290937250226, (10, 4): 0.09127700788987837, (10, 5): 0.1199514847728022, (10, 6): 0.14713788905961356, (10, 7): 0.1601445932890554, (10, 8): 0.15241421033270575, (10, 9): 0.11475937954322302, (10, 10): 0.08323913419404541, (10, 11): 0.032366038234643804, (10, 12): 0.04157170612063107, (10, 13): 0.0388082177687683, (10, 14): 0.02742542775494844, (10, 15): 0.021193815234112845, (10, 16): 0.010808264634790317, (11, 0): 0.014499600482202276, (11, 1): 0.0333854478488429, (11, 2): 0.052063243828838764, (11, 3): 0.06567736812829117, (11, 4): 0.06633770266025811, (11, 5): 0.0936117816450627, (11, 6): 0.10624082672097274, (11, 7): 0.11506083598654082, (11, 8): 0.11682416779270118, (11, 9): 0.09804961003177469, (11, 10): 0.0634714448840822, (11, 11): 0.04242057158805258, (11, 12): 0.02923966628724987, (11, 13): 0.022859579212835185, (11, 14): 0.02167685641425429, (11, 15): 0.015159287070192737, (11, 16): 0.009727074272241988, (12, 0): 0.01914223970943044, (12, 1): 0.0379897066248786, (12, 2): 0.05329752160902495, (12, 3): 0.054296909329457375, (12, 4): 0.05827430939066726, (12, 5): 0.05297602957515265, (12, 6): 0.028249194358041973, (12, 7): 0.07201859984902718, (12, 8): 0.06929509960678062, (12, 9): 0.05496387003421165, (12, 10): 0.047274098755123846, (12, 11): 0.036479263482960655, (12, 12): 0.03178246265932355, (12, 13): 0.02840541613594013, (12, 14): 0.02314996791818056, (12, 15): 0.016263323893948196, (12, 16): 0.006238488912446878, (13, 0): 0.017527864504490995, (13, 1): 0.033683939657866875, (13, 2): 0.04846347542141515, (13, 3): 0.05613294540851811, (13, 4): 0.054943595247991195, (13, 5): 0.03970586045957744, (13, 6): 0.03411246819338453, (13, 7): 0.03488697151303463, (13, 8): 0.03938058037872615, (13, 9): 0.022832565712382527, (13, 10): 0.020363200434482285, (13, 11): 0.015326501484134452, (13, 12): 0.02671312161899577, (13, 13): 0.026178443137285647, (13, 14): 0.021834095179585882, (13, 15): 0.01341742170081149, (13, 16): 0.005270240170306722, (14, 0): 0.009872881308883943, (14, 1): 0.024835559474942495, (14, 2): 0.039969272877704826, (14, 3): 0.04686394102579441, (14, 4): 0.045888527905098016, (14, 5): 0.03934562961947853, (14, 6): 0.02354598048696617, (14, 7): 0.0301017127516132, (14, 8): 0.02244909769032693, (14, 9): 0.020778235984258396, (14, 10): 0.018476996682282924, (14, 11): 0.014724721857637128, (14, 12): 0.018068092350468152, (14, 13): 0.020349290597919855, (14, 14): 0.01718076087046598, (14, 15): 0.01142440825658906, (14, 16): 0.0038172970821189083, (15, 0): 0.009355638026771295, (15, 1): 0.018983955549827264, (15, 2): 0.024625165757709247, (15, 3): 0.032647495700104036, (15, 4): 0.03294355602074834, (15, 5): 0.026047876020032064, (15, 6): 0.024589189328167244, (15, 7): 0.01786835891960084, (15, 8): 0.018750653282767274, (15, 9): 0.015558912457752544, (15, 10): 0.013832262256996134, (15, 11): 0.008913474353003272, (15, 12): 0.013038002324655852, (15, 13): 0.013068352245760877, (15, 14): 0.009654130963831564, (15, 15): 0.0071161971990960715, (15, 16): 0.003526925762921121, (16, 0): 0.003957330783984874, (16, 1): 0.009348913959774755, (16, 2): 0.013985678861756267, (16, 3): 0.014550559283687524, (16, 4): 0.014975151414884204, (16, 5): 0.015604459471680031, (16, 6): 0.01319529491597994, (16, 7): 0.010389128978071191, (16, 8): 0.008493372285474315, (16, 9): 0.00864971663344643, (16, 10): 0.0053122627637554945, (16, 11): 0.006649653185135139, (16, 12): 0.006526836940781221, (16, 13): 0.0050733531597509, (16, 14): 0.0037001393373375956, (16, 15): 0.0012408701750967284, (16, 16): 0.0016594262529713727}
closeness centrality: {(0, 0): 0.09201277955271565, (0, 1): 0.09593604263824117, (0, 2): 0.10006949270326616, (0, 3): 0.10267379679144385, (0, 4): 0.10639083856667898, (0, 5): 0.10938093429548044, (0, 6): 0.11098265895953757, (0, 7): 0.11219322165952474, (0, 8): 0.11241217798594848, (0, 9): 0.11180124223602485, (0, 10): 0.11047180667433831, (0, 11): 0.10909090909090909, (0, 12): 0.10627306273062731, (0, 13): 0.10304114490161002, (0, 14): 0.0989010989010989, (0, 15): 0.09606404269513008, (0, 16): 0.09204218600191755, (1, 0): 0.09549071618037135, (1, 1): 0.10123022847100176, (1, 2): 0.10576569959603378, (1, 3): 0.11055662188099807, (1, 4): 0.11347517730496454, (1, 5): 0.11735941320293398, (1, 6): 0.1200500208420175, (1, 7): 0.12151898734177215, (1, 8): 0.12172442941673711, (1, 9): 0.1210592686002522, (1, 10): 0.1200500208420175, (1, 11): 0.1166464155528554, (1, 12): 0.1136094674556213, (1, 13): 0.10917361637604246, (1, 14): 0.10596026490066225, (1, 15): 0.101301442138586, (1, 16): 0.09612817089452604, (2, 0): 0.0997920997920998, (2, 1): 0.10522469857508221, (2, 2): 0.1119751166407465, (2, 3): 0.11712078080520537, (2, 4): 0.12239694007649808, (2, 5): 0.12648221343873517, (2, 6): 0.12914798206278028, (2, 7): 0.13108784706417842, (2, 8): 0.1316270566727605, (2, 9): 0.1316270566727605, (2, 10): 0.12845673505798394, (2, 11): 0.12554489973844812, (2, 12): 0.12015018773466833, (2, 13): 0.11707317073170732, (2, 14): 0.11206225680933853, (2, 15): 0.10607734806629834, (2, 16): 0.09993060374739764, (3, 0): 0.10329985652797705, (3, 1): 0.11021814006888633, (3, 2): 0.11650485436893204, (3, 3): 0.12419146183699871, (3, 4): 0.12972972972972974, (3, 5): 0.13540197461212977, (3, 6): 0.138395002402691, (3, 7): 0.14055636896046853, (3, 8): 0.14257425742574256, (3, 9): 0.1404878048780488, (3, 10): 0.13826212193951032, (3, 11): 0.1350210970464135, (3, 12): 0.12978819287967552, (3, 13): 0.12408444635932787, (3, 14): 0.11731160896130347, (3, 15): 0.11038712150249137, (3, 16): 0.10289389067524116, (4, 0): 0.10627306273062731, (4, 1): 0.11414982164090369, (4, 2): 0.12198221092757307, (4, 3): 0.12891674127126232, (4, 4): 0.13753581661891118, (4, 5): 0.142433234421365, (4, 6): 0.1480719794344473, (4, 7): 0.15133998949027852, (4, 8): 0.1506276150627615, (4, 9): 0.1503916449086162, (4, 10): 0.14799588900308325, (4, 11): 0.14349775784753363, (4, 12): 0.13727359389895138, (4, 13): 0.1299638989169675, (4, 14): 0.12208562950402713, (4, 15): 0.11343048444269398, (4, 16): 0.10658771280532939, (5, 0): 0.10925644916540213, (5, 1): 0.11721611721611722, (5, 2): 0.12598425196850394, (5, 3): 0.13489461358313817, (5, 4): 0.1411764705882353, (5, 5): 0.1505488761108207, (5, 6): 0.15609756097560976, (5, 7): 0.15938018815716656, (5, 8): 0.16026711185308848, (5, 9): 0.15973377703826955, (5, 10): 0.1565217391304348, (5, 11): 0.1509433962264151, (5, 12): 0.14378432351472792, (5, 13): 0.13489461358313817, (5, 14): 0.12538093164997824, (5, 15): 0.11755102040816326, (5, 16): 0.10876132930513595, (6, 0): 0.1103448275862069, (6, 1): 0.12015018773466833, (6, 2): 0.12903225806451613, (6, 3): 0.138395002402691, (6, 4): 0.1473899692937564, (6, 5): 0.15475550779150993, (6, 6): 0.16225352112676056, (6, 7): 0.16580310880829016, (6, 8): 0.16901408450704225, (6, 9): 0.1673445671121441, (6, 10): 0.16298811544991512, (6, 11): 0.1566068515497553, (6, 12): 0.14791987673343607, (6, 13): 0.1381294964028777, (6, 14): 0.1293219577907499, (6, 15): 0.11930405965202982, (6, 16): 0.1103448275862069, (7, 0): 0.11149825783972125, (7, 1): 0.12080536912751678, (7, 2): 0.13132694938440492, (7, 3): 0.14007782101167315, (7, 4): 0.15078534031413612, (7, 5): 0.1583287520615723, (7, 6): 0.16589861751152074, (7, 7): 0.17235188509874327, (7, 8): 0.17307692307692307, (7, 9): 0.17276544691061788, (7, 10): 0.16773442050087362, (7, 11): 0.15946843853820597, (7, 12): 0.15023474178403756, (7, 13): 0.14131501472031405, (7, 14): 0.13114754098360656, (7, 15): 0.12040133779264214, (7, 16): 0.11047180667433831, (8, 0): 0.112720156555773, (8, 1): 0.1210592686002522, (8, 2): 0.1306122448979592, (8, 3): 0.142433234421365, (8, 4): 0.1503916449086162, (8, 5): 0.15973377703826955, (8, 6): 0.1681260945709282, (8, 7): 0.17307692307692307, (8, 8): 0.1762545899632803, (8, 9): 0.17349397590361446, (8, 10): 0.16881594372801875, (8, 11): 0.15991116046640755, (8, 12): 0.1517386722866175, (8, 13): 0.14201183431952663, (8, 14): 0.13096862210095497, (8, 15): 0.12229299363057325, (8, 16): 0.11184466019417476, (9, 0): 0.11214953271028037, (9, 1): 0.1210592686002522, (9, 2): 0.12885906040268458, (9, 3): 0.14035087719298245, (9, 4): 0.1503916449086162, (9, 5): 0.15920398009950248, (9, 6): 0.16657027183342973, (9, 7): 0.17194029850746267, (9, 8): 0.17349397590361446, (9, 9): 0.17214584578601316, (9, 10): 0.1563517915309446, (9, 11): 0.16017797552836485, (9, 12): 0.15078534031413612, (9, 13): 0.14110730034296914, (9, 14): 0.13174748398902103, (9, 15): 0.12121212121212122, (9, 16): 0.11236831837690207, (10, 0): 0.11042944785276074, (10, 1): 0.11842105263157894, (10, 2): 0.128686327077748, (10, 3): 0.13727359389895138, (10, 4): 0.14791987673343607, (10, 5): 0.15643671917436175, (10, 6): 0.16252821670428894, (10, 7): 0.16695652173913045, (10, 8): 0.16802800466744458, (10, 9): 0.16657027183342973, (10, 10): 0.16326530612244897, (10, 11): 0.15409309791332262, (10, 12): 0.14830072090628219, (10, 13): 0.13926499032882012, (10, 14): 0.12897447380206, (10, 15): 0.12025052192066805, (10, 16): 0.1110254433307633, (11, 0): 0.10774410774410774, (11, 1): 0.11697806661251016, (11, 2): 0.12554489973844812, (11, 3): 0.1350844277673546, (11, 4): 0.14215202369200394, (11, 5): 0.15078534031413612, (11, 6): 0.1567773543821448, (11, 7): 0.1590281612368857, (11, 8): 0.1605351170568562, (11, 9): 0.1595567867036011, (11, 10): 0.15550755939524838, (11, 11): 0.15078534031413612, (11, 12): 0.14299900695134063, (11, 13): 0.13489461358313817, (11, 14): 0.1264266900790167, (11, 15): 0.11735941320293398, (11, 16): 0.10938093429548044, (12, 0): 0.1061555473645411, (12, 1): 0.11365430149960537, (12, 2): 0.12224108658743633, (12, 3): 0.12943820224719102, (12, 4): 0.13740458015267176, (12, 5): 0.1422924901185771, (12, 6): 0.14321233217304824, (12, 7): 0.15110178384050368, (12, 8): 0.15133998949027852, (12, 9): 0.15023474178403756, (12, 10): 0.1477680861980503, (12, 11): 0.14328358208955225, (12, 12): 0.13733905579399142, (12, 13): 0.12972972972972974, (12, 14): 0.12239694007649808, (12, 15): 0.11451292246520875, (12, 16): 0.10627306273062731, (13, 0): 0.10285714285714286, (13, 1): 0.11042944785276074, (13, 2): 0.11683569979716024, (13, 3): 0.12413793103448276, (13, 4): 0.13031674208144797, (13, 5): 0.13351877607788595, (13, 6): 0.13826212193951032, (13, 7): 0.13946731234866827, (13, 8): 0.14187192118226602, (13, 9): 0.13994169096209913, (13, 10): 0.13760152890587674, (13, 11): 0.13192853870819973, (13, 12): 0.12990527740189445, (13, 13): 0.12413793103448276, (13, 14): 0.11712078080520537, (13, 15): 0.11055662188099807, (13, 16): 0.10355987055016182, (14, 0): 0.09852890865549094, (14, 1): 0.10545587696814354, (14, 2): 0.1119751166407465, (14, 3): 0.11755102040816326, (14, 4): 0.12162162162162163, (14, 5): 0.12631578947368421, (14, 6): 0.12788632326820604, (14, 7): 0.13055303717135086, (14, 8): 0.13168724279835392, (14, 9): 0.13168724279835392, (14, 10): 0.12909009412819364, (14, 11): 0.12462137602769364, (14, 12): 0.1205525324403516, (14, 13): 0.11726384364820847, (14, 14): 0.11201866977829639, (14, 15): 0.10572687224669604, (14, 16): 0.09924190213645762, (15, 0): 0.09571286141575275, (15, 1): 0.10123022847100176, (15, 2): 0.10603829160530191, (15, 3): 0.1099236641221374, (15, 4): 0.11428571428571428, (15, 5): 0.11645774363121715, (15, 6): 0.11980033277870217, (15, 7): 0.12085606378514478, (15, 8): 0.1218274111675127, (15, 9): 0.12131423757371525, (15, 10): 0.12035102381947346, (15, 11): 0.11674098094852046, (15, 12): 0.11294117647058824, (15, 13): 0.10909090909090909, (15, 14): 0.10576569959603378, (15, 15): 0.10126582278481013, (15, 16): 0.0959040959040959, (16, 0): 0.09198339188757586, (16, 1): 0.09616026711185309, (16, 2): 0.09955063947459385, (16, 3): 0.10333692142088267, (16, 4): 0.10564930300807043, (16, 5): 0.10892586989409984, (16, 6): 0.1110682607018897, (16, 7): 0.11236831837690207, (16, 8): 0.11193159735717062, (16, 9): 0.11201866977829639, (16, 10): 0.11038712150249137, (16, 11): 0.10938093429548044, (16, 12): 0.10646950092421442, (16, 13): 0.10223642172523961, (16, 14): 0.09883321894303362, (16, 15): 0.09375, (16, 16): 0.09207161125319693}
betweenness centrality: {(0, 0): 0.0, (0, 1): 0.0014082070667858803, (0, 2): 0.0026915156520640453, (0, 3): 0.0011847210204573779, (0, 4): 0.003713268512725666, (0, 5): 0.006458383980418087, (0, 6): 0.005231652406308427, (0, 7): 0.0040410322085231345, (0, 8): 0.003354340653202771, (0, 9): 0.004388305587060868, (0, 10): 0.0034837416833986847, (0, 11): 0.004284369134963869, (0, 12): 0.004750444163977206, (0, 13): 0.006038742175278966, (0, 14): 0.0012983735314923447, (0, 15): 0.0013091412889107957, (0, 16): 0.0, (1, 0): 0.001199076732454307, (1, 1): 0.009631371980459597, (1, 2): 0.009698787344339044, (1, 3): 0.016769729147316448, (1, 4): 0.010198541046479425, (1, 5): 0.013950153134721177, (1, 6): 0.01760810507415166, (1, 7): 0.017829632026080504, (1, 8): 0.01621833295572595, (1, 9): 0.012743515231614105, (1, 10): 0.020246979857132166, (1, 11): 0.012090762100624437, (1, 12): 0.014061232636817881, (1, 13): 0.00819419705520034, (1, 14): 0.013686911710669604, (1, 15): 0.010248742908988471, (1, 16): 0.0005001373788057331, (2, 0): 0.00334166752489452, (2, 1): 0.006943375245717395, (2, 2): 0.022041906761616412, (2, 3): 0.019842856081638816, (2, 4): 0.026759909671111377, (2, 5): 0.01305908616489472, (2, 6): 0.020429453842996576, (2, 7): 0.030697759751550723, (2, 8): 0.024289290507304634, (2, 9): 0.03387106375212439, (2, 10): 0.01518001517380079, (2, 11): 0.037684070319514054, (2, 12): 0.00850314125663056, (2, 13): 0.017283498147647982, (2, 14): 0.019881265650443413, (2, 15): 0.011831064233560826, (2, 16): 0.0019978056371251895, (3, 0): 0.0040844334179014775, (3, 1): 0.016482457768535453, (3, 2): 0.01063433112452463, (3, 3): 0.032269446452101926, (3, 4): 0.033644074953215974, (3, 5): 0.0402426386658137, (3, 6): 0.02580282292775221, (3, 7): 0.025392888097671158, (3, 8): 0.04500052305535538, (3, 9): 0.02476637386291212, (3, 10): 0.04628748209798521, (3, 11): 0.015502332482900361, (3, 12): 0.032872251428905735, (3, 13): 0.02592148638958581, (3, 14): 0.023914052303509653, (3, 15): 0.01496544243807141, (3, 16): 0.0015616287941798825, (4, 0): 0.0037858618048307686, (4, 1): 0.01683753673307368, (4, 2): 0.023748923899966252, (4, 3): 0.020473039913084412, (4, 4): 0.04753769519881493, (4, 5): 0.032029887617998506, (4, 6): 0.04776108385737789, (4, 7): 0.0463401571880012, (4, 8): 0.024439274798399236, (4, 9): 0.05318280120054663, (4, 10): 0.023533025434696448, (4, 11): 0.04810427353614224, (4, 12): 0.033302530282803666, (4, 13): 0.029434613211812875, (4, 14): 0.023957211769866323, (4, 15): 0.012122004734371573, (4, 16): 0.0019707392130997466, (5, 0): 0.0026864499345236595, (5, 1): 0.018323065972942493, (5, 2): 0.02382902222724631, (5, 3): 0.04511387079797924, (5, 4): 0.007794659362698016, (5, 5): 0.0455998866750156, (5, 6): 0.05532430025184935, (5, 7): 0.05875376817272888, (5, 8): 0.04514552010583762, (5, 9): 0.03671857974885795, (5, 10): 0.05170832818217974, (5, 11): 0.040653199425509504, (5, 12): 0.04348228981599278, (5, 13): 0.037782080186533874, (5, 14): 0.013048036693401235, (5, 15): 0.019791671316336547, (5, 16): 0.0025413700317896025, (6, 0): 0.002190433641327632, (6, 1): 0.0184330322109578, (6, 2): 0.030994289615056795, (6, 3): 0.03102021215717559, (6, 4): 0.03661114468050338, (6, 5): 0.028613232775632012, (6, 6): 0.046805786388066935, (6, 7): 0.0366474552441997, (6, 8): 0.06779426961309151, (6, 9): 0.05829437817987909, (6, 10): 0.044579497509024735, (6, 11): 0.036308218813169216, (6, 12): 0.04147004567255209, (6, 13): 0.025489717177685584, (6, 14): 0.03832034815352701, (6, 15): 0.01573900347167323, (6, 16): 0.0017284391974636683, (7, 0): 0.00428870196863769, (7, 1): 0.012757555547177233, (7, 2): 0.0341401484517195, (7, 3): 0.029033355993276437, (7, 4): 0.05212996656338711, (7, 5): 0.04114323701469696, (7, 6): 0.04027000331139252, (7, 7): 0.07141203171126144, (7, 8): 0.05198947066249819, (7, 9): 0.0644100414430501, (7, 10): 0.05724972415506435, (7, 11): 0.05038360056701951, (7, 12): 0.04046484193842581, (7, 13): 0.04261312205043286, (7, 14): 0.030039401855062774, (7, 15): 0.007181949136641925, (7, 16): 0.0027405360471350966, (8, 0): 0.006693215578347296, (8, 1): 0.015265407398088708, (8, 2): 0.019411799368109356, (8, 3): 0.03852160114435363, (8, 4): 0.043102763723804734, (8, 5): 0.037272055075149566, (8, 6): 0.05961129078841993, (8, 7): 0.05248232278792889, (8, 8): 0.07049224327671669, (8, 9): 0.04448268151905196, (8, 10): 0.06748312934879791, (8, 11): 0.03307221719958778, (8, 12): 0.04603647898340475, (8, 13): 0.043648502568423356, (8, 14): 0.01595871554589103, (8, 15): 0.015910562339480534, (8, 16): 0.003381206014737383, (9, 0): 0.005706879060471422, (9, 1): 0.02362578077600328, (9, 2): 0.012431865928954967, (9, 3): 0.04003462474351351, (9, 4): 0.02820349578906542, (9, 5): 0.05706498849338143, (9, 6): 0.05178302331135021, (9, 7): 0.0628242220667119, (9, 8): 0.05946245524062985, (9, 9): 0.06910651086629092, (9, 10): 0.005008347133819665, (9, 11): 0.05505575656209251, (9, 12): 0.0492932113232946, (9, 13): 0.028463907745734995, (9, 14): 0.03380212522636838, (9, 15): 0.01280430831411886, (9, 16): 0.004648492756998502, (10, 0): 0.002547354469504268, (10, 1): 0.019185942163716396, (10, 2): 0.03173255577002589, (10, 3): 0.016234231364227816, (10, 4): 0.04997580239040981, (10, 5): 0.0417975748066827, (10, 6): 0.05758256773611985, (10, 7): 0.05661746857974775, (10, 8): 0.053482101313890945, (10, 9): 0.04682263936110504, (10, 10): 0.07307245952200432, (10, 11): 0.018241570698230236, (10, 12): 0.04678776876857148, (10, 13): 0.04473572302019069, (10, 14): 0.018266641637578976, (10, 15): 0.01825229406583909, (10, 16): 0.0032491341754901505, (11, 0): 0.004629473437857085, (11, 1): 0.01192170403782983, (11, 2): 0.02449761890553704, (11, 3): 0.04433432299387411, (11, 4): 0.01223001374105057, (11, 5): 0.060481690133025144, (11, 6): 0.05551390253429235, (11, 7): 0.030655303581241487, (11, 8): 0.04828185434721475, (11, 9): 0.05181664491797716, (11, 10): 0.04053560508479215, (11, 11): 0.047682437374232105, (11, 12): 0.03094982656420027, (11, 13): 0.023140706307550753, (11, 14): 0.026771578486787115, (11, 15): 0.010004935311696385, (11, 16): 0.005438467762352549, (12, 0): 0.0034918958728020148, (12, 1): 0.015676295925102966, (12, 2): 0.022864796375468215, (12, 3): 0.020387349546732693, (12, 4): 0.04403536212300826, (12, 5): 0.027968026980878743, (12, 6): 0.017941522511168654, (12, 7): 0.06013446392217688, (12, 8): 0.018048073480820978, (12, 9): 0.024087004072709032, (12, 10): 0.036096567677719155, (12, 11): 0.05014661348148918, (12, 12): 0.04436458711404852, (12, 13): 0.030596629535245484, (12, 14): 0.02288168161755765, (12, 15): 0.019977052037698784, (12, 16): 0.001388293213727083, (13, 0): 0.004861917249376029, (13, 1): 0.008816523732981389, (13, 2): 0.019000975924697176, (13, 3): 0.029848941239683, (13, 4): 0.03789888088339307, (13, 5): 0.022898615065265332, (13, 6): 0.03429181903184087, (13, 7): 0.028494320735268263, (13, 8): 0.04049240302898807, (13, 9): 0.025749061766107962, (13, 10): 0.01879777630111533, (13, 11): 0.013462926835616708, (13, 12): 0.03964727862330271, (13, 13): 0.028911320570918244, (13, 14): 0.02293006505268629, (13, 15): 0.007559736921699144, (13, 16): 0.005223021351187846, (14, 0): 0.0009648290928862175, (14, 1): 0.01116644652880472, (14, 2): 0.020988498145652748, (14, 3): 0.02324772734639687, (14, 4): 0.021288190560863746, (14, 5): 0.03346639320808418, (14, 6): 0.01086765792588794, (14, 7): 0.033801270864733834, (14, 8): 0.032126314196646466, (14, 9): 0.04242948745118771, (14, 10): 0.036837160691741096, (14, 11): 0.020100658506338714, (14, 12): 0.014195209202352793, (14, 13): 0.02138703580780642, (14, 14): 0.018572501811228864, (14, 15): 0.01564521562771775, (14, 16): 0.001061957798775902, (15, 0): 0.0012697192925340145, (15, 1): 0.010945671128605722, (15, 2): 0.009566526586748881, (15, 3): 0.013149633516281223, (15, 4): 0.017247208553647853, (15, 5): 0.01130230091294386, (15, 6): 0.022445919962171948, (15, 7): 0.01589164715164832, (15, 8): 0.021261785501500107, (15, 9): 0.015021636637277272, (15, 10): 0.026498111689717063, (15, 11): 0.012808751045908819, (15, 12): 0.016373599317943015, (15, 13): 0.016048736225484042, (15, 14): 0.0033383017170126217, (15, 15): 0.009464199822870294, (15, 16): 0.004081293169960749, (16, 0): 0.0, (16, 1): 0.0005396891026223693, (16, 2): 0.0021406725813048416, (16, 3): 0.002062854977938821, (16, 4): 0.001722129375627182, (16, 5): 0.004582312798027569, (16, 6): 0.005209911524850602, (16, 7): 0.0036246461103111925, (16, 8): 0.002170745804209884, (16, 9): 0.0051083077143677155, (16, 10): 0.0013969639480684722, (16, 11): 0.004850772210813696, (16, 12): 0.004651206038332353, (16, 13): 0.002592121552457276, (16, 14): 0.005385599899189176, (16, 15): 0.0005642353174063042, (16, 16): 4.9291972152422154e-05}
katz centrality: {(0, 0): 0.032462133626445976, (0, 1): 0.041719873380338585, (0, 2): 0.044145874050328784, (0, 3): 0.03894876669320325, (0, 4): 0.04393563063062632, (0, 5): 0.04403675036295027, (0, 6): 0.04487776609855994, (0, 7): 0.04498821190784171, (0, 8): 0.03953796667194737, (0, 9): 0.044916486866080366, (0, 10): 0.04487232904931278, (0, 11): 0.04437290739804575, (0, 12): 0.04357381596485008, (0, 13): 0.043423239982625386, (0, 14): 0.038376625852102206, (0, 15): 0.04049406828372986, (0, 16): 0.02806454349153321, (1, 0): 0.04166794041111867, (1, 1): 0.057115027638138374, (1, 2): 0.05768926324248995, (1, 3): 0.06186731471425361, (1, 4): 0.055420352701959615, (1, 5): 0.05496462699903233, (1, 6): 0.057050632364460306, (1, 7): 0.06361894451645064, (1, 8): 0.06067831459213469, (1, 9): 0.057737528594236885, (1, 10): 0.062220234918307776, (1, 11): 0.05535763788159281, (1, 12): 0.053586561331529906, (1, 13): 0.05487931821984285, (1, 14): 0.05969758362306464, (1, 15): 0.056032871796738104, (1, 16): 0.03865056323899632, (2, 0): 0.044915024340841214, (2, 1): 0.0563488502905583, (2, 2): 0.06808282220439811, (2, 3): 0.06349437531201949, (2, 4): 0.06283756747264672, (2, 5): 0.0573690755242561, (2, 6): 0.06352950873275252, (2, 7): 0.07037202019215155, (2, 8): 0.07103652976979416, (2, 9): 0.06999492923992742, (2, 10): 0.057023155975521655, (2, 11): 0.06380887934349593, (2, 12): 0.04633131968998208, (2, 13): 0.05299552560305285, (2, 14): 0.0650666411684595, (2, 15): 0.06158905048923147, (2, 16): 0.044271146985399676, (3, 0): 0.04597673000269858, (3, 1): 0.0639232002310341, (3, 2): 0.06461148843179765, (3, 3): 0.07166020734882571, (3, 4): 0.07149380964160586, (3, 5): 0.07148179296166988, (3, 6): 0.06526495459998947, (3, 7): 0.06601917233368314, (3, 8): 0.0724036501773863, (3, 9): 0.06542224321710677, (3, 10): 0.0693091403199218, (3, 11): 0.05601306373954941, (3, 12): 0.0541291847436898, (3, 13): 0.053924417567034894, (3, 14): 0.06573271375062556, (3, 15): 0.06169643580014046, (3, 16): 0.04062405369402624, (4, 0): 0.04642701614471072, (4, 1): 0.06403471418497728, (4, 2): 0.06471686187549476, (4, 3): 0.06608420832636296, (4, 4): 0.07116244538906738, (4, 5): 0.06672992924634602, (4, 6): 0.07231214417517078, (4, 7): 0.06673658033268373, (4, 8): 0.05968279512202815, (4, 9): 0.07065373673162402, (4, 10): 0.05783881353473965, (4, 11): 0.06821808658238906, (4, 12): 0.06270803803639377, (4, 13): 0.06221337976651174, (4, 14): 0.06115778344633395, (4, 15): 0.054565408830626765, (4, 16): 0.03983906480183738, (5, 0): 0.04220316440278188, (5, 1): 0.06401385779075126, (5, 2): 0.06435632813563966, (5, 3): 0.06872244760633436, (5, 4): 0.0489046463436994, (5, 5): 0.06242891758096567, (5, 6): 0.06903673328012686, (5, 7): 0.07130486658137868, (5, 8): 0.06690578734423824, (5, 9): 0.06613724124663893, (5, 10): 0.06471920151931633, (5, 11): 0.06393837189240922, (5, 12): 0.06940655720300645, (5, 13): 0.06924800877817264, (5, 14): 0.05563301687203133, (5, 15): 0.05901136709395881, (5, 16): 0.03899894145878369, (6, 0): 0.041321388826390824, (6, 1): 0.0634375610725155, (6, 2): 0.06952304843013793, (6, 3): 0.06362894911045297, (6, 4): 0.05472949361762454, (6, 5): 0.04788466440813773, (6, 6): 0.05729528892275775, (6, 7): 0.061556446718963875, (6, 8): 0.07540439508295334, (6, 9): 0.07501976351021138, (6, 10): 0.06671221990844216, (6, 11): 0.0523941004865842, (6, 12): 0.06566230730494059, (6, 13): 0.06556478434779933, (6, 14): 0.0660157259698452, (6, 15): 0.05245507902654978, (6, 16): 0.037330155698715964, (7, 0): 0.04460751445702731, (7, 1): 0.05703646010875005, (7, 2): 0.06719535373881204, (7, 3): 0.06272103190325949, (7, 4): 0.06492329283785744, (7, 5): 0.05456818786207171, (7, 6): 0.06368100768080291, (7, 7): 0.07449820486130168, (7, 8): 0.07752076486821108, (7, 9): 0.07698238086372548, (7, 10): 0.07169714943372402, (7, 11): 0.06450959578353217, (7, 12): 0.06949000609139903, (7, 13): 0.0703472541182227, (7, 14): 0.06135948917754275, (7, 15): 0.042419765449310316, (7, 16): 0.035296850582476745, (8, 0): 0.04455073080046219, (8, 1): 0.0556105089272903, (8, 2): 0.054462205656297176, (8, 3): 0.06141527734455275, (8, 4): 0.06194369707962035, (8, 5): 0.05822313221799077, (8, 6): 0.06840122816181007, (8, 7): 0.07814909322826888, (8, 8): 0.07885532911438456, (8, 9): 0.07062354046743761, (8, 10): 0.06987215141702645, (8, 11): 0.056739247065416644, (8, 12): 0.0651495283583411, (8, 13): 0.07041474861428935, (8, 14): 0.055697456483205614, (8, 15): 0.04898134838065136, (8, 16): 0.036645010815327186, (9, 0): 0.04435392753379017, (9, 1): 0.059780402142900035, (9, 2): 0.0537809876712931, (9, 3): 0.060749482921250104, (9, 4): 0.05803921447356698, (9, 5): 0.07271807087435707, (9, 6): 0.07680754439883876, (9, 7): 0.0794716778775959, (9, 8): 0.07813668048487973, (9, 9): 0.06905245365756076, (9, 10): 0.0437321838034833, (9, 11): 0.0612664682605203, (9, 12): 0.0672160168131493, (9, 13): 0.06413269906743402, (9, 14): 0.0666365411987348, (9, 15): 0.055116688507750825, (9, 16): 0.042936725847528806, (10, 0): 0.038820002631314555, (10, 1): 0.060659136001070604, (10, 2): 0.061448027372618355, (10, 3): 0.05659212778393061, (10, 4): 0.07015700265205471, (10, 5): 0.07301068389060007, (10, 6): 0.07647971103422477, (10, 7): 0.07750335186867605, (10, 8): 0.07626534565001185, (10, 9): 0.06732751814999786, (10, 10): 0.06532547645700541, (10, 11): 0.04317426103681888, (10, 12): 0.06051158385591662, (10, 13): 0.06665313703789175, (10, 14): 0.06062693996115313, (10, 15): 0.06062389910010791, (10, 16): 0.04388181683658669, (11, 0): 0.039288065800520536, (11, 1): 0.05568217458923404, (11, 2): 0.06931927743417106, (11, 3): 0.07039031813140056, (11, 4): 0.0574057141942725, (11, 5): 0.06854591941630517, (11, 6): 0.06583516702751654, (11, 7): 0.0667862001534939, (11, 8): 0.07113269722533477, (11, 9): 0.06912438224771536, (11, 10): 0.060119650942606594, (11, 11): 0.05533935163648694, (11, 12): 0.054962971320563464, (11, 13): 0.05142669958825635, (11, 14): 0.05689942373884555, (11, 15): 0.05208851612590206, (11, 16): 0.04393384394971318, (12, 0): 0.04492778805118062, (12, 1): 0.06435523648677537, (12, 2): 0.07199378571166033, (12, 3): 0.06795347343015679, (12, 4): 0.06491527790027708, (12, 5): 0.05124259523356959, (12, 6): 0.04229454739567214, (12, 7): 0.06066471384343203, (12, 8): 0.05586252005087886, (12, 9): 0.05367444545427779, (12, 10): 0.05741767371217632, (12, 11): 0.05936935135100116, (12, 12): 0.06653128521129906, (12, 13): 0.0692715998778431, (12, 14): 0.06718089506474897, (12, 15): 0.0605192715118465, (12, 16): 0.03810644108782447, (13, 0): 0.044907227917145146, (13, 1): 0.06092668088326699, (13, 2): 0.07238886964571083, (13, 3): 0.07480333168102357, (13, 4): 0.07160537896246047, (13, 5): 0.06049326731299046, (13, 6): 0.0534306195955925, (13, 7): 0.056357172796969154, (13, 8): 0.053124266749670516, (13, 9): 0.04596441972213796, (13, 10): 0.04646664093267333, (13, 11): 0.04960045421886799, (13, 12): 0.06873744491934164, (13, 13): 0.07248648436576594, (13, 14): 0.07037229973474593, (13, 15): 0.05462616086942001, (13, 16): 0.0378666397124008, (14, 0): 0.038132086533480915, (14, 1): 0.05661199238188346, (14, 2): 0.06996341380344999, (14, 3): 0.07316228724402761, (14, 4): 0.07193233527762835, (14, 5): 0.06743272671006713, (14, 6): 0.04920329245334277, (14, 7): 0.06294527306192982, (14, 8): 0.05779052003518761, (14, 9): 0.057620047454353354, (14, 10): 0.06017642225220028, (14, 11): 0.054386587475242984, (14, 12): 0.062054307495731764, (14, 13): 0.06955588436280045, (14, 14): 0.06704263215628438, (14, 15): 0.05892157430388587, (14, 16): 0.03700061538558713, (15, 0): 0.040057664909012414, (15, 1): 0.055625485291903976, (15, 2): 0.057147018888154676, (15, 3): 0.06484997718366457, (15, 4): 0.06481405216331931, (15, 5): 0.05804383668386621, (15, 6): 0.06068598981660694, (15, 7): 0.05499084335333647, (15, 8): 0.059751530983728, (15, 9): 0.056157418144557165, (15, 10): 0.05861518061065246, (15, 11): 0.04883497912865356, (15, 12): 0.060563570420771415, (15, 13): 0.06109415435966307, (15, 14): 0.04908945534083604, (15, 15): 0.050161813390862314, (15, 16): 0.03893763161385809, (16, 0): 0.02798016450357805, (16, 1): 0.03810842554441373, (16, 2): 0.04413559152020214, (16, 3): 0.04150651345902048, (16, 4): 0.04172006464597901, (16, 5): 0.0453742855940757, (16, 6): 0.044360417796121515, (16, 7): 0.04039072767846571, (16, 8): 0.03986547932646103, (16, 9): 0.043636505948124675, (16, 10): 0.037856955580983946, (16, 11): 0.04336439528754446, (16, 12): 0.043654772299519126, (16, 13): 0.03857212896369463, (16, 14): 0.03629029772212872, (16, 15): 0.028956385672202968, (16, 16): 0.030217432551178754}
;
