144 385 3
4 2 1
0 2 1
12
param Vertices :=
1 0.0
2 0.1
3 0.2
4 0.3
5 0.4
6 0.5
7 0.6
8 0.7
9 0.8
10 0.9
11 0.10
12 0.11
13 1.0
14 1.1
15 1.2
16 1.3
17 1.4
18 1.5
19 1.6
20 1.7
21 1.8
22 1.9
23 1.10
24 1.11
25 2.0
26 2.1
27 2.2
28 2.3
29 2.4
30 2.5
31 2.6
32 2.7
33 2.8
34 2.9
35 2.10
36 2.11
37 3.0
38 3.1
39 3.2
40 3.3
41 3.4
42 3.5
43 3.6
44 3.7
45 3.8
46 3.9
47 3.10
48 3.11
49 4.0
50 4.1
51 4.2
52 4.3
53 4.4
54 4.5
55 4.6
56 4.7
57 4.8
58 4.9
59 4.10
60 4.11
61 5.0
62 5.1
63 5.2
64 5.3
65 5.4
66 5.5
67 5.6
68 5.7
69 5.8
70 5.9
71 5.10
72 5.11
73 6.0
74 6.1
75 6.2
76 6.3
77 6.4
78 6.5
79 6.6
80 6.7
81 6.8
82 6.9
83 6.10
84 6.11
85 7.0
86 7.1
87 7.2
88 7.3
89 7.4
90 7.5
91 7.6
92 7.7
93 7.8
94 7.9
95 7.10
96 7.11
97 8.0
98 8.1
99 8.2
100 8.3
101 8.4
102 8.5
103 8.6
104 8.7
105 8.8
106 8.9
107 8.10
108 8.11
109 9.0
110 9.1
111 9.2
112 9.3
113 9.4
114 9.5
115 9.6
116 9.7
117 9.8
118 9.9
119 9.10
120 9.11
121 10.0
122 10.1
123 10.2
124 10.3
125 10.4
126 10.5
127 10.6
128 10.7
129 10.8
130 10.9
131 10.10
132 10.11
133 11.0
134 11.1
135 11.2
136 11.3
137 11.4
138 11.5
139 11.6
140 11.7
141 11.8
142 11.9
143 11.10
144 11.11
;
param Edges :=
1 13
1 2
1 14
2 14
2 3
2 15
2 13
3 15
3 16
3 14
4 16
4 5
5 17
5 6
5 18
5 16
6 18
6 7
6 19
6 17
7 8
7 18
8 9
8 21
9 21
9 10
9 22
10 22
10 11
10 23
10 21
11 23
11 12
11 24
12 24
12 23
13 25
13 14
14 26
14 15
14 27
14 25
15 27
15 16
15 28
15 26
16 28
16 17
17 29
17 18
17 30
17 28
18 30
18 19
18 31
18 29
19 31
19 20
19 32
20 32
20 33
21 33
21 34
21 32
22 23
23 35
23 24
23 36
24 36
24 35
25 37
25 26
25 38
26 38
26 27
27 28
27 40
27 38
28 40
28 29
28 41
28 39
29 41
29 30
29 42
29 40
30 42
30 31
30 43
30 41
31 43
31 32
31 44
31 42
32 44
32 33
32 45
32 43
33 45
33 34
33 46
33 44
34 46
34 35
34 47
34 45
35 36
35 48
36 48
37 49
37 38
38 50
38 39
38 49
39 40
39 52
39 50
40 52
40 53
40 51
41 53
41 42
41 54
42 54
42 43
43 55
43 44
43 54
44 45
44 57
44 55
45 57
45 46
45 58
45 56
46 58
46 59
46 57
47 59
47 60
47 58
48 60
48 59
49 50
49 62
50 62
50 51
50 63
50 61
51 63
51 52
51 62
52 64
52 53
52 63
53 54
53 64
54 66
54 55
55 56
55 66
56 68
56 57
56 69
57 69
57 70
57 68
58 70
58 71
59 71
59 60
59 72
60 72
60 71
61 73
61 62
61 74
62 63
62 75
62 73
63 64
63 76
64 76
64 65
64 77
64 75
65 77
65 78
66 78
66 79
66 77
67 79
67 68
67 80
67 78
68 80
68 69
68 81
68 79
69 81
69 70
69 80
70 82
70 83
70 81
71 83
71 72
71 84
71 82
72 84
72 83
73 74
73 86
74 86
74 75
74 87
74 85
75 87
75 76
75 88
75 86
76 88
76 77
76 89
76 87
77 78
78 90
78 89
79 91
79 80
79 92
79 90
80 92
80 81
80 93
80 91
81 93
81 92
82 94
82 95
82 93
83 84
84 96
84 95
85 86
86 98
86 87
86 99
87 99
87 88
87 98
88 100
88 101
88 99
89 101
89 90
89 102
89 100
90 102
90 91
91 103
91 92
91 104
92 104
92 93
92 105
92 103
93 105
93 94
93 106
93 104
94 105
95 107
95 96
95 108
95 106
97 109
97 110
98 110
98 99
98 109
99 111
99 100
99 110
100 112
100 111
101 113
101 102
101 114
101 112
102 114
102 103
102 113
103 115
103 104
103 116
103 114
104 116
104 105
104 117
104 115
105 106
105 118
105 116
106 118
106 107
106 119
107 119
107 118
108 119
109 121
109 110
109 122
110 111
110 123
111 123
111 112
111 122
112 124
112 113
112 125
112 123
113 125
113 124
114 126
114 115
114 127
114 125
115 127
115 116
115 126
116 128
116 117
116 129
116 127
117 130
117 128
118 130
118 119
118 131
118 129
119 131
119 120
119 132
119 130
120 132
120 131
121 133
121 122
121 134
122 134
122 123
122 133
123 135
123 124
123 136
123 134
124 136
124 135
125 137
125 126
125 136
126 138
126 127
126 139
127 138
128 141
128 139
129 141
129 130
130 131
130 141
131 144
132 144
132 143
133 134
134 135
136 137
137 138
138 139
139 140
140 141
141 142
142 143
143 144
;
param Grid_Label_Edges :=
0 0 1 0
0 0 0 1
0 0 1 1
0 1 1 1
0 1 0 2
0 1 1 2
0 1 1 0
0 2 1 2
0 2 1 3
0 2 1 1
0 3 1 3
0 3 0 4
0 4 1 4
0 4 0 5
0 4 1 5
0 4 1 3
0 5 1 5
0 5 0 6
0 5 1 6
0 5 1 4
0 6 0 7
0 6 1 5
0 7 0 8
0 7 1 8
0 8 1 8
0 8 0 9
0 8 1 9
0 9 1 9
0 9 0 10
0 9 1 10
0 9 1 8
0 10 1 10
0 10 0 11
0 10 1 11
0 11 1 11
0 11 1 10
1 0 2 0
1 0 1 1
1 1 2 1
1 1 1 2
1 1 2 2
1 1 2 0
1 2 2 2
1 2 1 3
1 2 2 3
1 2 2 1
1 3 2 3
1 3 1 4
1 4 2 4
1 4 1 5
1 4 2 5
1 4 2 3
1 5 2 5
1 5 1 6
1 5 2 6
1 5 2 4
1 6 2 6
1 6 1 7
1 6 2 7
1 7 2 7
1 7 2 8
1 8 2 8
1 8 2 9
1 8 2 7
1 9 1 10
1 10 2 10
1 10 1 11
1 10 2 11
1 11 2 11
1 11 2 10
2 0 3 0
2 0 2 1
2 0 3 1
2 1 3 1
2 1 2 2
2 2 2 3
2 2 3 3
2 2 3 1
2 3 3 3
2 3 2 4
2 3 3 4
2 3 3 2
2 4 3 4
2 4 2 5
2 4 3 5
2 4 3 3
2 5 3 5
2 5 2 6
2 5 3 6
2 5 3 4
2 6 3 6
2 6 2 7
2 6 3 7
2 6 3 5
2 7 3 7
2 7 2 8
2 7 3 8
2 7 3 6
2 8 3 8
2 8 2 9
2 8 3 9
2 8 3 7
2 9 3 9
2 9 2 10
2 9 3 10
2 9 3 8
2 10 2 11
2 10 3 11
2 11 3 11
3 0 4 0
3 0 3 1
3 1 4 1
3 1 3 2
3 1 4 0
3 2 3 3
3 2 4 3
3 2 4 1
3 3 4 3
3 3 4 4
3 3 4 2
3 4 4 4
3 4 3 5
3 4 4 5
3 5 4 5
3 5 3 6
3 6 4 6
3 6 3 7
3 6 4 5
3 7 3 8
3 7 4 8
3 7 4 6
3 8 4 8
3 8 3 9
3 8 4 9
3 8 4 7
3 9 4 9
3 9 4 10
3 9 4 8
3 10 4 10
3 10 4 11
3 10 4 9
3 11 4 11
3 11 4 10
4 0 4 1
4 0 5 1
4 1 5 1
4 1 4 2
4 1 5 2
4 1 5 0
4 2 5 2
4 2 4 3
4 2 5 1
4 3 5 3
4 3 4 4
4 3 5 2
4 4 4 5
4 4 5 3
4 5 5 5
4 5 4 6
4 6 4 7
4 6 5 5
4 7 5 7
4 7 4 8
4 7 5 8
4 8 5 8
4 8 5 9
4 8 5 7
4 9 5 9
4 9 5 10
4 10 5 10
4 10 4 11
4 10 5 11
4 11 5 11
4 11 5 10
5 0 6 0
5 0 5 1
5 0 6 1
5 1 5 2
5 1 6 2
5 1 6 0
5 2 5 3
5 2 6 3
5 3 6 3
5 3 5 4
5 3 6 4
5 3 6 2
5 4 6 4
5 4 6 5
5 5 6 5
5 5 6 6
5 5 6 4
5 6 6 6
5 6 5 7
5 6 6 7
5 6 6 5
5 7 6 7
5 7 5 8
5 7 6 8
5 7 6 6
5 8 6 8
5 8 5 9
5 8 6 7
5 9 6 9
5 9 6 10
5 9 6 8
5 10 6 10
5 10 5 11
5 10 6 11
5 10 6 9
5 11 6 11
5 11 6 10
6 0 6 1
6 0 7 1
6 1 7 1
6 1 6 2
6 1 7 2
6 1 7 0
6 2 7 2
6 2 6 3
6 2 7 3
6 2 7 1
6 3 7 3
6 3 6 4
6 3 7 4
6 3 7 2
6 4 6 5
6 5 7 5
6 5 7 4
6 6 7 6
6 6 6 7
6 6 7 7
6 6 7 5
6 7 7 7
6 7 6 8
6 7 7 8
6 7 7 6
6 8 7 8
6 8 7 7
6 9 7 9
6 9 7 10
6 9 7 8
6 10 6 11
6 11 7 11
6 11 7 10
7 0 7 1
7 1 8 1
7 1 7 2
7 1 8 2
7 2 8 2
7 2 7 3
7 2 8 1
7 3 8 3
7 3 8 4
7 3 8 2
7 4 8 4
7 4 7 5
7 4 8 5
7 4 8 3
7 5 8 5
7 5 7 6
7 6 8 6
7 6 7 7
7 6 8 7
7 7 8 7
7 7 7 8
7 7 8 8
7 7 8 6
7 8 8 8
7 8 7 9
7 8 8 9
7 8 8 7
7 9 8 8
7 10 8 10
7 10 7 11
7 10 8 11
7 10 8 9
8 0 9 0
8 0 9 1
8 1 9 1
8 1 8 2
8 1 9 0
8 2 9 2
8 2 8 3
8 2 9 1
8 3 9 3
8 3 9 2
8 4 9 4
8 4 8 5
8 4 9 5
8 4 9 3
8 5 9 5
8 5 8 6
8 5 9 4
8 6 9 6
8 6 8 7
8 6 9 7
8 6 9 5
8 7 9 7
8 7 8 8
8 7 9 8
8 7 9 6
8 8 8 9
8 8 9 9
8 8 9 7
8 9 9 9
8 9 8 10
8 9 9 10
8 10 9 10
8 10 9 9
8 11 9 10
9 0 10 0
9 0 9 1
9 0 10 1
9 1 9 2
9 1 10 2
9 2 10 2
9 2 9 3
9 2 10 1
9 3 10 3
9 3 9 4
9 3 10 4
9 3 10 2
9 4 10 4
9 4 10 3
9 5 10 5
9 5 9 6
9 5 10 6
9 5 10 4
9 6 10 6
9 6 9 7
9 6 10 5
9 7 10 7
9 7 9 8
9 7 10 8
9 7 10 6
9 8 10 9
9 8 10 7
9 9 10 9
9 9 9 10
9 9 10 10
9 9 10 8
9 10 10 10
9 10 9 11
9 10 10 11
9 10 10 9
9 11 10 11
9 11 10 10
10 0 11 0
10 0 10 1
10 0 11 1
10 1 11 1
10 1 10 2
10 1 11 0
10 2 11 2
10 2 10 3
10 2 11 3
10 2 11 1
10 3 11 3
10 3 11 2
10 4 11 4
10 4 10 5
10 4 11 3
10 5 11 5
10 5 10 6
10 5 11 6
10 6 11 5
10 7 11 8
10 7 11 6
10 8 11 8
10 8 10 9
10 9 10 10
10 9 11 8
10 10 11 11
10 11 11 11
10 11 11 10
11 0 11 1
11 1 11 2
11 3 11 4
11 4 11 5
11 5 11 6
11 6 11 7
11 7 11 8
11 8 11 9
11 9 11 10
11 10 11 11
;
param Centralities :=
degree centrality: {(0, 0): 0.02097902097902098, (0, 1): 0.03496503496503497, (0, 2): 0.027972027972027972, (0, 3): 0.013986013986013986, (0, 4): 0.03496503496503497, (0, 5): 0.03496503496503497, (0, 6): 0.02097902097902098, (0, 7): 0.02097902097902098, (0, 8): 0.027972027972027972, (0, 9): 0.03496503496503497, (0, 10): 0.027972027972027972, (0, 11): 0.02097902097902098, (1, 0): 0.027972027972027972, (1, 1): 0.055944055944055944, (1, 2): 0.04895104895104895, (1, 3): 0.04195804195804196, (1, 4): 0.04895104895104895, (1, 5): 0.055944055944055944, (1, 6): 0.03496503496503497, (1, 7): 0.02097902097902098, (1, 8): 0.04195804195804196, (1, 9): 0.02097902097902098, (1, 10): 0.04895104895104895, (1, 11): 0.03496503496503497, (2, 0): 0.03496503496503497, (2, 1): 0.03496503496503497, (2, 2): 0.04195804195804196, (2, 3): 0.055944055944055944, (2, 4): 0.04895104895104895, (2, 5): 0.04895104895104895, (2, 6): 0.04895104895104895, (2, 7): 0.055944055944055944, (2, 8): 0.04895104895104895, (2, 9): 0.04195804195804196, (2, 10): 0.03496503496503497, (2, 11): 0.027972027972027972, (3, 0): 0.02097902097902098, (3, 1): 0.04895104895104895, (3, 2): 0.03496503496503497, (3, 3): 0.04895104895104895, (3, 4): 0.04195804195804196, (3, 5): 0.04195804195804196, (3, 6): 0.04895104895104895, (3, 7): 0.04895104895104895, (3, 8): 0.055944055944055944, (3, 9): 0.04195804195804196, (3, 10): 0.027972027972027972, (3, 11): 0.027972027972027972, (4, 0): 0.027972027972027972, (4, 1): 0.04895104895104895, (4, 2): 0.03496503496503497, (4, 3): 0.04195804195804196, (4, 4): 0.03496503496503497, (4, 5): 0.04195804195804196, (4, 6): 0.03496503496503497, (4, 7): 0.03496503496503497, (4, 8): 0.04895104895104895, (4, 9): 0.03496503496503497, (4, 10): 0.04195804195804196, (4, 11): 0.03496503496503497, (5, 0): 0.027972027972027972, (5, 1): 0.04895104895104895, (5, 2): 0.04195804195804196, (5, 3): 0.04895104895104895, (5, 4): 0.02097902097902098, (5, 5): 0.03496503496503497, (5, 6): 0.027972027972027972, (5, 7): 0.04895104895104895, (5, 8): 0.04195804195804196, (5, 9): 0.04195804195804196, (5, 10): 0.04895104895104895, (5, 11): 0.03496503496503497, (6, 0): 0.027972027972027972, (6, 1): 0.04195804195804196, (6, 2): 0.04895104895104895, (6, 3): 0.04895104895104895, (6, 4): 0.03496503496503497, (6, 5): 0.04195804195804196, (6, 6): 0.04895104895104895, (6, 7): 0.055944055944055944, (6, 8): 0.04195804195804196, (6, 9): 0.03496503496503497, (6, 10): 0.027972027972027972, (6, 11): 0.03496503496503497, (7, 0): 0.013986013986013986, (7, 1): 0.04895104895104895, (7, 2): 0.04895104895104895, (7, 3): 0.04195804195804196, (7, 4): 0.04195804195804196, (7, 5): 0.03496503496503497, (7, 6): 0.04195804195804196, (7, 7): 0.055944055944055944, (7, 8): 0.055944055944055944, (7, 9): 0.02097902097902098, (7, 10): 0.04195804195804196, (7, 11): 0.013986013986013986, (8, 0): 0.013986013986013986, (8, 1): 0.03496503496503497, (8, 2): 0.04895104895104895, (8, 3): 0.03496503496503497, (8, 4): 0.04195804195804196, (8, 5): 0.04195804195804196, (8, 6): 0.04895104895104895, (8, 7): 0.055944055944055944, (8, 8): 0.04895104895104895, (8, 9): 0.04195804195804196, (8, 10): 0.027972027972027972, (8, 11): 0.013986013986013986, (9, 0): 0.03496503496503497, (9, 1): 0.04195804195804196, (9, 2): 0.04195804195804196, (9, 3): 0.04895104895104895, (9, 4): 0.03496503496503497, (9, 5): 0.04895104895104895, (9, 6): 0.04195804195804196, (9, 7): 0.055944055944055944, (9, 8): 0.027972027972027972, (9, 9): 0.04895104895104895, (9, 10): 0.055944055944055944, (9, 11): 0.02097902097902098, (10, 0): 0.027972027972027972, (10, 1): 0.04195804195804196, (10, 2): 0.055944055944055944, (10, 3): 0.03496503496503497, (10, 4): 0.04195804195804196, (10, 5): 0.04195804195804196, (10, 6): 0.03496503496503497, (10, 7): 0.027972027972027972, (10, 8): 0.027972027972027972, (10, 9): 0.04195804195804196, (10, 10): 0.03496503496503497, (10, 11): 0.027972027972027972, (11, 0): 0.02097902097902098, (11, 1): 0.03496503496503497, (11, 2): 0.02097902097902098, (11, 3): 0.027972027972027972, (11, 4): 0.02097902097902098, (11, 5): 0.027972027972027972, (11, 6): 0.027972027972027972, (11, 7): 0.013986013986013986, (11, 8): 0.03496503496503497, (11, 9): 0.013986013986013986, (11, 10): 0.02097902097902098, (11, 11): 0.02097902097902098}
eigenvector centrality: {(0, 0): 0.012998641566023282, (0, 1): 0.02469138419227916, (0, 2): 0.029013065561051172, (0, 3): 0.01945054768332926, (0, 4): 0.06089603806291895, (0, 5): 0.0666350974251103, (0, 6): 0.03355937602626466, (0, 7): 0.018590600690571085, (0, 8): 0.01737521959847024, (0, 9): 0.01733295800764082, (0, 10): 0.006645168758240964, (0, 11): 0.0042498110359867475, (1, 0): 0.016126367502126128, (1, 1): 0.040240571445030376, (1, 2): 0.05559472609102325, (1, 3): 0.06039662323950775, (1, 4): 0.1092133789761474, (1, 5): 0.12404998744229292, (1, 6): 0.0878162944067483, (1, 7): 0.05778455157510571, (1, 8): 0.06499711194943075, (1, 9): 0.007432237152589764, (1, 10): 0.011639724495139664, (1, 11): 0.008217255761433204, (2, 0): 0.02263195250069663, (2, 1): 0.03401555118897063, (2, 2): 0.055865247013883665, (2, 3): 0.10246254151276626, (2, 4): 0.12540293689816764, (2, 5): 0.14120814210258556, (2, 6): 0.1488427504689717, (2, 7): 0.15031149943885722, (2, 8): 0.12221970082370888, (2, 9): 0.07949655740796789, (2, 10): 0.019847464594076752, (2, 11): 0.008861356579962685, (3, 0): 0.012962620199050156, (3, 1): 0.037785933169952775, (3, 2): 0.049848178572339134, (3, 3): 0.07827301605318794, (3, 4): 0.10435813595290737, (3, 5): 0.12244465619787087, (3, 6): 0.14626135239562735, (3, 7): 0.15609484085379702, (3, 8): 0.15333452018660645, (3, 9): 0.10015319538167375, (3, 10): 0.03519652525264788, (3, 11): 0.015555881069770969, (4, 0): 0.020416210957560618, (4, 1): 0.039891230939867704, (4, 2): 0.04032462055015927, (4, 3): 0.05243868743064801, (4, 4): 0.061765823495869544, (4, 5): 0.09749211161034824, (4, 6): 0.09569695587236478, (4, 7): 0.11948876022280304, (4, 8): 0.15675287235106894, (4, 9): 0.07169382923901649, (4, 10): 0.04107026486930732, (4, 11): 0.027229537876315137, (5, 0): 0.0195252127380504, (5, 1): 0.03667519627846678, (5, 2): 0.044185879814454536, (5, 3): 0.05260999410052818, (5, 4): 0.026023210496289088, (5, 5): 0.07743763693760135, (5, 6): 0.1058009702898932, (5, 7): 0.18189717248926343, (5, 8): 0.1574711523669765, (5, 9): 0.10909748908558534, (5, 10): 0.04931173724418581, (5, 11): 0.028673462206220815, (6, 0): 0.01843590440098652, (6, 1): 0.026757543487187188, (6, 2): 0.045928450046956955, (6, 3): 0.053604979091295656, (6, 4): 0.04413264752390554, (6, 5): 0.06554204405638682, (6, 6): 0.18005003249297738, (6, 7): 0.23231199610410677, (6, 8): 0.18247728703694752, (6, 9): 0.07764899025990864, (6, 10): 0.03431136725492422, (6, 11): 0.02689017478079876, (7, 0): 0.009423686633448442, (7, 1): 0.032009642461706955, (7, 2): 0.04153994039953272, (7, 3): 0.04321754980699247, (7, 4): 0.06267335874571271, (7, 5): 0.0926666831776089, (7, 6): 0.18386432428183275, (7, 7): 0.2488593676462407, (7, 8): 0.208337774114927, (7, 9): 0.07346696240640871, (7, 10): 0.044025130955636926, (7, 11): 0.011371449706380508, (8, 0): 0.004926380310573715, (8, 1): 0.02236022798070789, (8, 2): 0.03517041347072789, (8, 3): 0.03336634929747852, (8, 4): 0.05990203044762617, (8, 5): 0.08576390155773957, (8, 6): 0.17792139327406864, (8, 7): 0.2148190165635107, (8, 8): 0.17217379714904785, (8, 9): 0.09749453730468453, (8, 10): 0.04491070050509752, (8, 11): 0.01623704828384994, (9, 0): 0.010679260930261638, (9, 1): 0.020042617789099902, (9, 2): 0.026792448940225855, (9, 3): 0.04022602255858094, (9, 4): 0.040301129861520506, (9, 5): 0.10138281560973685, (9, 6): 0.12545472627067517, (9, 7): 0.14942469489979932, (9, 8): 0.07363690041766868, (9, 9): 0.08132285896030236, (9, 10): 0.05723387168759609, (9, 11): 0.01695580832093922, (10, 0): 0.006051451722897769, (10, 1): 0.013217257740533662, (10, 2): 0.025061010565205284, (10, 3): 0.021050966774842587, (10, 4): 0.044385982919515274, (10, 5): 0.06374084902120904, (10, 6): 0.07508378668528767, (10, 7): 0.0434788398496475, (10, 8): 0.0492878941577404, (10, 9): 0.05149893657105166, (10, 10): 0.03455380465311594, (10, 11): 0.013953945156209383, (11, 0): 0.004575639782011491, (11, 1): 0.009266055521844339, (11, 2): 0.008880013340928168, (11, 3): 0.01681125575194606, (11, 4): 0.014341691980586086, (11, 5): 0.028241763816024206, (11, 6): 0.022957834375302823, (11, 7): 0.0077105703833922545, (11, 8): 0.025127662638837412, (11, 9): 0.004727553255511598, (11, 10): 0.004354829457014415, (11, 11): 0.008476579862192826}
closeness centrality: {(0, 0): 0.12733748886910062, (0, 1): 0.13803088803088803, (0, 2): 0.14386317907444668, (0, 3): 0.14788004136504654, (0, 4): 0.1573157315731573, (0, 5): 0.16067415730337078, (0, 6): 0.15783664459161148, (0, 7): 0.1535982814178303, (0, 8): 0.14958158995815898, (0, 9): 0.14621676891615543, (0, 10): 0.13289962825278812, (0, 11): 0.12434782608695652, (1, 0): 0.1336448598130841, (1, 1): 0.14547304170905392, (1, 2): 0.15853658536585366, (1, 3): 0.16455696202531644, (1, 4): 0.17249698431845598, (1, 5): 0.17897371714643304, (1, 6): 0.17396593673965938, (1, 7): 0.16923076923076924, (1, 8): 0.16803760282021152, (1, 9): 0.1364503816793893, (1, 10): 0.14158415841584157, (1, 11): 0.13503305004721436, (2, 0): 0.1420059582919563, (2, 1): 0.1527777777777778, (2, 2): 0.16686114352392065, (2, 3): 0.18309859154929578, (2, 4): 0.1881578947368421, (2, 5): 0.19246298788694483, (2, 6): 0.19350473612990526, (2, 7): 0.19246298788694483, (2, 8): 0.18451612903225806, (2, 9): 0.17125748502994012, (2, 10): 0.15442764578833693, (2, 11): 0.14047151277013753, (3, 0): 0.14547304170905392, (3, 1): 0.1623155505107832, (3, 2): 0.17610837438423646, (3, 3): 0.19117647058823528, (3, 4): 0.20457796852646637, (3, 5): 0.2042857142857143, (3, 6): 0.20998531571218795, (3, 7): 0.20998531571218795, (3, 8): 0.19642857142857142, (3, 9): 0.18404118404118405, (3, 10): 0.16342857142857142, (3, 11): 0.15036803364879076, (4, 0): 0.1573157315731573, (4, 1): 0.17610837438423646, (4, 2): 0.18380462724935734, (4, 3): 0.19751381215469613, (4, 4): 0.21279761904761904, (4, 5): 0.2259083728278041, (4, 6): 0.2237871674491393, (4, 7): 0.2143928035982009, (4, 8): 0.20906432748538012, (4, 9): 0.18619791666666666, (4, 10): 0.17208182912154033, (4, 11): 0.1581858407079646, (5, 0): 0.15871254162042175, (5, 1): 0.17919799498746866, (5, 2): 0.1953551912568306, (5, 3): 0.21153846153846154, (5, 4): 0.203125, (5, 5): 0.23597359735973597, (5, 6): 0.21633888048411498, (5, 7): 0.2176560121765601, (5, 8): 0.20845481049562684, (5, 9): 0.19669876203576342, (5, 10): 0.17897371714643304, (5, 11): 0.15942028985507245, (6, 0): 0.15871254162042175, (6, 1): 0.17312348668280872, (6, 2): 0.19778699861687413, (6, 3): 0.21343283582089553, (6, 4): 0.21601208459214502, (6, 5): 0.22698412698412698, (6, 6): 0.23404255319148937, (6, 7): 0.21932515337423314, (6, 8): 0.2042857142857143, (6, 9): 0.1919463087248322, (6, 10): 0.17208182912154033, (6, 11): 0.1601343784994401, (7, 0): 0.1506849315068493, (7, 1): 0.17291414752116083, (7, 2): 0.18890356671070013, (7, 3): 0.199442119944212, (7, 4): 0.22136222910216719, (7, 5): 0.22274143302180685, (7, 6): 0.22067901234567902, (7, 7): 0.22, (7, 8): 0.20545977011494254, (7, 9): 0.18333333333333332, (7, 10): 0.16943127962085308, (7, 11): 0.14926931106471816, (8, 0): 0.13567362428842505, (8, 1): 0.1651270207852194, (8, 2): 0.17698019801980197, (8, 3): 0.19482288828337874, (8, 4): 0.20457796852646637, (8, 5): 0.21375186846038863, (8, 6): 0.21122599704579026, (8, 7): 0.20664739884393063, (8, 8): 0.19724137931034483, (8, 9): 0.17987421383647798, (8, 10): 0.1623155505107832, (8, 11): 0.14895833333333333, (9, 0): 0.14591836734693878, (9, 1): 0.15611353711790393, (9, 2): 0.17208182912154033, (9, 3): 0.1794228356336261, (9, 4): 0.18766404199475065, (9, 5): 0.19642857142857142, (9, 6): 0.1922043010752688, (9, 7): 0.1904127829560586, (9, 8): 0.17852684144818975, (9, 9): 0.17146282973621102, (9, 10): 0.15714285714285714, (9, 11): 0.13658070678127984, (10, 0): 0.13606089438629876, (10, 1): 0.14942528735632185, (10, 2): 0.15748898678414097, (10, 3): 0.16380297823596793, (10, 4): 0.17333333333333334, (10, 5): 0.17786069651741293, (10, 6): 0.17786069651741293, (10, 7): 0.16627906976744186, (10, 8): 0.16608594657375145, (10, 9): 0.1580110497237569, (10, 10): 0.14895833333333333, (10, 11): 0.1368421052631579, (11, 0): 0.13047445255474452, (11, 1): 0.137104506232023, (11, 2): 0.14371859296482412, (11, 3): 0.15294117647058825, (11, 4): 0.1540948275862069, (11, 5): 0.15766262403528114, (11, 6): 0.15748898678414097, (11, 7): 0.14047151277013753, (11, 8): 0.14742268041237114, (11, 9): 0.12941176470588237, (11, 10): 0.12848158131176998, (11, 11): 0.13047445255474452}
betweenness centrality: {(0, 0): 0.0, (0, 1): 0.005152631937729867, (0, 2): 0.004165119348893147, (0, 3): 0.0, (0, 4): 0.011677740029043317, (0, 5): 0.009987170286790924, (0, 6): 0.015957682951471694, (0, 7): 0.013773431683914723, (0, 8): 0.009517355071708367, (0, 9): 0.025469785405712812, (0, 10): 0.0036467249755134552, (0, 11): 0.0, (1, 0): 0.0014837945296539178, (1, 1): 0.02181322736610794, (1, 2): 0.031196544284321583, (1, 3): 0.02786873411816609, (1, 4): 0.030582955110012085, (1, 5): 0.05352042686735271, (1, 6): 0.018427934239504045, (1, 7): 0.0020993260622886954, (1, 8): 0.062451515520647226, (1, 9): 0.0012004840095896027, (1, 10): 0.016987677571049967, (1, 11): 0.0062878253699893095, (2, 0): 0.01028167514711116, (2, 1): 0.005793147625160118, (2, 2): 0.03456137254072917, (2, 3): 0.08698534018738449, (2, 4): 0.04471487959203071, (2, 5): 0.03144110947343405, (2, 6): 0.05022332260451175, (2, 7): 0.07963810864507298, (2, 8): 0.03571789320903987, (2, 9): 0.05184133095182962, (2, 10): 0.03610705299274975, (2, 11): 0.00978970687923318, (3, 0): 0.002227259406094889, (3, 1): 0.039142728654194596, (3, 2): 0.026362607159365583, (3, 3): 0.06020613314054201, (3, 4): 0.061723101973148745, (3, 5): 0.021268703473530597, (3, 6): 0.06399196152973982, (3, 7): 0.08807629496268131, (3, 8): 0.0730003327653648, (3, 9): 0.0350974599126478, (3, 10): 0.006855355312224502, (3, 11): 0.027864174329646513, (4, 0): 0.014025671513217191, (4, 1): 0.043312147100685, (4, 2): 0.018044606595590176, (4, 3): 0.029427233317027842, (4, 4): 0.0644939819227423, (4, 5): 0.11747086885168874, (4, 6): 0.06620337052049928, (4, 7): 0.030643274241254116, (4, 8): 0.0861399527939753, (4, 9): 0.029960029319009474, (4, 10): 0.03162762384745475, (4, 11): 0.017246407314608584, (5, 0): 0.00866248742752347, (5, 1): 0.04290063033062795, (5, 2): 0.04959300081971693, (5, 3): 0.07167505274503064, (5, 4): 0.0036604733763057886, (5, 5): 0.1453724660407449, (5, 6): 0.02394332999980137, (5, 7): 0.05777922569578979, (5, 8): 0.022671400579010813, (5, 9): 0.05424934558716479, (5, 10): 0.056236178743804474, (5, 11): 0.007444688579758026, (6, 0): 0.006707182208730282, (6, 1): 0.01548632489902465, (6, 2): 0.07238594018502563, (6, 3): 0.10637820331483482, (6, 4): 0.041072136928359954, (6, 5): 0.06614396008154208, (6, 6): 0.11623717831425996, (6, 7): 0.04827161828851888, (6, 8): 0.03590023549214432, (6, 9): 0.07145457780987752, (6, 10): 0.007136565197428436, (6, 11): 0.020972445199295194, (7, 0): 0.0, (7, 1): 0.02812132097978766, (7, 2): 0.04102444065979094, (7, 3): 0.06189918356090608, (7, 4): 0.11733875765458836, (7, 5): 0.048910238215585246, (7, 6): 0.03631664438566493, (7, 7): 0.1007319664310641, (7, 8): 0.09326620062224802, (7, 9): 0.004688747785722403, (7, 10): 0.04854877398372297, (7, 11): 0.0, (8, 0): 0.0, (8, 1): 0.025892276529429614, (8, 2): 0.032143552677364046, (8, 3): 0.05020221212932997, (8, 4): 0.07357488424996775, (8, 5): 0.0757323791395071, (8, 6): 0.09503822229135489, (8, 7): 0.07063234486010987, (8, 8): 0.07014974571491284, (8, 9): 0.05726769615489949, (8, 10): 0.009155417133542692, (8, 11): 0.005581254995430856, (9, 0): 0.012287212997443897, (9, 1): 0.021592737218919307, (9, 2): 0.03785434906297856, (9, 3): 0.04322996710918102, (9, 4): 0.026785391353971483, (9, 5): 0.0744934974214512, (9, 6): 0.025608916532196425, (9, 7): 0.07120770162427663, (9, 8): 0.018680729246374938, (9, 9): 0.04085330182448419, (9, 10): 0.04561280715231664, (9, 11): 3.2831018746511706e-05, (10, 0): 0.0016999379292648147, (10, 1): 0.02089952064386921, (10, 2): 0.03653757125079123, (10, 3): 0.013007018598558533, (10, 4): 0.039589534764978056, (10, 5): 0.030489005845475474, (10, 6): 0.01660830529800434, (10, 7): 0.02046805718541136, (10, 8): 0.02018590352455276, (10, 9): 0.01952571398811504, (10, 10): 0.015281161189494026, (10, 11): 0.009994778836842142, (11, 0): 0.0, (11, 1): 0.004126430935254611, (11, 2): 0.0008571152011160034, (11, 3): 0.011739809081665786, (11, 4): 0.004353505666253072, (11, 5): 0.006026595761800225, (11, 6): 0.018092728431626945, (11, 7): 0.004079596909289708, (11, 8): 0.025721256812560378, (11, 9): 0.005841995113290721, (11, 10): 0.0016139606808387012, (11, 11): 0.0008734222250731678}
katz centrality: {(0, 0): 0.0588685926632997, (0, 1): 0.07405576444407827, (0, 2): 0.07058825092130307, (0, 3): 0.05167051346403741, (0, 4): 0.07790124895060634, (0, 5): 0.07822092298214836, (0, 6): 0.05939016968949629, (0, 7): 0.05577688316386603, (0, 8): 0.061850836824982616, (0, 9): 0.06977625364156656, (0, 10): 0.06275633387413065, (0, 11): 0.056413038088533686, (1, 0): 0.06563110331358127, (1, 1): 0.09655222041192345, (1, 2): 0.09647063866726117, (1, 3): 0.08635704722635366, (1, 4): 0.10286011508457528, (1, 5): 0.10745705228553463, (1, 6): 0.08215380534785706, (1, 7): 0.06474867168220617, (1, 8): 0.08408098666076735, (1, 9): 0.056427406320212196, (1, 10): 0.08020013427215875, (1, 11): 0.06872707427563342, (2, 0): 0.07438761715309727, (2, 1): 0.08029915232980313, (2, 2): 0.09277424616339647, (2, 3): 0.11163286671233952, (2, 4): 0.10726064170965673, (2, 5): 0.10732453251569936, (2, 6): 0.10701224811189287, (2, 7): 0.11165231995337431, (2, 8): 0.10123375305741628, (2, 9): 0.08807298150305375, (2, 10): 0.07173051637009639, (2, 11): 0.06372388168800058, (3, 0): 0.05858689457331194, (3, 1): 0.09035996243893907, (3, 2): 0.08357693941270851, (3, 3): 0.09998078261028444, (3, 4): 0.09460141778574485, (3, 5): 0.0963028116389756, (3, 6): 0.10530420007719979, (3, 7): 0.1074809208368744, (3, 8): 0.11206177529611548, (3, 9): 0.09179303617835717, (3, 10): 0.06738290900437088, (3, 11): 0.0641342534987033, (4, 0): 0.06867452767766898, (4, 1): 0.09285340861599035, (4, 2): 0.08165250926399654, (4, 3): 0.08849553528611792, (4, 4): 0.08196824909121461, (4, 5): 0.08907823772614838, (4, 6): 0.08174409152561873, (4, 7): 0.08471594947323399, (4, 8): 0.10335398188371211, (4, 9): 0.07986797161171906, (4, 10): 0.0808930599681409, (4, 11): 0.07254823849738117, (5, 0): 0.06907478123901795, (5, 1): 0.0924981726850343, (5, 2): 0.09025035497912441, (5, 3): 0.09507967904043661, (5, 4): 0.060550235108531004, (5, 5): 0.07841476867931674, (5, 6): 0.07559410848548057, (5, 7): 0.10291314482521077, (5, 8): 0.09463966273826888, (5, 9): 0.0874884910256467, (5, 10): 0.08750666614928625, (5, 11): 0.07311865788989637, (6, 0): 0.06914338659954951, (6, 1): 0.08380600602619127, (6, 2): 0.10088592001158127, (6, 3): 0.09947740643625448, (6, 4): 0.07672225102812838, (6, 5): 0.08125358255333097, (6, 6): 0.10290268549652691, (6, 7): 0.11642483351632299, (6, 8): 0.09905338819514814, (6, 9): 0.0784001192415699, (6, 10): 0.06712294812263499, (6, 11): 0.07066882769810631, (7, 0): 0.05298609120714429, (7, 1): 0.09360806758183758, (7, 2): 0.09991497515936819, (7, 3): 0.09202805472327626, (7, 4): 0.08744599095721559, (7, 5): 0.08136163281122347, (7, 6): 0.10007759557656219, (7, 7): 0.12179393260773844, (7, 8): 0.11482697877487985, (7, 9): 0.06520349096639975, (7, 10): 0.07652872703607232, (7, 11): 0.04996443931975926, (8, 0): 0.05070810186566935, (8, 1): 0.07977286543172966, (8, 2): 0.09712459291939736, (8, 3): 0.0812105806564359, (8, 4): 0.08922023358631156, (8, 5): 0.08948963506518537, (8, 6): 0.10809439154893358, (8, 7): 0.11775164132146239, (8, 8): 0.10636097318413403, (8, 9): 0.09083457025260865, (8, 10): 0.07072657461997103, (8, 11): 0.05224590076529398, (9, 0): 0.07096540914715345, (9, 1): 0.08366877104612593, (9, 2): 0.08859577613178629, (9, 3): 0.09446455336926937, (9, 4): 0.07833811262152877, (9, 5): 0.09798915066322633, (9, 6): 0.09461501063107206, (9, 7): 0.10678011116067503, (9, 8): 0.0725205812672146, (9, 9): 0.09397216829416194, (9, 10): 0.09348344215345357, (9, 11): 0.05802509694370694, (10, 0): 0.06308921630348432, (10, 1): 0.0799682983611112, (10, 2): 0.09707412650210927, (10, 3): 0.07482244154676977, (10, 4): 0.08293742418433776, (10, 5): 0.08324671671131648, (10, 6): 0.0798412564416926, (10, 7): 0.06596463835141725, (10, 8): 0.07020578039740973, (10, 9): 0.08226258337517736, (10, 10): 0.07340092049545095, (10, 11): 0.06091976832475103, (11, 0): 0.05663781547192492, (11, 1): 0.0708738015912397, (11, 2): 0.05952172081035327, (11, 3): 0.06637906370102306, (11, 4): 0.05650980631359972, (11, 5): 0.06333473678722228, (11, 6): 0.06130274994219983, (11, 7): 0.04803456910862828, (11, 8): 0.0665961026806689, (11, 9): 0.047046617110642314, (11, 10): 0.051423229962340285, (11, 11): 0.05381907572459562}
;
