324 1067 3
4 2 1
0 2 1
18
param Vertices :=
1 0.0
2 0.1
3 0.2
4 0.3
5 0.4
6 0.5
7 0.6
8 0.7
9 0.8
10 0.9
11 0.10
12 0.11
13 0.12
14 0.13
15 0.14
16 0.15
17 0.16
18 0.17
19 1.0
20 1.1
21 1.2
22 1.3
23 1.4
24 1.5
25 1.6
26 1.7
27 1.8
28 1.9
29 1.10
30 1.11
31 1.12
32 1.13
33 1.14
34 1.15
35 1.16
36 1.17
37 2.0
38 2.1
39 2.2
40 2.3
41 2.4
42 2.5
43 2.6
44 2.7
45 2.8
46 2.9
47 2.10
48 2.11
49 2.12
50 2.13
51 2.14
52 2.15
53 2.16
54 2.17
55 3.0
56 3.1
57 3.2
58 3.3
59 3.4
60 3.5
61 3.6
62 3.7
63 3.8
64 3.9
65 3.10
66 3.11
67 3.12
68 3.13
69 3.14
70 3.15
71 3.16
72 3.17
73 4.0
74 4.1
75 4.2
76 4.3
77 4.4
78 4.5
79 4.6
80 4.7
81 4.8
82 4.9
83 4.10
84 4.11
85 4.12
86 4.13
87 4.14
88 4.15
89 4.16
90 4.17
91 5.0
92 5.1
93 5.2
94 5.3
95 5.4
96 5.5
97 5.6
98 5.7
99 5.8
100 5.9
101 5.10
102 5.11
103 5.12
104 5.13
105 5.14
106 5.15
107 5.16
108 5.17
109 6.0
110 6.1
111 6.2
112 6.3
113 6.4
114 6.5
115 6.6
116 6.7
117 6.8
118 6.9
119 6.10
120 6.11
121 6.12
122 6.13
123 6.14
124 6.15
125 6.16
126 6.17
127 7.0
128 7.1
129 7.2
130 7.3
131 7.4
132 7.5
133 7.6
134 7.7
135 7.8
136 7.9
137 7.10
138 7.11
139 7.12
140 7.13
141 7.14
142 7.15
143 7.16
144 7.17
145 8.0
146 8.1
147 8.2
148 8.3
149 8.4
150 8.5
151 8.6
152 8.7
153 8.8
154 8.9
155 8.10
156 8.11
157 8.12
158 8.13
159 8.14
160 8.15
161 8.16
162 8.17
163 9.0
164 9.1
165 9.2
166 9.3
167 9.4
168 9.5
169 9.6
170 9.7
171 9.8
172 9.9
173 9.10
174 9.11
175 9.12
176 9.13
177 9.14
178 9.15
179 9.16
180 9.17
181 10.0
182 10.1
183 10.2
184 10.3
185 10.4
186 10.5
187 10.6
188 10.7
189 10.8
190 10.9
191 10.10
192 10.11
193 10.12
194 10.13
195 10.14
196 10.15
197 10.16
198 10.17
199 11.0
200 11.1
201 11.2
202 11.3
203 11.4
204 11.5
205 11.6
206 11.7
207 11.8
208 11.9
209 11.10
210 11.11
211 11.12
212 11.13
213 11.14
214 11.15
215 11.16
216 11.17
217 12.0
218 12.1
219 12.2
220 12.3
221 12.4
222 12.5
223 12.6
224 12.7
225 12.8
226 12.9
227 12.10
228 12.11
229 12.12
230 12.13
231 12.14
232 12.15
233 12.16
234 12.17
235 13.0
236 13.1
237 13.2
238 13.3
239 13.4
240 13.5
241 13.6
242 13.7
243 13.8
244 13.9
245 13.10
246 13.11
247 13.12
248 13.13
249 13.14
250 13.15
251 13.16
252 13.17
253 14.0
254 14.1
255 14.2
256 14.3
257 14.4
258 14.5
259 14.6
260 14.7
261 14.8
262 14.9
263 14.10
264 14.11
265 14.12
266 14.13
267 14.14
268 14.15
269 14.16
270 14.17
271 15.0
272 15.1
273 15.2
274 15.3
275 15.4
276 15.5
277 15.6
278 15.7
279 15.8
280 15.9
281 15.10
282 15.11
283 15.12
284 15.13
285 15.14
286 15.15
287 15.16
288 15.17
289 16.0
290 16.1
291 16.2
292 16.3
293 16.4
294 16.5
295 16.6
296 16.7
297 16.8
298 16.9
299 16.10
300 16.11
301 16.12
302 16.13
303 16.14
304 16.15
305 16.16
306 16.17
307 17.0
308 17.1
309 17.2
310 17.3
311 17.4
312 17.5
313 17.6
314 17.7
315 17.8
316 17.9
317 17.10
318 17.11
319 17.12
320 17.13
321 17.14
322 17.15
323 17.16
324 17.17
;
param Edges :=
1 2
1 20
2 20
2 3
2 21
2 19
3 21
3 4
3 22
3 20
4 22
4 5
4 23
4 21
5 23
5 6
5 24
5 22
6 24
6 7
6 25
6 23
7 25
7 8
7 26
7 24
8 26
8 27
8 25
9 10
9 28
9 26
10 28
10 11
10 29
10 27
11 29
11 12
11 30
12 30
12 31
12 29
13 14
13 32
14 32
14 33
14 31
15 33
15 16
15 34
15 32
16 34
16 35
16 33
17 35
17 18
17 36
17 34
18 36
18 35
19 37
19 20
19 38
20 38
20 21
20 39
20 37
21 39
21 22
22 40
22 23
22 41
23 24
23 42
23 40
24 42
24 25
24 43
24 41
25 43
25 26
25 44
25 42
26 44
26 27
26 45
26 43
27 45
27 28
27 46
27 44
28 46
28 29
28 47
28 45
29 47
29 30
29 48
30 48
30 31
30 47
31 32
31 50
31 48
32 50
32 33
32 51
32 49
33 51
33 34
33 52
33 50
34 52
34 35
34 53
34 51
35 53
35 54
35 52
36 54
36 53
37 55
37 38
37 56
38 56
38 39
38 57
38 55
39 57
39 40
39 58
39 56
40 58
40 41
40 59
40 57
41 59
41 42
41 60
41 58
42 60
42 43
42 61
42 59
43 44
43 62
43 60
44 62
44 63
44 61
45 46
45 64
46 64
46 47
46 65
46 63
47 65
47 48
47 66
47 64
48 66
48 49
48 67
48 65
49 67
49 50
49 68
49 66
50 68
50 51
50 67
51 69
51 52
51 70
51 68
52 70
52 53
52 71
52 69
53 71
53 54
53 72
53 70
54 72
54 71
55 73
55 74
56 74
56 57
56 75
56 73
57 75
57 76
57 74
58 76
58 59
58 77
58 75
59 60
59 78
59 76
60 78
60 61
60 79
60 77
61 62
61 80
61 78
62 80
62 63
62 81
63 81
63 64
63 80
64 82
64 65
64 83
64 81
65 83
65 66
65 84
65 82
66 84
66 67
66 85
66 83
67 85
67 68
67 86
67 84
68 86
68 69
68 87
69 87
69 70
69 88
69 86
70 88
70 71
70 89
71 89
71 72
71 90
71 88
72 90
73 91
73 74
73 92
74 92
74 75
75 93
75 76
75 94
75 92
76 94
76 77
76 95
76 93
77 95
77 78
77 96
77 94
78 96
78 79
78 97
78 95
79 97
79 80
79 98
79 96
80 98
80 81
80 99
80 97
81 99
81 82
81 100
81 98
82 100
82 83
82 101
82 99
83 101
83 84
83 102
83 100
84 102
84 85
84 103
84 101
85 103
85 86
85 104
85 102
86 104
86 87
86 105
86 103
87 105
87 88
87 106
87 104
88 106
88 89
88 107
88 105
89 107
89 108
90 108
90 107
91 109
91 92
91 110
92 110
92 93
92 109
93 111
93 94
93 112
93 110
94 112
94 95
94 113
94 111
95 113
95 96
95 114
95 112
96 114
96 97
96 115
96 113
97 115
97 98
97 116
98 116
98 99
98 117
98 115
99 100
99 118
99 116
100 118
100 101
100 119
100 117
101 119
101 102
101 120
102 120
102 103
102 121
103 121
103 104
103 120
104 122
104 105
104 123
104 121
105 123
105 106
105 124
105 122
106 124
106 107
106 125
106 123
107 125
107 108
107 126
107 124
108 126
109 127
109 110
109 128
110 128
110 111
110 129
110 127
111 129
111 130
111 128
112 130
112 113
112 131
112 129
113 131
113 114
113 132
114 132
114 133
114 131
115 116
115 134
115 132
116 134
116 117
116 135
116 133
117 118
117 136
117 134
118 136
118 119
118 137
118 135
119 137
119 120
119 138
119 136
120 138
120 121
120 139
120 137
121 139
121 122
121 140
122 140
122 123
122 141
122 139
123 141
123 124
123 142
123 140
124 142
124 125
124 143
125 143
125 144
125 142
126 144
126 143
127 145
127 128
127 146
128 146
128 145
129 130
130 148
130 131
130 149
130 147
131 149
131 132
131 150
131 148
132 150
132 133
132 151
132 149
133 151
133 134
133 152
133 150
134 152
134 135
134 153
134 151
135 153
135 136
135 154
135 152
136 154
136 137
136 153
137 155
137 138
137 156
137 154
138 156
138 139
138 157
139 157
139 140
139 158
139 156
140 158
140 159
140 157
141 159
141 142
141 160
142 160
142 143
142 159
143 161
143 144
143 162
143 160
144 162
144 161
145 163
145 146
145 164
146 164
146 147
146 165
146 163
147 165
147 148
147 166
147 164
148 166
148 149
148 167
148 165
149 167
149 150
149 168
149 166
150 168
150 151
150 169
150 167
151 169
151 152
151 170
151 168
152 170
152 153
152 171
152 169
153 154
153 172
153 170
154 172
154 155
154 173
154 171
155 173
155 174
156 174
156 157
156 175
156 173
157 175
157 158
157 174
158 176
158 159
158 177
158 175
159 177
159 160
159 178
159 176
160 178
160 161
160 179
160 177
161 179
161 162
161 178
162 180
162 179
163 181
163 164
163 182
164 165
164 183
164 181
165 166
165 184
165 182
166 184
166 167
166 185
166 183
167 168
167 186
167 184
168 186
168 169
168 187
168 185
169 187
169 170
169 188
169 186
170 188
170 189
171 189
171 172
171 190
171 188
172 190
172 173
172 189
173 191
173 192
173 190
174 192
174 175
174 193
174 191
175 193
175 176
175 192
176 194
176 177
176 195
176 193
177 195
177 178
177 194
178 196
178 179
178 197
178 195
179 197
179 180
179 198
179 196
180 198
180 197
181 182
182 200
182 183
182 201
182 199
183 201
183 184
183 202
183 200
184 202
184 201
185 203
185 186
185 204
185 202
186 187
186 205
186 203
187 205
187 188
187 204
188 206
188 189
188 207
188 205
189 207
189 190
189 208
189 206
190 208
190 191
190 207
191 209
191 192
191 210
191 208
192 210
192 193
192 211
192 209
193 211
193 194
193 212
193 210
194 212
194 195
194 213
194 211
195 213
195 196
195 214
196 214
196 197
196 215
196 213
197 215
197 198
197 216
197 214
198 216
198 215
199 200
199 218
200 218
200 201
200 219
200 217
201 219
201 202
201 220
202 220
202 203
202 221
202 219
203 221
203 204
203 222
203 220
204 222
204 205
204 223
204 221
205 223
205 206
205 224
205 222
206 224
206 207
206 225
206 223
207 225
207 208
207 226
207 224
208 226
208 209
208 227
208 225
209 227
209 210
209 228
209 226
210 228
210 211
210 229
210 227
211 229
211 212
211 230
211 228
212 230
212 213
212 231
212 229
213 214
213 232
213 230
214 232
214 215
214 233
214 231
215 233
215 216
215 234
215 232
216 233
217 235
217 236
218 236
218 219
218 235
219 237
219 220
219 238
220 221
220 239
220 237
221 239
221 222
221 240
221 238
222 240
222 223
222 241
222 239
223 241
223 224
223 242
223 240
224 242
224 225
224 241
225 243
225 226
225 244
226 244
226 227
226 245
226 243
227 245
227 228
227 246
227 244
228 246
228 229
228 247
228 245
229 247
229 248
229 246
230 248
230 249
230 247
231 249
231 232
231 250
231 248
232 250
232 233
232 251
232 249
233 251
233 234
233 252
234 252
234 251
235 253
235 236
236 254
236 237
236 255
237 238
237 256
237 254
238 256
238 239
238 257
238 255
239 257
239 240
239 258
239 256
240 258
240 259
240 257
241 259
241 242
241 258
242 260
242 243
242 261
242 259
243 261
243 244
243 262
243 260
244 262
244 245
244 263
244 261
245 263
245 246
245 264
245 262
246 264
246 247
246 265
246 263
247 265
247 248
247 266
247 264
248 266
248 249
248 267
248 265
249 267
249 250
249 268
249 266
250 268
250 251
250 267
251 269
251 252
251 270
251 268
252 270
253 271
253 254
253 272
254 272
254 255
254 273
255 273
255 256
255 274
255 272
256 274
256 257
256 275
257 275
257 258
257 276
257 274
258 259
258 277
258 275
259 277
259 260
259 278
259 276
260 278
260 279
261 279
261 262
261 278
262 280
262 263
262 281
262 279
263 281
263 264
263 282
263 280
264 282
264 265
264 283
264 281
265 266
265 282
266 284
266 285
267 285
267 268
267 286
267 284
268 286
268 269
268 287
268 285
269 287
269 270
269 288
269 286
270 288
270 287
271 272
271 290
272 290
272 273
272 291
272 289
273 291
273 274
273 292
273 290
274 292
274 275
274 291
275 293
275 276
275 294
275 292
276 294
276 277
276 295
276 293
277 295
277 278
277 296
277 294
278 296
278 279
278 297
278 295
279 280
279 298
279 296
280 298
280 281
280 299
280 297
281 299
281 282
281 300
281 298
282 300
282 283
282 301
282 299
283 301
283 300
284 302
284 285
284 303
284 301
285 303
285 286
285 304
285 302
286 287
286 305
286 303
287 305
287 288
287 306
287 304
288 306
288 305
289 290
289 308
290 308
290 291
290 309
290 307
291 292
291 310
292 310
292 293
292 311
292 309
293 311
293 294
293 312
293 310
294 312
294 295
294 313
295 313
295 296
295 314
295 312
296 314
296 297
296 315
296 313
297 315
297 298
297 316
297 314
298 316
298 299
298 317
298 315
299 317
299 300
299 318
299 316
300 318
300 301
300 319
300 317
301 319
301 302
301 320
301 318
302 320
302 303
302 321
302 319
303 321
303 304
303 322
303 320
304 322
304 305
304 323
304 321
305 323
305 306
305 324
305 322
306 324
306 323
307 308
308 309
309 310
310 311
311 312
312 313
313 314
314 315
315 316
316 317
317 318
319 320
320 321
321 322
322 323
323 324
;
param Grid_Label_Edges :=
0 0 0 1
0 0 1 1
0 1 1 1
0 1 0 2
0 1 1 2
0 1 1 0
0 2 1 2
0 2 0 3
0 2 1 3
0 2 1 1
0 3 1 3
0 3 0 4
0 3 1 4
0 3 1 2
0 4 1 4
0 4 0 5
0 4 1 5
0 4 1 3
0 5 1 5
0 5 0 6
0 5 1 6
0 5 1 4
0 6 1 6
0 6 0 7
0 6 1 7
0 6 1 5
0 7 1 7
0 7 1 8
0 7 1 6
0 8 0 9
0 8 1 9
0 8 1 7
0 9 1 9
0 9 0 10
0 9 1 10
0 9 1 8
0 10 1 10
0 10 0 11
0 10 1 11
0 11 1 11
0 11 1 12
0 11 1 10
0 12 0 13
0 12 1 13
0 13 1 13
0 13 1 14
0 13 1 12
0 14 1 14
0 14 0 15
0 14 1 15
0 14 1 13
0 15 1 15
0 15 1 16
0 15 1 14
0 16 1 16
0 16 0 17
0 16 1 17
0 16 1 15
0 17 1 17
0 17 1 16
1 0 2 0
1 0 1 1
1 0 2 1
1 1 2 1
1 1 1 2
1 1 2 2
1 1 2 0
1 2 2 2
1 2 1 3
1 3 2 3
1 3 1 4
1 3 2 4
1 4 1 5
1 4 2 5
1 4 2 3
1 5 2 5
1 5 1 6
1 5 2 6
1 5 2 4
1 6 2 6
1 6 1 7
1 6 2 7
1 6 2 5
1 7 2 7
1 7 1 8
1 7 2 8
1 7 2 6
1 8 2 8
1 8 1 9
1 8 2 9
1 8 2 7
1 9 2 9
1 9 1 10
1 9 2 10
1 9 2 8
1 10 2 10
1 10 1 11
1 10 2 11
1 11 2 11
1 11 1 12
1 11 2 10
1 12 1 13
1 12 2 13
1 12 2 11
1 13 2 13
1 13 1 14
1 13 2 14
1 13 2 12
1 14 2 14
1 14 1 15
1 14 2 15
1 14 2 13
1 15 2 15
1 15 1 16
1 15 2 16
1 15 2 14
1 16 2 16
1 16 2 17
1 16 2 15
1 17 2 17
1 17 2 16
2 0 3 0
2 0 2 1
2 0 3 1
2 1 3 1
2 1 2 2
2 1 3 2
2 1 3 0
2 2 3 2
2 2 2 3
2 2 3 3
2 2 3 1
2 3 3 3
2 3 2 4
2 3 3 4
2 3 3 2
2 4 3 4
2 4 2 5
2 4 3 5
2 4 3 3
2 5 3 5
2 5 2 6
2 5 3 6
2 5 3 4
2 6 2 7
2 6 3 7
2 6 3 5
2 7 3 7
2 7 3 8
2 7 3 6
2 8 2 9
2 8 3 9
2 9 3 9
2 9 2 10
2 9 3 10
2 9 3 8
2 10 3 10
2 10 2 11
2 10 3 11
2 10 3 9
2 11 3 11
2 11 2 12
2 11 3 12
2 11 3 10
2 12 3 12
2 12 2 13
2 12 3 13
2 12 3 11
2 13 3 13
2 13 2 14
2 13 3 12
2 14 3 14
2 14 2 15
2 14 3 15
2 14 3 13
2 15 3 15
2 15 2 16
2 15 3 16
2 15 3 14
2 16 3 16
2 16 2 17
2 16 3 17
2 16 3 15
2 17 3 17
2 17 3 16
3 0 4 0
3 0 4 1
3 1 4 1
3 1 3 2
3 1 4 2
3 1 4 0
3 2 4 2
3 2 4 3
3 2 4 1
3 3 4 3
3 3 3 4
3 3 4 4
3 3 4 2
3 4 3 5
3 4 4 5
3 4 4 3
3 5 4 5
3 5 3 6
3 5 4 6
3 5 4 4
3 6 3 7
3 6 4 7
3 6 4 5
3 7 4 7
3 7 3 8
3 7 4 8
3 8 4 8
3 8 3 9
3 8 4 7
3 9 4 9
3 9 3 10
3 9 4 10
3 9 4 8
3 10 4 10
3 10 3 11
3 10 4 11
3 10 4 9
3 11 4 11
3 11 3 12
3 11 4 12
3 11 4 10
3 12 4 12
3 12 3 13
3 12 4 13
3 12 4 11
3 13 4 13
3 13 3 14
3 13 4 14
3 14 4 14
3 14 3 15
3 14 4 15
3 14 4 13
3 15 4 15
3 15 3 16
3 15 4 16
3 16 4 16
3 16 3 17
3 16 4 17
3 16 4 15
3 17 4 17
4 0 5 0
4 0 4 1
4 0 5 1
4 1 5 1
4 1 4 2
4 2 5 2
4 2 4 3
4 2 5 3
4 2 5 1
4 3 5 3
4 3 4 4
4 3 5 4
4 3 5 2
4 4 5 4
4 4 4 5
4 4 5 5
4 4 5 3
4 5 5 5
4 5 4 6
4 5 5 6
4 5 5 4
4 6 5 6
4 6 4 7
4 6 5 7
4 6 5 5
4 7 5 7
4 7 4 8
4 7 5 8
4 7 5 6
4 8 5 8
4 8 4 9
4 8 5 9
4 8 5 7
4 9 5 9
4 9 4 10
4 9 5 10
4 9 5 8
4 10 5 10
4 10 4 11
4 10 5 11
4 10 5 9
4 11 5 11
4 11 4 12
4 11 5 12
4 11 5 10
4 12 5 12
4 12 4 13
4 12 5 13
4 12 5 11
4 13 5 13
4 13 4 14
4 13 5 14
4 13 5 12
4 14 5 14
4 14 4 15
4 14 5 15
4 14 5 13
4 15 5 15
4 15 4 16
4 15 5 16
4 15 5 14
4 16 5 16
4 16 5 17
4 17 5 17
4 17 5 16
5 0 6 0
5 0 5 1
5 0 6 1
5 1 6 1
5 1 5 2
5 1 6 0
5 2 6 2
5 2 5 3
5 2 6 3
5 2 6 1
5 3 6 3
5 3 5 4
5 3 6 4
5 3 6 2
5 4 6 4
5 4 5 5
5 4 6 5
5 4 6 3
5 5 6 5
5 5 5 6
5 5 6 6
5 5 6 4
5 6 6 6
5 6 5 7
5 6 6 7
5 7 6 7
5 7 5 8
5 7 6 8
5 7 6 6
5 8 5 9
5 8 6 9
5 8 6 7
5 9 6 9
5 9 5 10
5 9 6 10
5 9 6 8
5 10 6 10
5 10 5 11
5 10 6 11
5 11 6 11
5 11 5 12
5 11 6 12
5 12 6 12
5 12 5 13
5 12 6 11
5 13 6 13
5 13 5 14
5 13 6 14
5 13 6 12
5 14 6 14
5 14 5 15
5 14 6 15
5 14 6 13
5 15 6 15
5 15 5 16
5 15 6 16
5 15 6 14
5 16 6 16
5 16 5 17
5 16 6 17
5 16 6 15
5 17 6 17
6 0 7 0
6 0 6 1
6 0 7 1
6 1 7 1
6 1 6 2
6 1 7 2
6 1 7 0
6 2 7 2
6 2 7 3
6 2 7 1
6 3 7 3
6 3 6 4
6 3 7 4
6 3 7 2
6 4 7 4
6 4 6 5
6 4 7 5
6 5 7 5
6 5 7 6
6 5 7 4
6 6 6 7
6 6 7 7
6 6 7 5
6 7 7 7
6 7 6 8
6 7 7 8
6 7 7 6
6 8 6 9
6 8 7 9
6 8 7 7
6 9 7 9
6 9 6 10
6 9 7 10
6 9 7 8
6 10 7 10
6 10 6 11
6 10 7 11
6 10 7 9
6 11 7 11
6 11 6 12
6 11 7 12
6 11 7 10
6 12 7 12
6 12 6 13
6 12 7 13
6 13 7 13
6 13 6 14
6 13 7 14
6 13 7 12
6 14 7 14
6 14 6 15
6 14 7 15
6 14 7 13
6 15 7 15
6 15 6 16
6 15 7 16
6 16 7 16
6 16 7 17
6 16 7 15
6 17 7 17
6 17 7 16
7 0 8 0
7 0 7 1
7 0 8 1
7 1 8 1
7 1 8 0
7 2 7 3
7 3 8 3
7 3 7 4
7 3 8 4
7 3 8 2
7 4 8 4
7 4 7 5
7 4 8 5
7 4 8 3
7 5 8 5
7 5 7 6
7 5 8 6
7 5 8 4
7 6 8 6
7 6 7 7
7 6 8 7
7 6 8 5
7 7 8 7
7 7 7 8
7 7 8 8
7 7 8 6
7 8 8 8
7 8 7 9
7 8 8 9
7 8 8 7
7 9 8 9
7 9 7 10
7 9 8 8
7 10 8 10
7 10 7 11
7 10 8 11
7 10 8 9
7 11 8 11
7 11 7 12
7 11 8 12
7 12 8 12
7 12 7 13
7 12 8 13
7 12 8 11
7 13 8 13
7 13 8 14
7 13 8 12
7 14 8 14
7 14 7 15
7 14 8 15
7 15 8 15
7 15 7 16
7 15 8 14
7 16 8 16
7 16 7 17
7 16 8 17
7 16 8 15
7 17 8 17
7 17 8 16
8 0 9 0
8 0 8 1
8 0 9 1
8 1 9 1
8 1 8 2
8 1 9 2
8 1 9 0
8 2 9 2
8 2 8 3
8 2 9 3
8 2 9 1
8 3 9 3
8 3 8 4
8 3 9 4
8 3 9 2
8 4 9 4
8 4 8 5
8 4 9 5
8 4 9 3
8 5 9 5
8 5 8 6
8 5 9 6
8 5 9 4
8 6 9 6
8 6 8 7
8 6 9 7
8 6 9 5
8 7 9 7
8 7 8 8
8 7 9 8
8 7 9 6
8 8 8 9
8 8 9 9
8 8 9 7
8 9 9 9
8 9 8 10
8 9 9 10
8 9 9 8
8 10 9 10
8 10 9 11
8 11 9 11
8 11 8 12
8 11 9 12
8 11 9 10
8 12 9 12
8 12 8 13
8 12 9 11
8 13 9 13
8 13 8 14
8 13 9 14
8 13 9 12
8 14 9 14
8 14 8 15
8 14 9 15
8 14 9 13
8 15 9 15
8 15 8 16
8 15 9 16
8 15 9 14
8 16 9 16
8 16 8 17
8 16 9 15
8 17 9 17
8 17 9 16
9 0 10 0
9 0 9 1
9 0 10 1
9 1 9 2
9 1 10 2
9 1 10 0
9 2 9 3
9 2 10 3
9 2 10 1
9 3 10 3
9 3 9 4
9 3 10 4
9 3 10 2
9 4 9 5
9 4 10 5
9 4 10 3
9 5 10 5
9 5 9 6
9 5 10 6
9 5 10 4
9 6 10 6
9 6 9 7
9 6 10 7
9 6 10 5
9 7 10 7
9 7 10 8
9 8 10 8
9 8 9 9
9 8 10 9
9 8 10 7
9 9 10 9
9 9 9 10
9 9 10 8
9 10 10 10
9 10 10 11
9 10 10 9
9 11 10 11
9 11 9 12
9 11 10 12
9 11 10 10
9 12 10 12
9 12 9 13
9 12 10 11
9 13 10 13
9 13 9 14
9 13 10 14
9 13 10 12
9 14 10 14
9 14 9 15
9 14 10 13
9 15 10 15
9 15 9 16
9 15 10 16
9 15 10 14
9 16 10 16
9 16 9 17
9 16 10 17
9 16 10 15
9 17 10 17
9 17 10 16
10 0 10 1
10 1 11 1
10 1 10 2
10 1 11 2
10 1 11 0
10 2 11 2
10 2 10 3
10 2 11 3
10 2 11 1
10 3 11 3
10 3 11 2
10 4 11 4
10 4 10 5
10 4 11 5
10 4 11 3
10 5 10 6
10 5 11 6
10 5 11 4
10 6 11 6
10 6 10 7
10 6 11 5
10 7 11 7
10 7 10 8
10 7 11 8
10 7 11 6
10 8 11 8
10 8 10 9
10 8 11 9
10 8 11 7
10 9 11 9
10 9 10 10
10 9 11 8
10 10 11 10
10 10 10 11
10 10 11 11
10 10 11 9
10 11 11 11
10 11 10 12
10 11 11 12
10 11 11 10
10 12 11 12
10 12 10 13
10 12 11 13
10 12 11 11
10 13 11 13
10 13 10 14
10 13 11 14
10 13 11 12
10 14 11 14
10 14 10 15
10 14 11 15
10 15 11 15
10 15 10 16
10 15 11 16
10 15 11 14
10 16 11 16
10 16 10 17
10 16 11 17
10 16 11 15
10 17 11 17
10 17 11 16
11 0 11 1
11 0 12 1
11 1 12 1
11 1 11 2
11 1 12 2
11 1 12 0
11 2 12 2
11 2 11 3
11 2 12 3
11 3 12 3
11 3 11 4
11 3 12 4
11 3 12 2
11 4 12 4
11 4 11 5
11 4 12 5
11 4 12 3
11 5 12 5
11 5 11 6
11 5 12 6
11 5 12 4
11 6 12 6
11 6 11 7
11 6 12 7
11 6 12 5
11 7 12 7
11 7 11 8
11 7 12 8
11 7 12 6
11 8 12 8
11 8 11 9
11 8 12 9
11 8 12 7
11 9 12 9
11 9 11 10
11 9 12 10
11 9 12 8
11 10 12 10
11 10 11 11
11 10 12 11
11 10 12 9
11 11 12 11
11 11 11 12
11 11 12 12
11 11 12 10
11 12 12 12
11 12 11 13
11 12 12 13
11 12 12 11
11 13 12 13
11 13 11 14
11 13 12 14
11 13 12 12
11 14 11 15
11 14 12 15
11 14 12 13
11 15 12 15
11 15 11 16
11 15 12 16
11 15 12 14
11 16 12 16
11 16 11 17
11 16 12 17
11 16 12 15
11 17 12 16
12 0 13 0
12 0 13 1
12 1 13 1
12 1 12 2
12 1 13 0
12 2 13 2
12 2 12 3
12 2 13 3
12 3 12 4
12 3 13 4
12 3 13 2
12 4 13 4
12 4 12 5
12 4 13 5
12 4 13 3
12 5 13 5
12 5 12 6
12 5 13 6
12 5 13 4
12 6 13 6
12 6 12 7
12 6 13 7
12 6 13 5
12 7 13 7
12 7 12 8
12 7 13 6
12 8 13 8
12 8 12 9
12 8 13 9
12 9 13 9
12 9 12 10
12 9 13 10
12 9 13 8
12 10 13 10
12 10 12 11
12 10 13 11
12 10 13 9
12 11 13 11
12 11 12 12
12 11 13 12
12 11 13 10
12 12 13 12
12 12 13 13
12 12 13 11
12 13 13 13
12 13 13 14
12 13 13 12
12 14 13 14
12 14 12 15
12 14 13 15
12 14 13 13
12 15 13 15
12 15 12 16
12 15 13 16
12 15 13 14
12 16 13 16
12 16 12 17
12 16 13 17
12 17 13 17
12 17 13 16
13 0 14 0
13 0 13 1
13 1 14 1
13 1 13 2
13 1 14 2
13 2 13 3
13 2 14 3
13 2 14 1
13 3 14 3
13 3 13 4
13 3 14 4
13 3 14 2
13 4 14 4
13 4 13 5
13 4 14 5
13 4 14 3
13 5 14 5
13 5 14 6
13 5 14 4
13 6 14 6
13 6 13 7
13 6 14 5
13 7 14 7
13 7 13 8
13 7 14 8
13 7 14 6
13 8 14 8
13 8 13 9
13 8 14 9
13 8 14 7
13 9 14 9
13 9 13 10
13 9 14 10
13 9 14 8
13 10 14 10
13 10 13 11
13 10 14 11
13 10 14 9
13 11 14 11
13 11 13 12
13 11 14 12
13 11 14 10
13 12 14 12
13 12 13 13
13 12 14 13
13 12 14 11
13 13 14 13
13 13 13 14
13 13 14 14
13 13 14 12
13 14 14 14
13 14 13 15
13 14 14 15
13 14 14 13
13 15 14 15
13 15 13 16
13 15 14 14
13 16 14 16
13 16 13 17
13 16 14 17
13 16 14 15
13 17 14 17
14 0 15 0
14 0 14 1
14 0 15 1
14 1 15 1
14 1 14 2
14 1 15 2
14 2 15 2
14 2 14 3
14 2 15 3
14 2 15 1
14 3 15 3
14 3 14 4
14 3 15 4
14 4 15 4
14 4 14 5
14 4 15 5
14 4 15 3
14 5 14 6
14 5 15 6
14 5 15 4
14 6 15 6
14 6 14 7
14 6 15 7
14 6 15 5
14 7 15 7
14 7 15 8
14 8 15 8
14 8 14 9
14 8 15 7
14 9 15 9
14 9 14 10
14 9 15 10
14 9 15 8
14 10 15 10
14 10 14 11
14 10 15 11
14 10 15 9
14 11 15 11
14 11 14 12
14 11 15 12
14 11 15 10
14 12 14 13
14 12 15 11
14 13 15 13
14 13 15 14
14 14 15 14
14 14 14 15
14 14 15 15
14 14 15 13
14 15 15 15
14 15 14 16
14 15 15 16
14 15 15 14
14 16 15 16
14 16 14 17
14 16 15 17
14 16 15 15
14 17 15 17
14 17 15 16
15 0 15 1
15 0 16 1
15 1 16 1
15 1 15 2
15 1 16 2
15 1 16 0
15 2 16 2
15 2 15 3
15 2 16 3
15 2 16 1
15 3 16 3
15 3 15 4
15 3 16 2
15 4 16 4
15 4 15 5
15 4 16 5
15 4 16 3
15 5 16 5
15 5 15 6
15 5 16 6
15 5 16 4
15 6 16 6
15 6 15 7
15 6 16 7
15 6 16 5
15 7 16 7
15 7 15 8
15 7 16 8
15 7 16 6
15 8 15 9
15 8 16 9
15 8 16 7
15 9 16 9
15 9 15 10
15 9 16 10
15 9 16 8
15 10 16 10
15 10 15 11
15 10 16 11
15 10 16 9
15 11 16 11
15 11 15 12
15 11 16 12
15 11 16 10
15 12 16 12
15 12 16 11
15 13 16 13
15 13 15 14
15 13 16 14
15 13 16 12
15 14 16 14
15 14 15 15
15 14 16 15
15 14 16 13
15 15 15 16
15 15 16 16
15 15 16 14
15 16 16 16
15 16 15 17
15 16 16 17
15 16 16 15
15 17 16 17
15 17 16 16
16 0 16 1
16 0 17 1
16 1 17 1
16 1 16 2
16 1 17 2
16 1 17 0
16 2 16 3
16 2 17 3
16 3 17 3
16 3 16 4
16 3 17 4
16 3 17 2
16 4 17 4
16 4 16 5
16 4 17 5
16 4 17 3
16 5 17 5
16 5 16 6
16 5 17 6
16 6 17 6
16 6 16 7
16 6 17 7
16 6 17 5
16 7 17 7
16 7 16 8
16 7 17 8
16 7 17 6
16 8 17 8
16 8 16 9
16 8 17 9
16 8 17 7
16 9 17 9
16 9 16 10
16 9 17 10
16 9 17 8
16 10 17 10
16 10 16 11
16 10 17 11
16 10 17 9
16 11 17 11
16 11 16 12
16 11 17 12
16 11 17 10
16 12 17 12
16 12 16 13
16 12 17 13
16 12 17 11
16 13 17 13
16 13 16 14
16 13 17 14
16 13 17 12
16 14 17 14
16 14 16 15
16 14 17 15
16 14 17 13
16 15 17 15
16 15 16 16
16 15 17 16
16 15 17 14
16 16 17 16
16 16 16 17
16 16 17 17
16 16 17 15
16 17 17 17
16 17 17 16
17 0 17 1
17 1 17 2
17 2 17 3
17 3 17 4
17 4 17 5
17 5 17 6
17 6 17 7
17 7 17 8
17 8 17 9
17 9 17 10
17 10 17 11
17 12 17 13
17 13 17 14
17 14 17 15
17 15 17 16
17 16 17 17
;
param Centralities :=
degree centrality: {(0, 0): 0.006191950464396285, (0, 1): 0.015479876160990714, (0, 2): 0.015479876160990714, (0, 3): 0.015479876160990714, (0, 4): 0.015479876160990714, (0, 5): 0.015479876160990714, (0, 6): 0.015479876160990714, (0, 7): 0.01238390092879257, (0, 8): 0.009287925696594427, (0, 9): 0.015479876160990714, (0, 10): 0.01238390092879257, (0, 11): 0.01238390092879257, (0, 12): 0.006191950464396285, (0, 13): 0.01238390092879257, (0, 14): 0.01238390092879257, (0, 15): 0.01238390092879257, (0, 16): 0.01238390092879257, (0, 17): 0.009287925696594427, (1, 0): 0.01238390092879257, (1, 1): 0.02476780185758514, (1, 2): 0.018575851393188854, (1, 3): 0.021671826625386997, (1, 4): 0.021671826625386997, (1, 5): 0.02476780185758514, (1, 6): 0.02476780185758514, (1, 7): 0.02476780185758514, (1, 8): 0.021671826625386997, (1, 9): 0.021671826625386997, (1, 10): 0.021671826625386997, (1, 11): 0.018575851393188854, (1, 12): 0.018575851393188854, (1, 13): 0.02476780185758514, (1, 14): 0.02476780185758514, (1, 15): 0.02476780185758514, (1, 16): 0.021671826625386997, (1, 17): 0.01238390092879257, (2, 0): 0.015479876160990714, (2, 1): 0.021671826625386997, (2, 2): 0.021671826625386997, (2, 3): 0.021671826625386997, (2, 4): 0.021671826625386997, (2, 5): 0.02476780185758514, (2, 6): 0.021671826625386997, (2, 7): 0.021671826625386997, (2, 8): 0.015479876160990714, (2, 9): 0.021671826625386997, (2, 10): 0.02476780185758514, (2, 11): 0.02476780185758514, (2, 12): 0.018575851393188854, (2, 13): 0.021671826625386997, (2, 14): 0.02476780185758514, (2, 15): 0.02476780185758514, (2, 16): 0.02476780185758514, (2, 17): 0.015479876160990714, (3, 0): 0.01238390092879257, (3, 1): 0.021671826625386997, (3, 2): 0.021671826625386997, (3, 3): 0.021671826625386997, (3, 4): 0.021671826625386997, (3, 5): 0.02476780185758514, (3, 6): 0.018575851393188854, (3, 7): 0.018575851393188854, (3, 8): 0.018575851393188854, (3, 9): 0.02476780185758514, (3, 10): 0.02476780185758514, (3, 11): 0.02476780185758514, (3, 12): 0.02476780185758514, (3, 13): 0.021671826625386997, (3, 14): 0.021671826625386997, (3, 15): 0.021671826625386997, (3, 16): 0.02476780185758514, (3, 17): 0.01238390092879257, (4, 0): 0.015479876160990714, (4, 1): 0.018575851393188854, (4, 2): 0.02476780185758514, (4, 3): 0.02476780185758514, (4, 4): 0.021671826625386997, (4, 5): 0.02476780185758514, (4, 6): 0.018575851393188854, (4, 7): 0.02476780185758514, (4, 8): 0.02476780185758514, (4, 9): 0.021671826625386997, (4, 10): 0.02476780185758514, (4, 11): 0.02476780185758514, (4, 12): 0.021671826625386997, (4, 13): 0.02476780185758514, (4, 14): 0.021671826625386997, (4, 15): 0.02476780185758514, (4, 16): 0.015479876160990714, (4, 17): 0.01238390092879257, (5, 0): 0.01238390092879257, (5, 1): 0.021671826625386997, (5, 2): 0.021671826625386997, (5, 3): 0.02476780185758514, (5, 4): 0.02476780185758514, (5, 5): 0.02476780185758514, (5, 6): 0.021671826625386997, (5, 7): 0.02476780185758514, (5, 8): 0.021671826625386997, (5, 9): 0.02476780185758514, (5, 10): 0.021671826625386997, (5, 11): 0.021671826625386997, (5, 12): 0.021671826625386997, (5, 13): 0.02476780185758514, (5, 14): 0.02476780185758514, (5, 15): 0.021671826625386997, (5, 16): 0.02476780185758514, (5, 17): 0.01238390092879257, (6, 0): 0.015479876160990714, (6, 1): 0.02476780185758514, (6, 2): 0.018575851393188854, (6, 3): 0.021671826625386997, (6, 4): 0.021671826625386997, (6, 5): 0.018575851393188854, (6, 6): 0.018575851393188854, (6, 7): 0.02476780185758514, (6, 8): 0.018575851393188854, (6, 9): 0.021671826625386997, (6, 10): 0.021671826625386997, (6, 11): 0.02476780185758514, (6, 12): 0.021671826625386997, (6, 13): 0.021671826625386997, (6, 14): 0.02476780185758514, (6, 15): 0.021671826625386997, (6, 16): 0.018575851393188854, (6, 17): 0.01238390092879257, (7, 0): 0.015479876160990714, (7, 1): 0.018575851393188854, (7, 2): 0.01238390092879257, (7, 3): 0.021671826625386997, (7, 4): 0.02476780185758514, (7, 5): 0.02476780185758514, (7, 6): 0.021671826625386997, (7, 7): 0.02476780185758514, (7, 8): 0.021671826625386997, (7, 9): 0.021671826625386997, (7, 10): 0.02476780185758514, (7, 11): 0.018575851393188854, (7, 12): 0.02476780185758514, (7, 13): 0.021671826625386997, (7, 14): 0.015479876160990714, (7, 15): 0.021671826625386997, (7, 16): 0.02476780185758514, (7, 17): 0.015479876160990714, (8, 0): 0.015479876160990714, (8, 1): 0.021671826625386997, (8, 2): 0.018575851393188854, (8, 3): 0.021671826625386997, (8, 4): 0.02476780185758514, (8, 5): 0.02476780185758514, (8, 6): 0.02476780185758514, (8, 7): 0.02476780185758514, (8, 8): 0.021671826625386997, (8, 9): 0.02476780185758514, (8, 10): 0.01238390092879257, (8, 11): 0.021671826625386997, (8, 12): 0.021671826625386997, (8, 13): 0.021671826625386997, (8, 14): 0.02476780185758514, (8, 15): 0.02476780185758514, (8, 16): 0.018575851393188854, (8, 17): 0.015479876160990714, (9, 0): 0.015479876160990714, (9, 1): 0.021671826625386997, (9, 2): 0.021671826625386997, (9, 3): 0.02476780185758514, (9, 4): 0.021671826625386997, (9, 5): 0.02476780185758514, (9, 6): 0.02476780185758514, (9, 7): 0.018575851393188854, (9, 8): 0.018575851393188854, (9, 9): 0.018575851393188854, (9, 10): 0.021671826625386997, (9, 11): 0.021671826625386997, (9, 12): 0.021671826625386997, (9, 13): 0.021671826625386997, (9, 14): 0.021671826625386997, (9, 15): 0.02476780185758514, (9, 16): 0.02476780185758514, (9, 17): 0.01238390092879257, (10, 0): 0.009287925696594427, (10, 1): 0.021671826625386997, (10, 2): 0.021671826625386997, (10, 3): 0.018575851393188854, (10, 4): 0.018575851393188854, (10, 5): 0.021671826625386997, (10, 6): 0.018575851393188854, (10, 7): 0.02476780185758514, (10, 8): 0.02476780185758514, (10, 9): 0.021671826625386997, (10, 10): 0.021671826625386997, (10, 11): 0.02476780185758514, (10, 12): 0.02476780185758514, (10, 13): 0.021671826625386997, (10, 14): 0.021671826625386997, (10, 15): 0.021671826625386997, (10, 16): 0.02476780185758514, (10, 17): 0.015479876160990714, (11, 0): 0.009287925696594427, (11, 1): 0.021671826625386997, (11, 2): 0.021671826625386997, (11, 3): 0.02476780185758514, (11, 4): 0.021671826625386997, (11, 5): 0.021671826625386997, (11, 6): 0.02476780185758514, (11, 7): 0.021671826625386997, (11, 8): 0.02476780185758514, (11, 9): 0.02476780185758514, (11, 10): 0.021671826625386997, (11, 11): 0.02476780185758514, (11, 12): 0.02476780185758514, (11, 13): 0.021671826625386997, (11, 14): 0.021671826625386997, (11, 15): 0.02476780185758514, (11, 16): 0.02476780185758514, (11, 17): 0.01238390092879257, (12, 0): 0.009287925696594427, (12, 1): 0.015479876160990714, (12, 2): 0.021671826625386997, (12, 3): 0.021671826625386997, (12, 4): 0.02476780185758514, (12, 5): 0.02476780185758514, (12, 6): 0.02476780185758514, (12, 7): 0.021671826625386997, (12, 8): 0.021671826625386997, (12, 9): 0.02476780185758514, (12, 10): 0.02476780185758514, (12, 11): 0.02476780185758514, (12, 12): 0.021671826625386997, (12, 13): 0.018575851393188854, (12, 14): 0.018575851393188854, (12, 15): 0.02476780185758514, (12, 16): 0.021671826625386997, (12, 17): 0.01238390092879257, (13, 0): 0.01238390092879257, (13, 1): 0.018575851393188854, (13, 2): 0.018575851393188854, (13, 3): 0.021671826625386997, (13, 4): 0.02476780185758514, (13, 5): 0.021671826625386997, (13, 6): 0.018575851393188854, (13, 7): 0.021671826625386997, (13, 8): 0.021671826625386997, (13, 9): 0.02476780185758514, (13, 10): 0.02476780185758514, (13, 11): 0.02476780185758514, (13, 12): 0.02476780185758514, (13, 13): 0.02476780185758514, (13, 14): 0.02476780185758514, (13, 15): 0.018575851393188854, (13, 16): 0.02476780185758514, (13, 17): 0.01238390092879257, (14, 0): 0.01238390092879257, (14, 1): 0.018575851393188854, (14, 2): 0.021671826625386997, (14, 3): 0.021671826625386997, (14, 4): 0.02476780185758514, (14, 5): 0.021671826625386997, (14, 6): 0.02476780185758514, (14, 7): 0.015479876160990714, (14, 8): 0.018575851393188854, (14, 9): 0.02476780185758514, (14, 10): 0.02476780185758514, (14, 11): 0.02476780185758514, (14, 12): 0.018575851393188854, (14, 13): 0.018575851393188854, (14, 14): 0.021671826625386997, (14, 15): 0.02476780185758514, (14, 16): 0.018575851393188854, (14, 17): 0.015479876160990714, (15, 0): 0.009287925696594427, (15, 1): 0.02476780185758514, (15, 2): 0.021671826625386997, (15, 3): 0.021671826625386997, (15, 4): 0.02476780185758514, (15, 5): 0.021671826625386997, (15, 6): 0.021671826625386997, (15, 7): 0.02476780185758514, (15, 8): 0.021671826625386997, (15, 9): 0.021671826625386997, (15, 10): 0.02476780185758514, (15, 11): 0.02476780185758514, (15, 12): 0.01238390092879257, (15, 13): 0.018575851393188854, (15, 14): 0.02476780185758514, (15, 15): 0.021671826625386997, (15, 16): 0.02476780185758514, (15, 17): 0.015479876160990714, (16, 0): 0.009287925696594427, (16, 1): 0.02476780185758514, (16, 2): 0.018575851393188854, (16, 3): 0.02476780185758514, (16, 4): 0.021671826625386997, (16, 5): 0.021671826625386997, (16, 6): 0.02476780185758514, (16, 7): 0.02476780185758514, (16, 8): 0.021671826625386997, (16, 9): 0.02476780185758514, (16, 10): 0.02476780185758514, (16, 11): 0.02476780185758514, (16, 12): 0.02476780185758514, (16, 13): 0.021671826625386997, (16, 14): 0.02476780185758514, (16, 15): 0.021671826625386997, (16, 16): 0.02476780185758514, (16, 17): 0.015479876160990714, (17, 0): 0.006191950464396285, (17, 1): 0.01238390092879257, (17, 2): 0.01238390092879257, (17, 3): 0.015479876160990714, (17, 4): 0.01238390092879257, (17, 5): 0.015479876160990714, (17, 6): 0.015479876160990714, (17, 7): 0.015479876160990714, (17, 8): 0.015479876160990714, (17, 9): 0.015479876160990714, (17, 10): 0.015479876160990714, (17, 11): 0.01238390092879257, (17, 12): 0.01238390092879257, (17, 13): 0.015479876160990714, (17, 14): 0.015479876160990714, (17, 15): 0.015479876160990714, (17, 16): 0.015479876160990714, (17, 17): 0.009287925696594427}
eigenvector centrality: {(0, 0): 0.001191158665908948, (0, 1): 0.0027864471802505, (0, 2): 0.0043423187244202325, (0, 3): 0.005962963363343346, (0, 4): 0.00822643845825792, (0, 5): 0.009898667597810166, (0, 6): 0.010689644021669846, (0, 7): 0.009552482447117261, (0, 8): 0.007116956965164704, (0, 9): 0.010834746425573695, (0, 10): 0.008498535470649887, (0, 11): 0.009365983523080785, (0, 12): 0.004078431600674528, (0, 13): 0.008667443014315218, (0, 14): 0.008948097459395739, (0, 15): 0.007721948369686522, (0, 16): 0.00470281278783635, (0, 17): 0.0027135779502254387, (1, 0): 0.0029041835098887027, (1, 1): 0.0058087213292443715, (1, 2): 0.005860071069834685, (1, 3): 0.01091510667153593, (1, 4): 0.013683609148505634, (1, 5): 0.01889997288706298, (1, 6): 0.01992709648302653, (1, 7): 0.018856031918283642, (1, 8): 0.019455933252436247, (1, 9): 0.021663635135922083, (1, 10): 0.02144607635244352, (1, 11): 0.019676693683875635, (1, 12): 0.017961502086417735, (1, 13): 0.020761533621295184, (1, 14): 0.01974072651779914, (1, 15): 0.01634305776795109, (1, 16): 0.010687760093130792, (1, 17): 0.0041899067321457175, (2, 0): 0.004426825939013729, (2, 1): 0.007934080877798394, (2, 2): 0.012469617838072258, (2, 3): 0.017966551787326115, (2, 4): 0.022719471697867685, (2, 5): 0.02686867035204875, (2, 6): 0.02436507541776942, (2, 7): 0.02465957043985888, (2, 8): 0.020294627173564256, (2, 9): 0.03452901654914016, (2, 10): 0.042643008608222295, (2, 11): 0.04206776203297598, (2, 12): 0.03323389079855823, (2, 13): 0.029066842785761306, (2, 14): 0.028113619738180363, (2, 15): 0.02282193993074101, (2, 16): 0.015190708501033672, (2, 17): 0.007626250621785637, (3, 0): 0.003987688705562951, (3, 1): 0.011308600791572995, (3, 2): 0.01634549868635836, (3, 3): 0.02475541831526087, (3, 4): 0.028755234337278727, (3, 5): 0.035779354605706554, (3, 6): 0.029750281156400188, (3, 7): 0.03082363480621989, (3, 8): 0.0347613241462423, (3, 9): 0.051937613199862974, (3, 10): 0.05839913360847288, (3, 11): 0.05798416837473637, (3, 12): 0.05220856571558748, (3, 13): 0.037720571800381006, (3, 14): 0.033424411171507795, (3, 15): 0.022982927845721726, (3, 16): 0.01819503307845179, (3, 17): 0.006765911354811338, (4, 0): 0.0060873189178736525, (4, 1): 0.01032638227823606, (4, 2): 0.024011706288140863, (4, 3): 0.03393022801686102, (4, 4): 0.03877946514975162, (4, 5): 0.045474600881790034, (4, 6): 0.04146691954680841, (4, 7): 0.051068645267359554, (4, 8): 0.05781459452753701, (4, 9): 0.05907095238388883, (4, 10): 0.06726155790459004, (4, 11): 0.0659049390448414, (4, 12): 0.05668553492882057, (4, 13): 0.054064739342209164, (4, 14): 0.04207318103278474, (4, 15): 0.033408174772951695, (4, 16): 0.014686693201113581, (4, 17): 0.00780944917493919, (5, 0): 0.005529543243811378, (5, 1): 0.012773213197533896, (5, 2): 0.025175323162579626, (5, 3): 0.03865174689425005, (5, 4): 0.048363526389784826, (5, 5): 0.05287511168961773, (5, 6): 0.05237159741789787, (5, 7): 0.061653392852756124, (5, 8): 0.059865533189053396, (5, 9): 0.06800374098682518, (5, 10): 0.06296764720888465, (5, 11): 0.0610831575047279, (5, 12): 0.05897187308394152, (5, 13): 0.058818443270503, (5, 14): 0.050222065394575334, (5, 15): 0.03593701728423988, (5, 16): 0.02354818844379298, (5, 17): 0.007842865844822133, (6, 0): 0.006866125211419421, (6, 1): 0.014174190968623709, (6, 2): 0.019563364152783296, (6, 3): 0.038559576616865376, (6, 4): 0.050526457134665165, (6, 5): 0.05019273493746617, (6, 6): 0.0543702603383647, (6, 7): 0.0710028766692923, (6, 8): 0.05692853333668921, (6, 9): 0.06337281046850632, (6, 10): 0.06342994353077228, (6, 11): 0.06961580294516154, (6, 12): 0.0593638137875807, (6, 13): 0.05266990022278376, (6, 14): 0.0503790247675457, (6, 15): 0.035048980004644265, (6, 16): 0.024640066159155805, (6, 17): 0.01054918821374774, (7, 0): 0.00734384422985981, (7, 1): 0.009724975573678508, (7, 2): 0.015304253624201916, (7, 3): 0.03813877430744873, (7, 4): 0.06208650327871066, (7, 5): 0.07387102466217882, (7, 6): 0.07447055519749388, (7, 7): 0.08056328732898817, (7, 8): 0.07213617053658317, (7, 9): 0.06620184154352537, (7, 10): 0.0707348079447019, (7, 11): 0.05681562248224946, (7, 12): 0.06898163653810947, (7, 13): 0.05822851534200319, (7, 14): 0.03407383887672882, (7, 15): 0.038536967866386954, (7, 16): 0.029650271203731822, (7, 17): 0.01508203074347463, (8, 0): 0.007832009786613971, (8, 1): 0.014396161223613096, (8, 2): 0.02623853576144477, (8, 3): 0.04551893647001209, (8, 4): 0.06794149024477551, (8, 5): 0.08327266037202183, (8, 6): 0.09019971806168671, (8, 7): 0.08828532350744238, (8, 8): 0.07395958694248136, (8, 9): 0.07715712454970412, (8, 10): 0.04335431291932994, (8, 11): 0.07048262044203434, (8, 12): 0.066742938690352, (8, 13): 0.06385995397826601, (8, 14): 0.058186295889787465, (8, 15): 0.046108323308981014, (8, 16): 0.02696191189721453, (8, 17): 0.01703235390035995, (9, 0): 0.008541604039045018, (9, 1): 0.01651002899366212, (9, 2): 0.027693463248253294, (9, 3): 0.04708337973265237, (9, 4): 0.05928834741975763, (9, 5): 0.08101515492113211, (9, 6): 0.09203458729689773, (9, 7): 0.07738237112804529, (9, 8): 0.07633528088884212, (9, 9): 0.0719784609442331, (9, 10): 0.08208032171961069, (9, 11): 0.08288249954681129, (9, 12): 0.08037974096060899, (9, 13): 0.06968026194114918, (9, 14): 0.05862789810363128, (9, 15): 0.05076870551909583, (9, 16): 0.03592121005235509, (9, 17): 0.0152935041331764, (10, 0): 0.005836167676498691, (10, 1): 0.01706318485861527, (10, 2): 0.02860101553883928, (10, 3): 0.0330301448070059, (10, 4): 0.0514496651793837, (10, 5): 0.06997294560096044, (10, 6): 0.0704611793256476, (10, 7): 0.10355126440689685, (10, 8): 0.11037803944383723, (10, 9): 0.09950574819232813, (10, 10): 0.11075049471674292, (10, 11): 0.11908732195624229, (10, 12): 0.10730831744016368, (10, 13): 0.07722061004955935, (10, 14): 0.057250894083233736, (10, 15): 0.04564365204608595, (10, 16): 0.03766054837114149, (10, 17): 0.01974821198086726, (11, 0): 0.00597325850862252, (11, 1): 0.01701842756071142, (11, 2): 0.02946763653273648, (11, 3): 0.04621839584592639, (11, 4): 0.05789191930376434, (11, 5): 0.06909154414145295, (11, 6): 0.09280068346237784, (11, 7): 0.10122611467591386, (11, 8): 0.12663832218552265, (11, 9): 0.13990589590972166, (11, 10): 0.1345743155078957, (11, 11): 0.14117986390776732, (11, 12): 0.12022180303640445, (11, 13): 0.08372343057251386, (11, 14): 0.06043888959698793, (11, 15): 0.050761218722717515, (11, 16): 0.036578326863038906, (11, 17): 0.017055852524466, (12, 0): 0.004256099376970498, (12, 1): 0.009022882541791455, (12, 2): 0.028425232225878116, (12, 3): 0.0422897059275591, (12, 4): 0.062369363060185555, (12, 5): 0.076373438373867, (12, 6): 0.08723967936929848, (12, 7): 0.09176298117438346, (12, 8): 0.11811171340350347, (12, 9): 0.14942617789872567, (12, 10): 0.16022954837719988, (12, 11): 0.15056263887697827, (12, 12): 0.11607567645833468, (12, 13): 0.07241029586554157, (12, 14): 0.05050572139822304, (12, 15): 0.0491397062853639, (12, 16): 0.029093958498061876, (12, 17): 0.014859377655270527, (13, 0): 0.0037671745002246346, (13, 1): 0.00992765055798212, (13, 2): 0.022908602265231646, (13, 3): 0.03819934394915873, (13, 4): 0.057894443313244164, (13, 5): 0.06211880059348694, (13, 6): 0.06172993915826177, (13, 7): 0.07444863542351621, (13, 8): 0.10201345938888164, (13, 9): 0.14136756135487633, (13, 10): 0.15547957973795296, (13, 11): 0.1437873073318629, (13, 12): 0.11497537642455213, (13, 13): 0.08320056771932854, (13, 14): 0.059982848547467826, (13, 15): 0.03766253801447355, (13, 16): 0.029588491744812342, (13, 17): 0.011970400011578881, (14, 0): 0.003978510695977289, (14, 1): 0.011425962643369167, (14, 2): 0.020260598435150712, (14, 3): 0.03504827553066585, (14, 4): 0.0487532527531532, (14, 5): 0.052634478398747984, (14, 6): 0.06300703127150616, (14, 7): 0.051913845368974906, (14, 8): 0.07958406335143352, (14, 9): 0.1213202549015161, (14, 10): 0.13400421324756262, (14, 11): 0.12131064941604144, (14, 12): 0.08499453225632801, (14, 13): 0.05737107882011351, (14, 14): 0.04409619411261627, (14, 15): 0.038476270842287545, (14, 16): 0.019479401515382876, (14, 17): 0.012841569259544789, (15, 0): 0.0030131605382246983, (15, 1): 0.010504103311672128, (15, 2): 0.014874431183645922, (15, 3): 0.02622818373133954, (15, 4): 0.03867684323008026, (15, 5): 0.041021465852199394, (15, 6): 0.04765035219874129, (15, 7): 0.063166722775974, (15, 8): 0.07199663337642066, (15, 9): 0.08616088948952591, (15, 10): 0.10489473165723397, (15, 11): 0.09271380736752191, (15, 12): 0.044582942048007154, (15, 13): 0.03303459976389625, (15, 14): 0.03782756157125639, (15, 15): 0.02803369620384639, (15, 16): 0.020991474451187327, (15, 17): 0.010640795421597902, (16, 0): 0.0027834291911816335, (16, 1): 0.0072615147964319665, (16, 2): 0.012204013950542596, (16, 3): 0.01945527429507997, (16, 4): 0.023474164193297155, (16, 5): 0.03249238291752758, (16, 6): 0.04197388007550734, (16, 7): 0.04956931650398012, (16, 8): 0.05014384302875099, (16, 9): 0.06784520064491842, (16, 10): 0.0715719269406006, (16, 11): 0.06204203830123247, (16, 12): 0.04566487940464987, (16, 13): 0.027264655786551382, (16, 14): 0.026168813515721114, (16, 15): 0.01853605668043354, (16, 16): 0.015264553329316507, (16, 17): 0.008212003448471922, (17, 0): 0.0013278382829413446, (17, 1): 0.0023206943807592213, (17, 2): 0.0053742771188108355, (17, 3): 0.009745484467547798, (17, 4): 0.009819706941700174, (17, 5): 0.018188220013914982, (17, 6): 0.02349401832969794, (17, 7): 0.02731958449782091, (17, 8): 0.03196963352951466, (17, 9): 0.035829936819181826, (17, 10): 0.037035255496866225, (17, 11): 0.02997501585606808, (17, 12): 0.021286246429005878, (17, 13): 0.01864025367533989, (17, 14): 0.014132521633261555, (17, 15): 0.011377383955040354, (17, 16): 0.00800280444876679, (17, 17): 0.004362144339170275}
closeness centrality: {(0, 0): 0.08622530699412707, (0, 1): 0.0892018779342723, (0, 2): 0.09354184766869389, (0, 3): 0.09685157421289356, (0, 4): 0.09932349323493235, (0, 5): 0.10166824047843878, (0, 6): 0.10426081342801807, (0, 7): 0.10528031290743155, (0, 8): 0.10607553366174056, (0, 9): 0.10611038107752957, (0, 10): 0.10442935661170384, (0, 11): 0.10339308578745199, (0, 12): 0.09644670050761421, (0, 13): 0.09984544049459042, (0, 14): 0.09705528846153846, (0, 15): 0.09324480369515012, (0, 16): 0.0896973063038045, (0, 17): 0.08666487791789643, (1, 0): 0.09007250418293362, (1, 1): 0.0943065693430657, (1, 2): 0.09764207980652963, (1, 3): 0.1025071405902888, (1, 4): 0.10638998682476944, (1, 5): 0.10919540229885058, (1, 6): 0.11134091692519821, (1, 7): 0.11381254404510219, (1, 8): 0.11421499292786422, (1, 9): 0.11389280677009873, (1, 10): 0.11297656523259882, (1, 11): 0.1117260463507437, (1, 12): 0.10941734417344173, (1, 13): 0.10667107001321004, (1, 14): 0.10240963855421686, (1, 15): 0.09832572298325723, (1, 16): 0.09477699530516431, (1, 17): 0.08997214484679665, (2, 0): 0.09375907111756168, (2, 1): 0.0986560781918143, (2, 2): 0.10355883295928182, (2, 3): 0.10904794058068873, (2, 4): 0.11301609517144856, (2, 5): 0.1170714026821312, (2, 6): 0.11967395331604298, (2, 7): 0.12133734034560481, (2, 8): 0.12193280483201208, (2, 9): 0.12253414264036419, (2, 10): 0.12234848484848485, (2, 11): 0.12020841086713807, (2, 12): 0.1171563293434893, (2, 13): 0.11254355400696864, (2, 14): 0.10817146684527797, (2, 15): 0.1042271700548564, (2, 16): 0.09868622059272839, (2, 17): 0.09392265193370165, (3, 0): 0.09533648170011806, (3, 1): 0.10286624203821657, (3, 2): 0.10864446686848302, (3, 3): 0.11413427561837455, (3, 4): 0.12020841086713807, (3, 5): 0.12437427801309203, (3, 6): 0.1281237604125347, (3, 7): 0.12945891783567134, (3, 8): 0.13071630918656416, (3, 9): 0.13264887063655031, (3, 10): 0.13076923076923078, (3, 11): 0.1285828025477707, (3, 12): 0.1239447429009977, (3, 13): 0.11905639513453742, (3, 14): 0.11470170454545454, (3, 15): 0.1086079354404842, (3, 16): 0.10316192909613542, (3, 17): 0.0964179104477612, (4, 0): 0.09856576136710406, (4, 1): 0.10470016207455429, (4, 2): 0.11337311337311337, (4, 3): 0.11980712166172107, (4, 4): 0.12568093385214008, (4, 5): 0.13205233033524122, (4, 6): 0.13508992053534086, (4, 7): 0.1386861313868613, (4, 8): 0.14074074074074075, (4, 9): 0.14104803493449783, (4, 10): 0.1400086692674469, (4, 11): 0.135203013813311, (4, 12): 0.13066343042071196, (4, 13): 0.1266170129361035, (4, 14): 0.11958533876342095, (4, 15): 0.11341292134831461, (4, 16): 0.10583224115334207, (4, 17): 0.09950708564386938, (5, 0): 0.10065440947335619, (5, 1): 0.10813525276196853, (5, 2): 0.1170714026821312, (5, 3): 0.12475859405175743, (5, 4): 0.13151465798045603, (5, 5): 0.136980491942324, (5, 6): 0.14317375886524822, (5, 7): 0.1472196900638104, (5, 8): 0.14932963476652797, (5, 9): 0.1490539916935856, (5, 10): 0.14622000905387053, (5, 11): 0.14247904719894133, (5, 12): 0.13838903170522707, (5, 13): 0.13140764849471115, (5, 14): 0.12504839334107626, (5, 15): 0.1169442433019551, (5, 16): 0.10904794058068873, (5, 17): 0.10154039610185477, (6, 0): 0.10286624203821657, (6, 1): 0.11035189613939186, (6, 2): 0.11927621861152142, (6, 3): 0.12807295796986518, (6, 4): 0.13582842724978975, (6, 5): 0.14235345967386515, (6, 6): 0.1490539916935856, (6, 7): 0.15461943513642892, (6, 8): 0.15618955512572533, (6, 9): 0.15603864734299516, (6, 10): 0.15279091769157993, (6, 11): 0.1499535747446611, (6, 12): 0.14336440301819794, (6, 13): 0.1365750528541226, (6, 14): 0.12822548630408892, (6, 15): 0.11976269929551353, (6, 16): 0.11207494795281055, (6, 17): 0.1041263700838169, (7, 0): 0.10521172638436482, (7, 1): 0.11207494795281055, (7, 2): 0.11762563729060452, (7, 3): 0.12935522627152582, (7, 4): 0.13904433921653034, (7, 5): 0.14782608695652175, (7, 6): 0.1538095238095238, (7, 7): 0.15848871442590776, (7, 8): 0.16166166166166165, (7, 9): 0.16045702930948832, (7, 10): 0.1594274432379072, (7, 11): 0.15271867612293144, (7, 12): 0.14775846294602013, (7, 13): 0.13952483801295895, (7, 14): 0.12966680048173423, (7, 15): 0.1224412433661865, (7, 16): 0.11389280677009873, (7, 17): 0.10531463971307467, (8, 0): 0.10614525139664804, (8, 1): 0.11337311337311337, (8, 2): 0.12234848484848485, (8, 3): 0.13124746038195856, (8, 4): 0.14025184541901867, (8, 5): 0.14939870490286772, (8, 6): 0.15694849368318756, (8, 7): 0.16093672147483806, (8, 8): 0.16263846928499495, (8, 9): 0.16538658474142345, (8, 10): 0.15966386554621848, (8, 11): 0.15694849368318756, (8, 12): 0.14850574712643677, (8, 13): 0.14080209241499564, (8, 14): 0.1327579120427456, (8, 15): 0.12337662337662338, (8, 16): 0.11385266126189637, (8, 17): 0.1062849621586048, (9, 0): 0.10545217107411035, (9, 1): 0.11397318278052224, (9, 2): 0.12253414264036419, (9, 3): 0.13205233033524122, (9, 4): 0.14031277150304083, (9, 5): 0.1484375, (9, 6): 0.15603864734299516, (9, 7): 0.16101694915254236, (9, 8): 0.1643765903307888, (9, 9): 0.16337885685381892, (9, 10): 0.16272040302267002, (9, 11): 0.15566265060240964, (9, 12): 0.14912280701754385, (9, 13): 0.140986468790921, (9, 14): 0.13243132431324314, (9, 15): 0.1233295150820924, (9, 16): 0.11449840482098547, (9, 17): 0.10572831423895254, (10, 0): 0.10385852090032155, (10, 1): 0.11333333333333333, (10, 2): 0.12239484653277757, (10, 3): 0.13003220611916264, (10, 4): 0.13916415338216287, (10, 5): 0.14622000905387053, (10, 6): 0.1522866572371523, (10, 7): 0.1594274432379072, (10, 8): 0.16182364729458917, (10, 9): 0.16198595787362086, (10, 10): 0.15848871442590776, (10, 11): 0.15432393693263258, (10, 12): 0.1474212688270196, (10, 13): 0.13821138211382114, (10, 14): 0.1303996770286637, (10, 15): 0.12170308967596082, (10, 16): 0.11385266126189637, (10, 17): 0.10528031290743155, (11, 0): 0.10355883295928182, (11, 1): 0.11207494795281055, (11, 2): 0.12016369047619048, (11, 3): 0.12863401035444047, (11, 4): 0.13508992053534086, (11, 5): 0.14247904719894133, (11, 6): 0.14926062846580407, (11, 7): 0.1535171102661597, (11, 8): 0.15702479338842976, (11, 9): 0.15634075508228462, (11, 10): 0.15286322763842877, (11, 11): 0.14981447124304267, (11, 12): 0.14432529043789097, (11, 13): 0.13605728727885424, (11, 14): 0.12711530893349074, (11, 15): 0.11985157699443413, (11, 16): 0.11134091692519821, (11, 17): 0.10399227301996136, (12, 0): 0.10218285352736475, (12, 1): 0.10897435897435898, (12, 2): 0.11724137931034483, (12, 3): 0.12432640492686682, (12, 4): 0.13151465798045603, (12, 5): 0.1376224968044312, (12, 6): 0.14304694419840566, (12, 7): 0.14715261958997722, (12, 8): 0.1485740570377185, (12, 9): 0.14912280701754385, (12, 10): 0.1478937728937729, (12, 11): 0.14304694419840566, (12, 12): 0.13803418803418804, (12, 13): 0.1322144903806795, (12, 14): 0.12437427801309203, (12, 15): 0.11589522784355938, (12, 16): 0.109011137360783, (12, 17): 0.1017643352236925, (13, 0): 0.09938461538461539, (13, 1): 0.10524600847181492, (13, 2): 0.11293706293706293, (13, 3): 0.11958533876342095, (13, 4): 0.12656739811912227, (13, 5): 0.13183673469387755, (13, 6): 0.13577133249264398, (13, 7): 0.13850771869639794, (13, 8): 0.13982683982683983, (13, 9): 0.14092495636998253, (13, 10): 0.13976633491994808, (13, 11): 0.13645965356991974, (13, 12): 0.13124746038195856, (13, 13): 0.126171875, (13, 14): 0.12016369047619048, (13, 15): 0.11305565278263913, (13, 16): 0.10559006211180125, (13, 17): 0.09947643979057591, (14, 0): 0.09598811292719168, (14, 1): 0.10267005721551176, (14, 2): 0.10842564618999664, (14, 3): 0.1147424511545293, (14, 4): 0.11994058670627553, (14, 5): 0.125, (14, 6): 0.1280221957986524, (14, 7): 0.13003220611916264, (14, 8): 0.1319983653453208, (14, 9): 0.13156822810590632, (14, 10): 0.1305050505050505, (14, 11): 0.1284805091487669, (14, 12): 0.12480680061823803, (14, 13): 0.11923218899963087, (14, 14): 0.11441728657456607, (14, 15): 0.10912162162162162, (14, 16): 0.10186061179438663, (14, 17): 0.0961882072662299, (15, 0): 0.0923120891683338, (15, 1): 0.0986560781918143, (15, 2): 0.10296461587503984, (15, 3): 0.10875420875420876, (15, 4): 0.11349262122276879, (15, 5): 0.1166907514450867, (15, 6): 0.11940850277264325, (15, 7): 0.12248767538869929, (15, 8): 0.12286040319513122, (15, 9): 0.12170308967596082, (15, 10): 0.12151993980436418, (15, 11): 0.11985157699443413, (15, 12): 0.11560486757337152, (15, 13): 0.11122589531680441, (15, 14): 0.10838926174496644, (15, 15): 0.10385852090032155, (15, 16): 0.09911015648972077, (15, 17): 0.09286946520989074, (16, 0): 0.08994708994708994, (16, 1): 0.09378629500580721, (16, 2): 0.09883720930232558, (16, 3): 0.10309607405043089, (16, 4): 0.10593637258117415, (16, 5): 0.10882749326145552, (16, 6): 0.11211384935786185, (16, 7): 0.11385266126189637, (16, 8): 0.11449840482098547, (16, 9): 0.11409395973154363, (16, 10): 0.11238691718858733, (16, 11): 0.1110729023383769, (16, 12): 0.10923233006425431, (16, 13): 0.10463232912212504, (16, 14): 0.10122218740206831, (16, 15): 0.09847560975609757, (16, 16): 0.09455503512880561, (16, 17): 0.09037493005036373, (17, 0): 0.08579017264276229, (17, 1): 0.08922651933701657, (17, 2): 0.0938680616099971, (17, 3): 0.09667764142472314, (17, 4): 0.0992014742014742, (17, 5): 0.10211824217515017, (17, 6): 0.10419354838709677, (17, 7): 0.1054177545691906, (17, 8): 0.10625, (17, 9): 0.10625, (17, 10): 0.10483609217786433, (17, 11): 0.10296461587503984, (17, 12): 0.10166824047843878, (17, 13): 0.09956843403205919, (17, 14): 0.09539279385705847, (17, 15): 0.09233847913093196, (17, 16): 0.08987200890372844, (17, 17): 0.08645610278372591}
betweenness centrality: {(0, 0): 0.0, (0, 1): 0.001139429788455137, (0, 2): 0.0031822074850168945, (0, 3): 0.003200669788076637, (0, 4): 0.002804507435462097, (0, 5): 0.0030333676521594965, (0, 6): 0.0037600365369194855, (0, 7): 0.002486981608266344, (0, 8): 0.0026842975398204756, (0, 9): 0.005296569447749708, (0, 10): 0.0012790888508128085, (0, 11): 0.0016361377310038158, (0, 12): 0.0, (0, 13): 0.0017964573665743312, (0, 14): 0.0017018272657507022, (0, 15): 0.0007960341819767138, (0, 16): 0.0011315992237297442, (0, 17): 8.012358261382355e-06, (1, 0): 0.0005485644652748863, (1, 1): 0.00991190388511757, (1, 2): 0.005360354953185098, (1, 3): 0.012675486021401162, (1, 4): 0.012791937901942342, (1, 5): 0.014032033595136183, (1, 6): 0.013552227406490008, (1, 7): 0.019619326082348627, (1, 8): 0.017827060547613776, (1, 9): 0.011439456547305854, (1, 10): 0.011521366139800633, (1, 11): 0.00766823543843135, (1, 12): 0.014569179813956818, (1, 13): 0.018638092010346455, (1, 14): 0.01248391308369203, (1, 15): 0.010897005693914193, (1, 16): 0.007334859284592638, (1, 17): 0.0010561275472399118, (2, 0): 0.0016233895477263825, (2, 1): 0.008613571492744852, (2, 2): 0.019738748437919257, (2, 3): 0.013938837818909464, (2, 4): 0.01975809739604563, (2, 5): 0.02406093795509288, (2, 6): 0.02373997897193879, (2, 7): 0.02042528654118621, (2, 8): 0.012048298669004077, (2, 9): 0.01865532278358214, (2, 10): 0.0292969726796928, (2, 11): 0.030892317443617826, (2, 12): 0.022178216725523673, (2, 13): 0.019578356623753936, (2, 14): 0.019674651463498113, (2, 15): 0.01865223413625846, (2, 16): 0.009590128639489721, (2, 17): 0.002220808603526989, (3, 0): 0.0010704910349352997, (3, 1): 0.010361331495943952, (3, 2): 0.01842074726248773, (3, 3): 0.025488295446319042, (3, 4): 0.022997681825165307, (3, 5): 0.03300940079938595, (3, 6): 0.029149925788369724, (3, 7): 0.021168063594854066, (3, 8): 0.020555746498118845, (3, 9): 0.04222783890849748, (3, 10): 0.035775141971848966, (3, 11): 0.03898830425859729, (3, 12): 0.03496961729837413, (3, 13): 0.019473894085379702, (3, 14): 0.027974793767900227, (3, 15): 0.012274017287020544, (3, 16): 0.016379695681752706, (3, 17): 0.0010477520820011718, (4, 0): 0.0030753629139905663, (4, 1): 0.006097917631108935, (4, 2): 0.028425724167988907, (4, 3): 0.03269320907997749, (4, 4): 0.03296808615861674, (4, 5): 0.03924144120685935, (4, 6): 0.023370428055763254, (4, 7): 0.039293854476578315, (4, 8): 0.04977658929179798, (4, 9): 0.033847654088700496, (4, 10): 0.05026685967909176, (4, 11): 0.03165525313631132, (4, 12): 0.020804379423553072, (4, 13): 0.04513066035431443, (4, 14): 0.016190853971068443, (4, 15): 0.032094750858554184, (4, 16): 0.004565867700131887, (4, 17): 0.004576921152752066, (5, 0): 0.0020382773849943496, (5, 1): 0.01300780537345698, (5, 2): 0.020250025391497256, (5, 3): 0.03783797469998353, (5, 4): 0.03792108786582813, (5, 5): 0.036053302424193974, (5, 6): 0.033713365479137974, (5, 7): 0.04328498783213981, (5, 8): 0.05068967794321226, (5, 9): 0.059132658045197864, (5, 10): 0.03189848638858753, (5, 11): 0.02822302593479726, (5, 12): 0.04038426305899582, (5, 13): 0.030164460063385853, (5, 14): 0.03860979416275677, (5, 15): 0.015280268967728819, (5, 16): 0.02038829757279137, (5, 17): 0.001969193055655404, (6, 0): 0.0052248472380470295, (6, 1): 0.014714763600190955, (6, 2): 0.018050396071227198, (6, 3): 0.0285046841353401, (6, 4): 0.03262275435940998, (6, 5): 0.028148027296531125, (6, 6): 0.041643798669460254, (6, 7): 0.06055100431653607, (6, 8): 0.039420204611779204, (6, 9): 0.04057224189223325, (6, 10): 0.03575767512221783, (6, 11): 0.06997207304985743, (6, 12): 0.03525806545649746, (6, 13): 0.03789869412110152, (6, 14): 0.031027261143560712, (6, 15): 0.018904535834834993, (6, 16): 0.010618002984606878, (6, 17): 0.0066187253244124646, (7, 0): 0.007267759390980642, (7, 1): 0.01268269365555229, (7, 2): 0.0036830380421473937, (7, 3): 0.030484262274084357, (7, 4): 0.04119493310086092, (7, 5): 0.0576073083602616, (7, 6): 0.048326353825140535, (7, 7): 0.053576036115678585, (7, 8): 0.04855407628971673, (7, 9): 0.029969225805828864, (7, 10): 0.07971558343098803, (7, 11): 0.02155453694131281, (7, 12): 0.06002351736514875, (7, 13): 0.04296230636359532, (7, 14): 0.010824984739230367, (7, 15): 0.020921888358383788, (7, 16): 0.020474840508204285, (7, 17): 0.004140565781828076, (8, 0): 0.006449557210483517, (8, 1): 0.01669441400384338, (8, 2): 0.01385866335013781, (8, 3): 0.022653620187487917, (8, 4): 0.04683764778998555, (8, 5): 0.04921581431208907, (8, 6): 0.05882878208584718, (8, 7): 0.0494370948516237, (8, 8): 0.03153334519180738, (8, 9): 0.08304056969208842, (8, 10): 0.014263285057371356, (8, 11): 0.06412314185525315, (8, 12): 0.0306979281235759, (8, 13): 0.03186574811548285, (8, 14): 0.04393494863206374, (8, 15): 0.028816170532360717, (8, 16): 0.008816878336322094, (8, 17): 0.005595518754488724, (9, 0): 0.005032893427298535, (9, 1): 0.015004928302566016, (9, 2): 0.021357458198077182, (9, 3): 0.03893690963290027, (9, 4): 0.02946966572920422, (9, 5): 0.04610780993826838, (9, 6): 0.0576866449745981, (9, 7): 0.04038186852097586, (9, 8): 0.05014930596388623, (9, 9): 0.021224534913598277, (9, 10): 0.07753626089611758, (9, 11): 0.042200482240390386, (9, 12): 0.03737678632367305, (9, 13): 0.03759841976957703, (9, 14): 0.02847610912244229, (9, 15): 0.030310077433778736, (9, 16): 0.018204842849413785, (9, 17): 0.0018268124246675341, (10, 0): 8.653346922292943e-06, (10, 1): 0.017920587404842217, (10, 2): 0.029151898840246514, (10, 3): 0.01791740554866866, (10, 4): 0.035033196110801905, (10, 5): 0.03971001742197629, (10, 6): 0.02338728497565869, (10, 7): 0.07391621053944923, (10, 8): 0.05616790894495836, (10, 9): 0.04672159974829592, (10, 10): 0.041901952400898744, (10, 11): 0.06685930788035337, (10, 12): 0.05373840579789097, (10, 13): 0.03247234752178248, (10, 14): 0.0263980778337279, (10, 15): 0.018451534205991733, (10, 16): 0.017110163202711054, (10, 17): 0.00290546841133905, (11, 0): 0.0019243544857908473, (11, 1): 0.01927534834582958, (11, 2): 0.0153067266259482, (11, 3): 0.03563883983507247, (11, 4): 0.029130778812817195, (11, 5): 0.03211091260174549, (11, 6): 0.05375783240530935, (11, 7): 0.03786831133926123, (11, 8): 0.06677213392245136, (11, 9): 0.058322881764518775, (11, 10): 0.03320526354220415, (11, 11): 0.04667351015564915, (11, 12): 0.05685294247761444, (11, 13): 0.03081700168474582, (11, 14): 0.0293755416687147, (11, 15): 0.027097195507049535, (11, 16): 0.014567240592279122, (11, 17): 0.001576647973339181, (12, 0): 0.004571682879747169, (12, 1): 0.009470719906268547, (12, 2): 0.022077650073361904, (12, 3): 0.026889369597186307, (12, 4): 0.03961188375825375, (12, 5): 0.0349262218102492, (12, 6): 0.04516450920839819, (12, 7): 0.043570403553206107, (12, 8): 0.03431110217159491, (12, 9): 0.049016266054583646, (12, 10): 0.04967918097225733, (12, 11): 0.04040909503897086, (12, 12): 0.03353751557756456, (12, 13): 0.03739024700915626, (12, 14): 0.022063853702057063, (12, 15): 0.026652562467259278, (12, 16): 0.012156608578516604, (12, 17): 0.002151469944349839, (13, 0): 0.004635818513412847, (13, 1): 0.0069887975955129095, (13, 2): 0.019475240873915577, (13, 3): 0.03069459782532097, (13, 4): 0.028947124601635985, (13, 5): 0.03588453505457299, (13, 6): 0.028261989924604214, (13, 7): 0.032779967965360104, (13, 8): 0.028276254018165223, (13, 9): 0.04268405721028183, (13, 10): 0.039607311532019615, (13, 11): 0.03333022482111863, (13, 12): 0.03930126567699723, (13, 13): 0.037424345540688485, (13, 14): 0.03264033531920917, (13, 15): 0.00853862710017802, (13, 16): 0.018552472524435697, (13, 17): 0.0018117999121387465, (14, 0): 0.003143066409390279, (14, 1): 0.01125152222903391, (14, 2): 0.022363905056046064, (14, 3): 0.013757290238784614, (14, 4): 0.02889917945818841, (14, 5): 0.03182552446068929, (14, 6): 0.03906992431347382, (14, 7): 0.012960156387807904, (14, 8): 0.026143685362698604, (14, 9): 0.03315615894183615, (14, 10): 0.03436990947664036, (14, 11): 0.028027838160840687, (14, 12): 0.018843870817065473, (14, 13): 0.028607301862712597, (14, 14): 0.0228309428864728, (14, 15): 0.02401313562667724, (14, 16): 0.005487241714831689, (14, 17): 0.0039835108746195174, (15, 0): 0.0002969792379038694, (15, 1): 0.015104962640999569, (15, 2): 0.010378765304930657, (15, 3): 0.01734122670641535, (15, 4): 0.028292857471137554, (15, 5): 0.02210003789104384, (15, 6): 0.017243560132202258, (15, 7): 0.03346020307747135, (15, 8): 0.024641734861396015, (15, 9): 0.018610888494633743, (15, 10): 0.02511581110533217, (15, 11): 0.028468298502816437, (15, 12): 0.0028596305471958313, (15, 13): 0.013063271079838904, (15, 14): 0.023797183057409108, (15, 15): 0.013599994048484883, (15, 16): 0.011512506776629986, (15, 17): 0.0015586530625187275, (16, 0): 0.0009281646774428289, (16, 1): 0.010151783933425309, (16, 2): 0.005876800173475671, (16, 3): 0.01746889446116747, (16, 4): 0.012812865175620919, (16, 5): 0.008866460515261186, (16, 6): 0.01739500179020453, (16, 7): 0.017837622014062075, (16, 8): 0.01725602838859493, (16, 9): 0.017024684286449838, (16, 10): 0.014455760876619624, (16, 11): 0.01552685400874025, (16, 12): 0.025494931521383397, (16, 13): 0.010220337006422933, (16, 14): 0.010101601532588742, (16, 15): 0.010047430057905152, (16, 16): 0.007889959979975948, (16, 17): 0.00126564985809152, (17, 0): 0.0, (17, 1): 0.0006469927101692684, (17, 2): 0.005113310829783459, (17, 3): 0.002875917490630047, (17, 4): 0.0016745985665085217, (17, 5): 0.0053721492671157615, (17, 6): 0.003728366957737591, (17, 7): 0.0038154760823024226, (17, 8): 0.0039605876962278625, (17, 9): 0.0042689796208364396, (17, 10): 0.004077355936830737, (17, 11): 0.003187836224448867, (17, 12): 0.0033541447944005587, (17, 13): 0.005251535008014141, (17, 14): 0.0028018738913781274, (17, 15): 0.0016808897711275538, (17, 16): 0.0011976868190386979, (17, 17): 0.0}
katz centrality: {(0, 0): 0.025550273768572267, (0, 1): 0.03617970066928377, (0, 2): 0.03888971424426192, (0, 3): 0.0396429075366997, (0, 4): 0.04130057553333096, (0, 5): 0.04227794395332444, (0, 6): 0.042194410239236736, (0, 7): 0.03765784387142247, (0, 8): 0.03148474318169291, (0, 9): 0.03880397173067381, (0, 10): 0.034067247842436844, (0, 11): 0.03475406217685721, (0, 12): 0.026086923672889797, (0, 13): 0.03554620247288027, (0, 14): 0.037693534179073916, (0, 15): 0.03710984630611458, (0, 16): 0.03371405241175163, (0, 17): 0.02854956842647802, (1, 0): 0.034297024036171284, (1, 1): 0.04897853520477786, (1, 2): 0.0437369576273933, (1, 3): 0.05001453959280366, (1, 4): 0.05214278655754613, (1, 5): 0.05858307588127463, (1, 6): 0.05821408951019484, (1, 7): 0.05486664736448998, (1, 8): 0.050958789788642045, (1, 9): 0.050832310910104324, (1, 10): 0.05035212377220094, (1, 11): 0.04641781893297545, (1, 12): 0.0463589294092979, (1, 13): 0.05497853244435671, (1, 14): 0.05769313739059718, (1, 15): 0.056809323838009705, (1, 16): 0.04855796584180394, (1, 17): 0.03287916419956357, (2, 0): 0.03879278529871227, (2, 1): 0.04867471737727785, (2, 2): 0.053319677214444874, (2, 3): 0.05586460591344441, (2, 4): 0.058223346703699164, (2, 5): 0.06339971535292249, (2, 6): 0.0577333891508304, (2, 7): 0.05508336747678628, (2, 8): 0.044995338614433035, (2, 9): 0.057003916106849434, (2, 10): 0.06437972409488996, (2, 11): 0.06392160022241088, (2, 12): 0.05448150893157107, (2, 13): 0.05762657603183745, (2, 14): 0.06395401054375852, (2, 15): 0.06286884627827947, (2, 16): 0.056157343617056696, (2, 17): 0.040026175728688274, (3, 0): 0.034277154805046714, (3, 1): 0.05135591975218808, (3, 2): 0.055381575649776374, (3, 3): 0.05885995880792992, (3, 4): 0.060359672796583094, (3, 5): 0.06480739688037239, (3, 6): 0.053588894237063096, (3, 7): 0.05203509723060263, (3, 8): 0.053092265674378976, (3, 9): 0.06594722016258381, (3, 10): 0.06948901001180109, (3, 11): 0.06948873901831246, (3, 12): 0.06790364624139875, (3, 13): 0.06055149354573345, (3, 14): 0.06090301744134684, (3, 15): 0.05776467665576341, (3, 16): 0.05650448564279771, (3, 17): 0.03581829617399982, (4, 0): 0.03873285049840389, (4, 1): 0.04622669306441216, (4, 2): 0.06208639660719239, (4, 3): 0.06594324475714293, (4, 4): 0.06245814227513144, (4, 5): 0.06615395773865854, (4, 6): 0.05581234873717453, (4, 7): 0.06406490587962758, (4, 8): 0.06644364807567879, (4, 9): 0.06351277481592153, (4, 10): 0.07021102242022406, (4, 11): 0.07008060146515772, (4, 12): 0.06407577498401006, (4, 13): 0.06846566640329334, (4, 14): 0.061836008052467396, (4, 15): 0.06324497112251176, (4, 16): 0.04366959010022207, (4, 17): 0.0351504549397945, (5, 0): 0.03503570403087765, (5, 1): 0.0500885315198532, (5, 2): 0.05726801270712628, (5, 3): 0.06539552800183392, (5, 4): 0.06727865891419509, (5, 5): 0.06579817583952051, (5, 6): 0.06109178589488405, (5, 7): 0.06586276332702126, (5, 8): 0.06237775380781163, (5, 9): 0.06719919804717951, (5, 10): 0.06311539382227539, (5, 11): 0.06293278504734814, (5, 12): 0.06324514129454605, (5, 13): 0.06829666855838311, (5, 14): 0.06750041210338695, (5, 15): 0.05905334953835757, (5, 16): 0.05487366987911449, (5, 17): 0.03396359589037205, (6, 0): 0.03904558303134807, (6, 1): 0.05214557344751038, (6, 2): 0.04832167093809661, (6, 3): 0.05835467998797231, (6, 4): 0.061899972019821, (6, 5): 0.0564383867102093, (6, 6): 0.05650400429347014, (6, 7): 0.06637720132170684, (6, 8): 0.055611483448198065, (6, 9): 0.05997254479931979, (6, 10): 0.06040285747070491, (6, 11): 0.06647019714455718, (6, 12): 0.06178521753104987, (6, 13): 0.06069252420427981, (6, 14): 0.06502143919913686, (6, 15): 0.05804899214377856, (6, 16): 0.04966350107151866, (6, 17): 0.03559774217292849, (7, 0): 0.03922432016369387, (7, 1): 0.04361719933988447, (7, 2): 0.03851021093256276, (7, 3): 0.05593568314038729, (7, 4): 0.06691423235213563, (7, 5): 0.06847555658068184, (7, 6): 0.06367276958407787, (7, 7): 0.06709005815922588, (7, 8): 0.061216892890718314, (7, 9): 0.059268567015866316, (7, 10): 0.0633041935010583, (7, 11): 0.05435397856513158, (7, 12): 0.0652179024017965, (7, 13): 0.060652454847926814, (7, 14): 0.048106645589456924, (7, 15): 0.05751884319413779, (7, 16): 0.05651420464047208, (7, 17): 0.04028144950766527, (8, 0): 0.03883579825327391, (8, 1): 0.048254545753260845, (8, 2): 0.04979872879998516, (8, 3): 0.05885023924090915, (8, 4): 0.06826256734055021, (8, 5): 0.07058073668916415, (8, 6): 0.07013839500572917, (8, 7): 0.06728285956240047, (8, 8): 0.05975247367429699, (8, 9): 0.06208072256270576, (8, 10): 0.04123470269622646, (8, 11): 0.05891386294440989, (8, 12): 0.05888627037712789, (8, 13): 0.06008001659182076, (8, 14): 0.06449667636239553, (8, 15): 0.06299247112295826, (8, 16): 0.049451870509094546, (8, 17): 0.041242674870978, (9, 0): 0.03845128779202202, (9, 1): 0.048466127672216884, (9, 2): 0.05380749369987117, (9, 3): 0.06232869668154519, (9, 4): 0.06111048858295574, (9, 5): 0.06808553832606203, (9, 6): 0.06880331730778798, (9, 7): 0.057048612036230587, (9, 8): 0.05476157515427704, (9, 9): 0.05319252270416148, (9, 10): 0.057731796178791546, (9, 11): 0.058885812908048105, (9, 12): 0.06041417370048415, (9, 13): 0.06043962043166142, (9, 14): 0.06034856598515417, (9, 15): 0.06448364404917818, (9, 16): 0.05865975908803237, (9, 17): 0.03717496315285469, (10, 0): 0.030533983791427955, (10, 1): 0.04807792063837962, (10, 2): 0.054634936820666766, (10, 3): 0.051954176400754046, (10, 4): 0.05452383411809887, (10, 5): 0.060698429338911494, (10, 6): 0.05639311306576152, (10, 7): 0.06746098724195924, (10, 8): 0.06670358575847081, (10, 9): 0.060550571901411616, (10, 10): 0.06247296561045917, (10, 11): 0.0685281115568801, (10, 12): 0.06806354038323216, (10, 13): 0.060783582046620425, (10, 14): 0.05986514743524604, (10, 15): 0.059404769605723586, (10, 16): 0.05927267857151629, (10, 17): 0.04223001718635921, (11, 0): 0.030378785922382814, (11, 1): 0.04786229859127026, (11, 2): 0.054765917954494134, (11, 3): 0.06254972845634645, (11, 4): 0.06020829505600843, (11, 5): 0.06102315151045407, (11, 6): 0.06751520512077935, (11, 7): 0.06337831493871188, (11, 8): 0.06966164722591238, (11, 9): 0.07063712457038271, (11, 10): 0.0663206513790644, (11, 11): 0.07173108579835219, (11, 12): 0.06931658779870796, (11, 13): 0.06019192777990622, (11, 14): 0.0592659288406352, (11, 15): 0.06358086158182638, (11, 16): 0.05857517467914045, (11, 17): 0.0382730945603872, (12, 0): 0.029081645702243128, (12, 1): 0.03750313818251718, (12, 2): 0.053836138880357834, (12, 3): 0.05839947794550545, (12, 4): 0.066830005575918, (12, 5): 0.06771382180318898, (12, 6): 0.06670273855312474, (12, 7): 0.06143699294402047, (12, 8): 0.06395749073119092, (12, 9): 0.07214690236131499, (12, 10): 0.07421292892434166, (12, 11): 0.07313289315725217, (12, 12): 0.06491867736192322, (12, 13): 0.055471558091251975, (12, 14): 0.05375490146503018, (12, 15): 0.06301694005411623, (12, 16): 0.05230857335519492, (12, 17): 0.03732031006461951, (13, 0): 0.03111587724432966, (13, 1): 0.041493779375170355, (13, 2): 0.04857040237482195, (13, 3): 0.0583659234869618, (13, 4): 0.06688978934544659, (13, 5): 0.06280536634360712, (13, 6): 0.05481916471489042, (13, 7): 0.05799086634393389, (13, 8): 0.06073931124767165, (13, 9): 0.07123011221223408, (13, 10): 0.07436525551069127, (13, 11): 0.07222076244246346, (13, 12): 0.06789848054531658, (13, 13): 0.06435053428557262, (13, 14): 0.06334761985072003, (13, 15): 0.0527166292864994, (13, 16): 0.05627520967045462, (13, 17): 0.03569964112974401, (14, 0): 0.03273570737170479, (14, 1): 0.044984057228518996, (14, 2): 0.053338171207611564, (14, 3): 0.05828014502004385, (14, 4): 0.0655700806537572, (14, 5): 0.06058857081382237, (14, 6): 0.06341415487915254, (14, 7): 0.04737152979137674, (14, 8): 0.05508026949744123, (14, 9): 0.06927143972756346, (14, 10): 0.07218302231046457, (14, 11): 0.06890999215961748, (14, 12): 0.05624187264336681, (14, 13): 0.05339401350005706, (14, 14): 0.05813371758639934, (14, 15): 0.06229340242661248, (14, 16): 0.048304282180588555, (14, 17): 0.040747816395510124, (15, 0): 0.030095481337142148, (15, 1): 0.05081715609539609, (15, 2): 0.05254085404882431, (15, 3): 0.05655529500953933, (15, 4): 0.06316728631063888, (15, 5): 0.05870392839585115, (15, 6): 0.05887536407906987, (15, 7): 0.06264225649731275, (15, 8): 0.058584207134035594, (15, 9): 0.0614782890022489, (15, 10): 0.06870942854918607, (15, 11): 0.06530044168897976, (15, 12): 0.04183615609404533, (15, 13): 0.050651898390215534, (15, 14): 0.061105227473718035, (15, 15): 0.05652736233899422, (15, 16): 0.05617947406708964, (15, 17): 0.04067505509556343, (16, 0): 0.029885442786045296, (16, 1): 0.047057448092659535, (16, 2): 0.04718989706979337, (16, 3): 0.055122013973063114, (16, 4): 0.051872308605954986, (16, 5): 0.05463601882269565, (16, 6): 0.05915956879558138, (16, 7): 0.05926464077462193, (16, 8): 0.054328328210187286, (16, 9): 0.060389144238129966, (16, 10): 0.06097281804126121, (16, 11): 0.05824463651193422, (16, 12): 0.05556198876826085, (16, 13): 0.051441064467975556, (16, 14): 0.056538470294083494, (16, 15): 0.05172784392118162, (16, 16): 0.05237454754978963, (16, 17): 0.038799928950995224, (17, 0): 0.02480372717650569, (17, 1): 0.030635321860736253, (17, 2): 0.034262098740491, (17, 3): 0.03946170166679017, (17, 4): 0.03582619646693812, (17, 5): 0.04146143861191186, (17, 6): 0.042775791616287404, (17, 7): 0.042891747346402075, (17, 8): 0.04304464225568167, (17, 9): 0.04322806017581448, (17, 10): 0.043201167201223495, (17, 11): 0.03883251123343407, (17, 12): 0.0376873517312904, (17, 13): 0.0412813257530725, (17, 14): 0.04123988045745369, (17, 15): 0.041065598326562744, (17, 16): 0.038430739231458066, (17, 17): 0.029994971754390403}
;
