441 1231 3
4 2 1
0 2 1
21
param Vertices :=
1 0.0
2 0.1
3 0.2
4 0.3
5 0.4
6 0.5
7 0.6
8 0.7
9 0.8
10 0.9
11 0.10
12 0.11
13 0.12
14 0.13
15 0.14
16 0.15
17 0.16
18 0.17
19 0.18
20 0.19
21 0.20
22 1.0
23 1.1
24 1.2
25 1.3
26 1.4
27 1.5
28 1.6
29 1.7
30 1.8
31 1.9
32 1.10
33 1.11
34 1.12
35 1.13
36 1.14
37 1.15
38 1.16
39 1.17
40 1.18
41 1.19
42 1.20
43 2.0
44 2.1
45 2.2
46 2.3
47 2.4
48 2.5
49 2.6
50 2.7
51 2.8
52 2.9
53 2.10
54 2.11
55 2.12
56 2.13
57 2.14
58 2.15
59 2.16
60 2.17
61 2.18
62 2.19
63 2.20
64 3.0
65 3.1
66 3.2
67 3.3
68 3.4
69 3.5
70 3.6
71 3.7
72 3.8
73 3.9
74 3.10
75 3.11
76 3.12
77 3.13
78 3.14
79 3.15
80 3.16
81 3.17
82 3.18
83 3.19
84 3.20
85 4.0
86 4.1
87 4.2
88 4.3
89 4.4
90 4.5
91 4.6
92 4.7
93 4.8
94 4.9
95 4.10
96 4.11
97 4.12
98 4.13
99 4.14
100 4.15
101 4.16
102 4.17
103 4.18
104 4.19
105 4.20
106 5.0
107 5.1
108 5.2
109 5.3
110 5.4
111 5.5
112 5.6
113 5.7
114 5.8
115 5.9
116 5.10
117 5.11
118 5.12
119 5.13
120 5.14
121 5.15
122 5.16
123 5.17
124 5.18
125 5.19
126 5.20
127 6.0
128 6.1
129 6.2
130 6.3
131 6.4
132 6.5
133 6.6
134 6.7
135 6.8
136 6.9
137 6.10
138 6.11
139 6.12
140 6.13
141 6.14
142 6.15
143 6.16
144 6.17
145 6.18
146 6.19
147 6.20
148 7.0
149 7.1
150 7.2
151 7.3
152 7.4
153 7.5
154 7.6
155 7.7
156 7.8
157 7.9
158 7.10
159 7.11
160 7.12
161 7.13
162 7.14
163 7.15
164 7.16
165 7.17
166 7.18
167 7.19
168 7.20
169 8.0
170 8.1
171 8.2
172 8.3
173 8.4
174 8.5
175 8.6
176 8.7
177 8.8
178 8.9
179 8.10
180 8.11
181 8.12
182 8.13
183 8.14
184 8.15
185 8.16
186 8.17
187 8.18
188 8.19
189 8.20
190 9.0
191 9.1
192 9.2
193 9.3
194 9.4
195 9.5
196 9.6
197 9.7
198 9.8
199 9.9
200 9.10
201 9.11
202 9.12
203 9.13
204 9.14
205 9.15
206 9.16
207 9.17
208 9.18
209 9.19
210 9.20
211 10.0
212 10.1
213 10.2
214 10.3
215 10.4
216 10.5
217 10.6
218 10.7
219 10.8
220 10.9
221 10.10
222 10.11
223 10.12
224 10.13
225 10.14
226 10.15
227 10.16
228 10.17
229 10.18
230 10.19
231 10.20
232 11.0
233 11.1
234 11.2
235 11.3
236 11.4
237 11.5
238 11.6
239 11.7
240 11.8
241 11.9
242 11.10
243 11.11
244 11.12
245 11.13
246 11.14
247 11.15
248 11.16
249 11.17
250 11.18
251 11.19
252 11.20
253 12.0
254 12.1
255 12.2
256 12.3
257 12.4
258 12.5
259 12.6
260 12.7
261 12.8
262 12.9
263 12.10
264 12.11
265 12.12
266 12.13
267 12.14
268 12.15
269 12.16
270 12.17
271 12.18
272 12.19
273 12.20
274 13.0
275 13.1
276 13.2
277 13.3
278 13.4
279 13.5
280 13.6
281 13.7
282 13.8
283 13.9
284 13.10
285 13.11
286 13.12
287 13.13
288 13.14
289 13.15
290 13.16
291 13.17
292 13.18
293 13.19
294 13.20
295 14.0
296 14.1
297 14.2
298 14.3
299 14.4
300 14.5
301 14.6
302 14.7
303 14.8
304 14.9
305 14.10
306 14.11
307 14.12
308 14.13
309 14.14
310 14.15
311 14.16
312 14.17
313 14.18
314 14.19
315 14.20
316 15.0
317 15.1
318 15.2
319 15.3
320 15.4
321 15.5
322 15.6
323 15.7
324 15.8
325 15.9
326 15.10
327 15.11
328 15.12
329 15.13
330 15.14
331 15.15
332 15.16
333 15.17
334 15.18
335 15.19
336 15.20
337 16.0
338 16.1
339 16.2
340 16.3
341 16.4
342 16.5
343 16.6
344 16.7
345 16.8
346 16.9
347 16.10
348 16.11
349 16.12
350 16.13
351 16.14
352 16.15
353 16.16
354 16.17
355 16.18
356 16.19
357 16.20
358 17.0
359 17.1
360 17.2
361 17.3
362 17.4
363 17.5
364 17.6
365 17.7
366 17.8
367 17.9
368 17.10
369 17.11
370 17.12
371 17.13
372 17.14
373 17.15
374 17.16
375 17.17
376 17.18
377 17.19
378 17.20
379 18.0
380 18.1
381 18.2
382 18.3
383 18.4
384 18.5
385 18.6
386 18.7
387 18.8
388 18.9
389 18.10
390 18.11
391 18.12
392 18.13
393 18.14
394 18.15
395 18.16
396 18.17
397 18.18
398 18.19
399 18.20
400 19.0
401 19.1
402 19.2
403 19.3
404 19.4
405 19.5
406 19.6
407 19.7
408 19.8
409 19.9
410 19.10
411 19.11
412 19.12
413 19.13
414 19.14
415 19.15
416 19.16
417 19.17
418 19.18
419 19.19
420 19.20
421 20.0
422 20.1
423 20.2
424 20.3
425 20.4
426 20.5
427 20.6
428 20.7
429 20.8
430 20.9
431 20.10
432 20.11
433 20.12
434 20.13
435 20.14
436 20.15
437 20.16
438 20.17
439 20.18
440 20.19
441 20.20
;
param Edges :=
1 22
1 23
2 23
2 22
3 24
3 25
3 23
4 5
4 26
4 24
5 26
5 27
5 25
6 27
6 7
6 26
7 8
7 29
8 29
8 9
8 30
8 28
9 10
9 31
9 29
10 11
11 32
11 31
12 13
12 34
12 32
13 34
13 14
13 33
14 35
14 36
14 34
15 36
15 16
15 37
16 17
16 38
16 36
17 38
17 18
17 39
18 39
18 19
18 38
19 40
19 20
19 41
19 39
20 41
20 21
20 42
20 40
21 42
21 41
22 43
22 23
22 44
23 45
23 43
24 45
24 25
24 46
24 44
25 46
25 26
25 47
25 45
26 27
26 48
27 28
27 49
27 47
28 29
29 30
29 51
29 49
30 51
30 31
30 52
31 32
31 53
31 51
32 53
32 54
33 54
33 34
33 53
34 35
34 54
35 57
35 55
36 57
36 37
36 58
36 56
37 58
37 38
37 59
37 57
38 59
38 39
39 60
39 40
39 61
40 41
40 62
40 60
41 62
42 62
43 44
44 45
44 66
44 64
45 66
45 67
45 65
46 67
46 47
46 68
47 68
47 48
47 69
47 67
48 69
48 70
48 68
49 70
49 50
49 71
49 69
50 51
50 72
50 70
51 72
51 52
51 73
52 73
52 53
52 74
52 72
53 54
53 75
53 73
54 75
54 76
54 74
55 77
56 77
56 57
56 78
56 76
57 78
57 79
57 77
58 79
58 59
58 80
58 78
59 80
59 60
59 81
60 81
60 61
60 82
60 80
61 82
61 62
61 83
61 81
62 83
62 63
62 84
62 82
63 84
63 83
64 85
64 86
65 66
65 87
65 85
66 87
66 67
66 88
66 86
67 88
67 68
67 89
67 87
68 89
68 90
68 88
69 90
69 70
69 91
69 89
70 91
70 71
70 92
70 90
71 92
71 93
71 91
72 93
72 94
72 92
73 94
73 74
73 95
73 93
74 95
74 75
74 96
75 96
75 76
75 97
75 95
76 97
76 77
76 98
76 96
77 99
77 97
78 99
78 100
78 98
79 100
79 80
79 101
79 99
80 101
80 102
80 100
81 102
81 82
81 103
82 103
82 104
82 102
83 104
83 84
84 105
84 104
85 86
85 107
86 107
86 87
87 108
87 88
87 109
87 107
88 109
88 89
88 110
88 108
89 110
89 111
90 91
90 112
90 110
91 112
91 92
91 111
92 93
92 114
92 112
93 114
93 94
94 115
94 95
94 116
94 114
95 116
95 117
95 115
96 117
96 118
96 116
97 118
97 98
97 119
97 117
98 119
98 99
98 120
99 100
99 121
99 119
100 121
100 101
100 122
101 122
101 102
101 121
102 103
102 122
103 104
103 125
103 123
104 105
104 126
104 124
105 126
105 125
106 127
106 128
107 128
107 108
107 129
107 127
108 109
108 130
109 130
109 131
109 129
110 131
110 111
110 132
111 132
111 112
112 133
112 113
112 134
113 114
113 133
114 135
114 115
114 134
115 136
115 116
115 135
116 137
116 138
116 136
117 118
118 139
118 138
119 140
119 141
119 139
120 141
120 121
120 142
120 140
121 142
121 122
121 143
121 141
122 144
122 142
123 144
123 124
123 145
123 143
124 145
124 144
125 147
125 145
126 147
126 146
127 148
127 128
127 149
128 149
128 129
128 148
129 150
129 130
129 151
129 149
130 151
130 131
130 152
130 150
131 152
131 132
131 153
131 151
132 153
132 133
133 154
133 134
133 155
133 153
134 155
134 135
134 156
134 154
135 136
135 157
135 155
136 157
136 137
136 158
136 156
137 158
137 138
137 159
137 157
138 159
138 139
138 160
138 158
139 160
139 140
139 161
139 159
140 141
140 162
140 160
141 162
141 163
141 161
142 163
142 164
143 164
143 144
143 165
143 163
144 165
144 145
144 166
145 146
145 167
145 165
146 167
146 147
146 168
147 168
147 167
148 169
148 149
149 170
149 150
149 171
150 171
150 151
150 170
151 172
151 173
151 171
152 174
152 172
153 174
153 154
153 175
153 173
154 175
154 155
155 156
155 177
155 175
156 157
156 178
156 176
157 178
157 158
157 179
158 179
158 180
159 180
159 181
159 179
160 181
160 182
160 180
161 182
161 162
161 183
161 181
162 163
162 184
162 182
163 184
163 164
163 185
163 183
164 185
164 165
164 184
165 187
166 187
166 167
166 186
167 188
167 168
167 189
167 187
168 189
169 190
169 170
169 191
170 191
170 192
170 190
171 172
171 193
171 191
172 173
172 194
172 192
173 194
173 174
173 195
173 193
174 196
175 196
175 176
175 197
175 195
176 197
176 198
176 196
177 178
177 199
177 197
178 199
178 179
178 200
178 198
179 200
179 201
179 199
180 201
180 202
180 200
181 202
181 203
181 201
182 203
182 183
182 204
182 202
183 204
183 184
183 205
183 203
184 205
184 185
184 206
185 186
185 207
185 205
186 207
186 208
186 206
187 208
187 188
187 207
188 209
188 189
188 210
188 208
189 209
190 211
190 191
190 212
191 212
191 192
191 213
191 211
192 213
192 214
192 212
193 214
193 194
193 213
194 215
194 195
194 216
194 214
195 216
196 197
196 218
197 198
197 217
198 219
198 199
198 220
198 218
199 221
199 219
200 221
200 201
200 220
201 222
201 202
201 223
201 221
202 203
202 224
202 222
203 204
203 225
203 223
204 225
204 226
204 224
205 226
205 206
205 227
205 225
206 227
206 207
206 228
207 228
207 208
207 229
207 227
208 229
208 209
208 228
209 230
209 231
209 229
210 231
210 230
211 232
211 233
212 233
212 234
213 234
213 214
213 235
213 233
214 236
215 236
215 235
216 237
216 217
216 236
217 238
217 239
217 237
218 219
218 238
219 239
220 221
220 242
220 240
221 242
221 222
221 243
222 243
222 223
222 244
223 224
223 245
223 243
224 245
224 225
224 246
224 244
225 246
225 226
225 247
225 245
226 247
226 227
226 246
227 248
227 228
227 249
227 247
228 249
228 229
229 250
229 251
229 249
230 231
230 250
231 252
231 251
232 253
232 254
233 254
233 234
233 253
234 235
234 256
234 254
235 256
235 236
235 257
235 255
236 257
236 237
236 258
236 256
238 259
238 239
238 260
238 258
239 260
239 240
239 261
239 259
240 261
240 241
241 262
241 263
241 261
242 263
242 243
242 264
242 262
243 264
243 244
243 263
244 265
244 266
244 264
245 266
245 246
245 267
246 267
246 247
246 266
247 268
247 248
247 269
248 269
248 249
248 270
249 270
249 250
249 271
249 269
250 271
250 251
250 270
251 273
253 274
253 254
254 275
254 255
254 276
254 274
255 256
255 277
255 275
256 257
256 278
257 258
257 279
258 279
258 278
259 280
259 260
259 281
259 279
260 281
260 261
260 280
261 282
261 262
261 283
261 281
262 283
262 263
262 284
262 282
263 284
263 264
263 285
263 283
264 285
264 286
264 284
265 286
265 266
265 287
266 287
266 267
267 268
267 289
267 287
268 289
268 269
268 288
269 290
269 270
269 291
270 291
270 271
270 292
270 290
271 292
271 272
271 293
271 291
272 293
272 273
272 294
272 292
273 294
274 295
274 275
274 296
275 296
275 276
275 297
275 295
276 297
276 277
276 298
276 296
277 298
277 278
277 299
277 297
278 299
278 300
279 280
279 299
280 301
280 281
280 300
281 302
281 282
282 283
282 304
282 302
283 304
283 305
283 303
284 305
284 285
284 306
285 306
285 286
285 307
285 305
286 287
287 308
287 309
288 309
288 289
288 310
288 308
289 290
289 311
290 291
290 312
291 312
291 292
291 311
292 293
292 314
292 312
293 294
293 315
294 315
294 314
295 316
295 296
296 317
296 297
296 318
296 316
297 319
297 317
298 319
298 299
298 318
299 320
300 321
300 301
300 320
301 302
301 323
301 321
302 323
302 303
302 324
302 322
303 324
303 304
303 325
303 323
304 305
304 326
304 324
305 326
305 306
305 327
306 328
306 326
307 328
307 308
307 327
308 309
308 330
308 328
309 310
309 329
310 311
310 332
311 332
311 312
311 331
312 334
312 332
313 334
313 314
313 335
313 333
314 335
314 315
315 335
316 337
316 317
316 338
317 338
317 318
317 337
318 339
318 319
318 338
319 340
319 320
319 341
320 341
320 321
320 342
320 340
321 342
321 322
321 343
322 343
322 344
322 342
324 325
324 344
325 346
325 326
326 347
326 327
326 348
326 346
327 328
327 349
328 329
328 350
328 348
329 350
329 330
329 351
329 349
330 351
330 331
330 352
330 350
331 352
331 332
331 353
331 351
332 354
332 352
333 354
333 334
333 355
333 353
334 335
334 356
334 354
335 356
335 336
335 357
336 357
336 356
337 358
337 338
337 359
338 339
338 360
338 358
339 360
339 361
340 361
340 341
340 362
341 362
341 342
341 363
341 361
342 363
342 362
343 364
343 344
343 365
343 363
344 366
344 364
345 366
345 346
345 367
346 367
346 347
346 366
347 368
347 348
347 369
347 367
348 369
348 370
348 368
349 370
349 350
349 369
350 371
350 351
351 372
351 352
351 373
352 373
352 353
352 374
352 372
353 374
353 354
353 375
354 375
354 355
354 376
354 374
355 376
355 377
355 375
356 377
356 357
356 378
356 376
357 378
357 377
358 379
358 359
359 380
359 360
359 379
360 361
360 382
360 380
361 381
362 383
362 382
363 384
363 385
364 385
364 365
364 386
364 384
365 386
365 387
366 387
366 367
366 388
366 386
367 368
367 389
367 387
368 388
369 390
369 370
369 391
369 389
370 371
370 392
370 390
371 372
371 393
371 391
372 393
372 394
372 392
373 394
373 395
373 393
374 395
374 375
374 396
374 394
375 376
375 397
375 395
376 397
376 377
376 396
377 398
377 378
377 399
377 397
378 398
379 400
379 380
379 401
380 381
380 400
381 402
381 403
381 401
382 403
382 383
382 404
383 404
383 403
384 405
384 385
385 406
385 386
385 407
387 408
387 388
387 409
387 407
388 409
388 389
388 408
389 410
389 409
390 391
390 412
390 410
391 412
391 392
391 411
392 413
392 414
392 412
393 414
393 394
393 415
393 413
394 415
394 395
394 416
394 414
395 416
395 396
395 417
396 417
396 397
396 416
397 418
397 398
397 419
397 417
398 419
398 399
398 420
398 418
399 420
399 419
400 401
400 422
401 422
401 423
401 421
402 423
402 424
403 424
403 404
403 425
403 423
404 425
404 405
404 424
405 426
405 427
405 425
406 427
406 407
406 428
407 428
407 427
408 409
408 428
409 410
409 431
409 429
410 431
410 411
410 432
411 433
412 413
412 434
412 432
413 434
413 414
413 435
413 433
414 435
414 436
414 434
415 436
415 416
416 437
416 438
417 438
417 418
417 439
417 437
418 439
418 419
418 440
418 438
419 440
419 439
420 441
421 422
423 424
424 425
425 426
426 427
427 428
428 429
429 430
430 431
431 432
432 433
434 435
435 436
436 437
437 438
438 439
439 440
440 441
;
param Grid_Label_Edges :=
0 0 1 0
0 0 1 1
0 1 1 1
0 1 1 0
0 2 1 2
0 2 1 3
0 2 1 1
0 3 0 4
0 3 1 4
0 3 1 2
0 4 1 4
0 4 1 5
0 4 1 3
0 5 1 5
0 5 0 6
0 5 1 4
0 6 0 7
0 6 1 7
0 7 1 7
0 7 0 8
0 7 1 8
0 7 1 6
0 8 0 9
0 8 1 9
0 8 1 7
0 9 0 10
0 10 1 10
0 10 1 9
0 11 0 12
0 11 1 12
0 11 1 10
0 12 1 12
0 12 0 13
0 12 1 11
0 13 1 13
0 13 1 14
0 13 1 12
0 14 1 14
0 14 0 15
0 14 1 15
0 15 0 16
0 15 1 16
0 15 1 14
0 16 1 16
0 16 0 17
0 16 1 17
0 17 1 17
0 17 0 18
0 17 1 16
0 18 1 18
0 18 0 19
0 18 1 19
0 18 1 17
0 19 1 19
0 19 0 20
0 19 1 20
0 19 1 18
0 20 1 20
0 20 1 19
1 0 2 0
1 0 1 1
1 0 2 1
1 1 2 2
1 1 2 0
1 2 2 2
1 2 1 3
1 2 2 3
1 2 2 1
1 3 2 3
1 3 1 4
1 3 2 4
1 3 2 2
1 4 1 5
1 4 2 5
1 5 1 6
1 5 2 6
1 5 2 4
1 6 1 7
1 7 1 8
1 7 2 8
1 7 2 6
1 8 2 8
1 8 1 9
1 8 2 9
1 9 1 10
1 9 2 10
1 9 2 8
1 10 2 10
1 10 2 11
1 11 2 11
1 11 1 12
1 11 2 10
1 12 1 13
1 12 2 11
1 13 2 14
1 13 2 12
1 14 2 14
1 14 1 15
1 14 2 15
1 14 2 13
1 15 2 15
1 15 1 16
1 15 2 16
1 15 2 14
1 16 2 16
1 16 1 17
1 17 2 17
1 17 1 18
1 17 2 18
1 18 1 19
1 18 2 19
1 18 2 17
1 19 2 19
1 20 2 19
2 0 2 1
2 1 2 2
2 1 3 2
2 1 3 0
2 2 3 2
2 2 3 3
2 2 3 1
2 3 3 3
2 3 2 4
2 3 3 4
2 4 3 4
2 4 2 5
2 4 3 5
2 4 3 3
2 5 3 5
2 5 3 6
2 5 3 4
2 6 3 6
2 6 2 7
2 6 3 7
2 6 3 5
2 7 2 8
2 7 3 8
2 7 3 6
2 8 3 8
2 8 2 9
2 8 3 9
2 9 3 9
2 9 2 10
2 9 3 10
2 9 3 8
2 10 2 11
2 10 3 11
2 10 3 9
2 11 3 11
2 11 3 12
2 11 3 10
2 12 3 13
2 13 3 13
2 13 2 14
2 13 3 14
2 13 3 12
2 14 3 14
2 14 3 15
2 14 3 13
2 15 3 15
2 15 2 16
2 15 3 16
2 15 3 14
2 16 3 16
2 16 2 17
2 16 3 17
2 17 3 17
2 17 2 18
2 17 3 18
2 17 3 16
2 18 3 18
2 18 2 19
2 18 3 19
2 18 3 17
2 19 3 19
2 19 2 20
2 19 3 20
2 19 3 18
2 20 3 20
2 20 3 19
3 0 4 0
3 0 4 1
3 1 3 2
3 1 4 2
3 1 4 0
3 2 4 2
3 2 3 3
3 2 4 3
3 2 4 1
3 3 4 3
3 3 3 4
3 3 4 4
3 3 4 2
3 4 4 4
3 4 4 5
3 4 4 3
3 5 4 5
3 5 3 6
3 5 4 6
3 5 4 4
3 6 4 6
3 6 3 7
3 6 4 7
3 6 4 5
3 7 4 7
3 7 4 8
3 7 4 6
3 8 4 8
3 8 4 9
3 8 4 7
3 9 4 9
3 9 3 10
3 9 4 10
3 9 4 8
3 10 4 10
3 10 3 11
3 10 4 11
3 11 4 11
3 11 3 12
3 11 4 12
3 11 4 10
3 12 4 12
3 12 3 13
3 12 4 13
3 12 4 11
3 13 4 14
3 13 4 12
3 14 4 14
3 14 4 15
3 14 4 13
3 15 4 15
3 15 3 16
3 15 4 16
3 15 4 14
3 16 4 16
3 16 4 17
3 16 4 15
3 17 4 17
3 17 3 18
3 17 4 18
3 18 4 18
3 18 4 19
3 18 4 17
3 19 4 19
3 19 3 20
3 20 4 20
3 20 4 19
4 0 4 1
4 0 5 1
4 1 5 1
4 1 4 2
4 2 5 2
4 2 4 3
4 2 5 3
4 2 5 1
4 3 5 3
4 3 4 4
4 3 5 4
4 3 5 2
4 4 5 4
4 4 5 5
4 5 4 6
4 5 5 6
4 5 5 4
4 6 5 6
4 6 4 7
4 6 5 5
4 7 4 8
4 7 5 8
4 7 5 6
4 8 5 8
4 8 4 9
4 9 5 9
4 9 4 10
4 9 5 10
4 9 5 8
4 10 5 10
4 10 5 11
4 10 5 9
4 11 5 11
4 11 5 12
4 11 5 10
4 12 5 12
4 12 4 13
4 12 5 13
4 12 5 11
4 13 5 13
4 13 4 14
4 13 5 14
4 14 4 15
4 14 5 15
4 14 5 13
4 15 5 15
4 15 4 16
4 15 5 16
4 16 5 16
4 16 4 17
4 16 5 15
4 17 4 18
4 17 5 16
4 18 4 19
4 18 5 19
4 18 5 17
4 19 4 20
4 19 5 20
4 19 5 18
4 20 5 20
4 20 5 19
5 0 6 0
5 0 6 1
5 1 6 1
5 1 5 2
5 1 6 2
5 1 6 0
5 2 5 3
5 2 6 3
5 3 6 3
5 3 6 4
5 3 6 2
5 4 6 4
5 4 5 5
5 4 6 5
5 5 6 5
5 5 5 6
5 6 6 6
5 6 5 7
5 6 6 7
5 7 5 8
5 7 6 6
5 8 6 8
5 8 5 9
5 8 6 7
5 9 6 9
5 9 5 10
5 9 6 8
5 10 6 10
5 10 6 11
5 10 6 9
5 11 5 12
5 12 6 12
5 12 6 11
5 13 6 13
5 13 6 14
5 13 6 12
5 14 6 14
5 14 5 15
5 14 6 15
5 14 6 13
5 15 6 15
5 15 5 16
5 15 6 16
5 15 6 14
5 16 6 17
5 16 6 15
5 17 6 17
5 17 5 18
5 17 6 18
5 17 6 16
5 18 6 18
5 18 6 17
5 19 6 20
5 19 6 18
5 20 6 20
5 20 6 19
6 0 7 0
6 0 6 1
6 0 7 1
6 1 7 1
6 1 6 2
6 1 7 0
6 2 7 2
6 2 6 3
6 2 7 3
6 2 7 1
6 3 7 3
6 3 6 4
6 3 7 4
6 3 7 2
6 4 7 4
6 4 6 5
6 4 7 5
6 4 7 3
6 5 7 5
6 5 6 6
6 6 7 6
6 6 6 7
6 6 7 7
6 6 7 5
6 7 7 7
6 7 6 8
6 7 7 8
6 7 7 6
6 8 6 9
6 8 7 9
6 8 7 7
6 9 7 9
6 9 6 10
6 9 7 10
6 9 7 8
6 10 7 10
6 10 6 11
6 10 7 11
6 10 7 9
6 11 7 11
6 11 6 12
6 11 7 12
6 11 7 10
6 12 7 12
6 12 6 13
6 12 7 13
6 12 7 11
6 13 6 14
6 13 7 14
6 13 7 12
6 14 7 14
6 14 7 15
6 14 7 13
6 15 7 15
6 15 7 16
6 16 7 16
6 16 6 17
6 16 7 17
6 16 7 15
6 17 7 17
6 17 6 18
6 17 7 18
6 18 6 19
6 18 7 19
6 18 7 17
6 19 7 19
6 19 6 20
6 19 7 20
6 20 7 20
6 20 7 19
7 0 8 0
7 0 7 1
7 1 8 1
7 1 7 2
7 1 8 2
7 2 8 2
7 2 7 3
7 2 8 1
7 3 8 3
7 3 8 4
7 3 8 2
7 4 8 5
7 4 8 3
7 5 8 5
7 5 7 6
7 5 8 6
7 5 8 4
7 6 8 6
7 6 7 7
7 7 7 8
7 7 8 8
7 7 8 6
7 8 7 9
7 8 8 9
7 8 8 7
7 9 8 9
7 9 7 10
7 9 8 10
7 10 8 10
7 10 8 11
7 11 8 11
7 11 8 12
7 11 8 10
7 12 8 12
7 12 8 13
7 12 8 11
7 13 8 13
7 13 7 14
7 13 8 14
7 13 8 12
7 14 7 15
7 14 8 15
7 14 8 13
7 15 8 15
7 15 7 16
7 15 8 16
7 15 8 14
7 16 8 16
7 16 7 17
7 16 8 15
7 17 8 18
7 18 8 18
7 18 7 19
7 18 8 17
7 19 8 19
7 19 7 20
7 19 8 20
7 19 8 18
7 20 8 20
8 0 9 0
8 0 8 1
8 0 9 1
8 1 9 1
8 1 9 2
8 1 9 0
8 2 8 3
8 2 9 3
8 2 9 1
8 3 8 4
8 3 9 4
8 3 9 2
8 4 9 4
8 4 8 5
8 4 9 5
8 4 9 3
8 5 9 6
8 6 9 6
8 6 8 7
8 6 9 7
8 6 9 5
8 7 9 7
8 7 9 8
8 7 9 6
8 8 8 9
8 8 9 9
8 8 9 7
8 9 9 9
8 9 8 10
8 9 9 10
8 9 9 8
8 10 9 10
8 10 9 11
8 10 9 9
8 11 9 11
8 11 9 12
8 11 9 10
8 12 9 12
8 12 9 13
8 12 9 11
8 13 9 13
8 13 8 14
8 13 9 14
8 13 9 12
8 14 9 14
8 14 8 15
8 14 9 15
8 14 9 13
8 15 9 15
8 15 8 16
8 15 9 16
8 16 8 17
8 16 9 17
8 16 9 15
8 17 9 17
8 17 9 18
8 17 9 16
8 18 9 18
8 18 8 19
8 18 9 17
8 19 9 19
8 19 8 20
8 19 9 20
8 19 9 18
8 20 9 19
9 0 10 0
9 0 9 1
9 0 10 1
9 1 10 1
9 1 9 2
9 1 10 2
9 1 10 0
9 2 10 2
9 2 10 3
9 2 10 1
9 3 10 3
9 3 9 4
9 3 10 2
9 4 10 4
9 4 9 5
9 4 10 5
9 4 10 3
9 5 10 5
9 6 9 7
9 6 10 7
9 7 9 8
9 7 10 6
9 8 10 8
9 8 9 9
9 8 10 9
9 8 10 7
9 9 10 10
9 9 10 8
9 10 10 10
9 10 9 11
9 10 10 9
9 11 10 11
9 11 9 12
9 11 10 12
9 11 10 10
9 12 9 13
9 12 10 13
9 12 10 11
9 13 9 14
9 13 10 14
9 13 10 12
9 14 10 14
9 14 10 15
9 14 10 13
9 15 10 15
9 15 9 16
9 15 10 16
9 15 10 14
9 16 10 16
9 16 9 17
9 16 10 17
9 17 10 17
9 17 9 18
9 17 10 18
9 17 10 16
9 18 10 18
9 18 9 19
9 18 10 17
9 19 10 19
9 19 10 20
9 19 10 18
9 20 10 20
9 20 10 19
10 0 11 0
10 0 11 1
10 1 11 1
10 1 11 2
10 2 11 2
10 2 10 3
10 2 11 3
10 2 11 1
10 3 11 4
10 4 11 4
10 4 11 3
10 5 11 5
10 5 10 6
10 5 11 4
10 6 11 6
10 6 11 7
10 6 11 5
10 7 10 8
10 7 11 6
10 8 11 7
10 9 10 10
10 9 11 10
10 9 11 8
10 10 11 10
10 10 10 11
10 10 11 11
10 11 11 11
10 11 10 12
10 11 11 12
10 12 10 13
10 12 11 13
10 12 11 11
10 13 11 13
10 13 10 14
10 13 11 14
10 13 11 12
10 14 11 14
10 14 10 15
10 14 11 15
10 14 11 13
10 15 11 15
10 15 10 16
10 15 11 14
10 16 11 16
10 16 10 17
10 16 11 17
10 16 11 15
10 17 11 17
10 17 10 18
10 18 11 18
10 18 11 19
10 18 11 17
10 19 10 20
10 19 11 18
10 20 11 20
10 20 11 19
11 0 12 0
11 0 12 1
11 1 12 1
11 1 11 2
11 1 12 0
11 2 11 3
11 2 12 3
11 2 12 1
11 3 12 3
11 3 11 4
11 3 12 4
11 3 12 2
11 4 12 4
11 4 11 5
11 4 12 5
11 4 12 3
11 6 12 6
11 6 11 7
11 6 12 7
11 6 12 5
11 7 12 7
11 7 11 8
11 7 12 8
11 7 12 6
11 8 12 8
11 8 11 9
11 9 12 9
11 9 12 10
11 9 12 8
11 10 12 10
11 10 11 11
11 10 12 11
11 10 12 9
11 11 12 11
11 11 11 12
11 11 12 10
11 12 12 12
11 12 12 13
11 12 12 11
11 13 12 13
11 13 11 14
11 13 12 14
11 14 12 14
11 14 11 15
11 14 12 13
11 15 12 15
11 15 11 16
11 15 12 16
11 16 12 16
11 16 11 17
11 16 12 17
11 17 12 17
11 17 11 18
11 17 12 18
11 17 12 16
11 18 12 18
11 18 11 19
11 18 12 17
11 19 12 20
12 0 13 0
12 0 12 1
12 1 13 1
12 1 12 2
12 1 13 2
12 1 13 0
12 2 12 3
12 2 13 3
12 2 13 1
12 3 12 4
12 3 13 4
12 4 12 5
12 4 13 5
12 5 13 5
12 5 13 4
12 6 13 6
12 6 12 7
12 6 13 7
12 6 13 5
12 7 13 7
12 7 12 8
12 7 13 6
12 8 13 8
12 8 12 9
12 8 13 9
12 8 13 7
12 9 13 9
12 9 12 10
12 9 13 10
12 9 13 8
12 10 13 10
12 10 12 11
12 10 13 11
12 10 13 9
12 11 13 11
12 11 13 12
12 11 13 10
12 12 13 12
12 12 12 13
12 12 13 13
12 13 13 13
12 13 12 14
12 14 12 15
12 14 13 15
12 14 13 13
12 15 13 15
12 15 12 16
12 15 13 14
12 16 13 16
12 16 12 17
12 16 13 17
12 17 13 17
12 17 12 18
12 17 13 18
12 17 13 16
12 18 13 18
12 18 12 19
12 18 13 19
12 18 13 17
12 19 13 19
12 19 12 20
12 19 13 20
12 19 13 18
12 20 13 20
13 0 14 0
13 0 13 1
13 0 14 1
13 1 14 1
13 1 13 2
13 1 14 2
13 1 14 0
13 2 14 2
13 2 13 3
13 2 14 3
13 2 14 1
13 3 14 3
13 3 13 4
13 3 14 4
13 3 14 2
13 4 14 4
13 4 14 5
13 5 13 6
13 5 14 4
13 6 14 6
13 6 13 7
13 6 14 5
13 7 14 7
13 7 13 8
13 8 13 9
13 8 14 9
13 8 14 7
13 9 14 9
13 9 14 10
13 9 14 8
13 10 14 10
13 10 13 11
13 10 14 11
13 11 14 11
13 11 13 12
13 11 14 12
13 11 14 10
13 12 13 13
13 13 14 13
13 13 14 14
13 14 14 14
13 14 13 15
13 14 14 15
13 14 14 13
13 15 13 16
13 15 14 16
13 16 13 17
13 16 14 17
13 17 14 17
13 17 13 18
13 17 14 16
13 18 13 19
13 18 14 19
13 18 14 17
13 19 13 20
13 19 14 20
13 20 14 20
13 20 14 19
14 0 15 0
14 0 14 1
14 1 15 1
14 1 14 2
14 1 15 2
14 1 15 0
14 2 15 3
14 2 15 1
14 3 15 3
14 3 14 4
14 3 15 2
14 4 15 4
14 5 15 5
14 5 14 6
14 5 15 4
14 6 14 7
14 6 15 7
14 6 15 5
14 7 15 7
14 7 14 8
14 7 15 8
14 7 15 6
14 8 15 8
14 8 14 9
14 8 15 9
14 8 15 7
14 9 14 10
14 9 15 10
14 9 15 8
14 10 15 10
14 10 14 11
14 10 15 11
14 11 15 12
14 11 15 10
14 12 15 12
14 12 14 13
14 12 15 11
14 13 14 14
14 13 15 14
14 13 15 12
14 14 14 15
14 14 15 13
14 15 14 16
14 15 15 16
14 16 15 16
14 16 14 17
14 16 15 15
14 17 15 18
14 17 15 16
14 18 15 18
14 18 14 19
14 18 15 19
14 18 15 17
14 19 15 19
14 19 14 20
14 20 15 19
15 0 16 0
15 0 15 1
15 0 16 1
15 1 16 1
15 1 15 2
15 1 16 0
15 2 16 2
15 2 15 3
15 2 16 1
15 3 16 3
15 3 15 4
15 3 16 4
15 4 16 4
15 4 15 5
15 4 16 5
15 4 16 3
15 5 16 5
15 5 15 6
15 5 16 6
15 6 16 6
15 6 16 7
15 6 16 5
15 8 15 9
15 8 16 7
15 9 16 9
15 9 15 10
15 10 16 10
15 10 15 11
15 10 16 11
15 10 16 9
15 11 15 12
15 11 16 12
15 12 15 13
15 12 16 13
15 12 16 11
15 13 16 13
15 13 15 14
15 13 16 14
15 13 16 12
15 14 16 14
15 14 15 15
15 14 16 15
15 14 16 13
15 15 16 15
15 15 15 16
15 15 16 16
15 15 16 14
15 16 16 17
15 16 16 15
15 17 16 17
15 17 15 18
15 17 16 18
15 17 16 16
15 18 15 19
15 18 16 19
15 18 16 17
15 19 16 19
15 19 15 20
15 19 16 20
15 20 16 20
15 20 16 19
16 0 17 0
16 0 16 1
16 0 17 1
16 1 16 2
16 1 17 2
16 1 17 0
16 2 17 2
16 2 17 3
16 3 17 3
16 3 16 4
16 3 17 4
16 4 17 4
16 4 16 5
16 4 17 5
16 4 17 3
16 5 17 5
16 5 17 4
16 6 17 6
16 6 16 7
16 6 17 7
16 6 17 5
16 7 17 8
16 7 17 6
16 8 17 8
16 8 16 9
16 8 17 9
16 9 17 9
16 9 16 10
16 9 17 8
16 10 17 10
16 10 16 11
16 10 17 11
16 10 17 9
16 11 17 11
16 11 17 12
16 11 17 10
16 12 17 12
16 12 16 13
16 12 17 11
16 13 17 13
16 13 16 14
16 14 17 14
16 14 16 15
16 14 17 15
16 15 17 15
16 15 16 16
16 15 17 16
16 15 17 14
16 16 17 16
16 16 16 17
16 16 17 17
16 17 17 17
16 17 16 18
16 17 17 18
16 17 17 16
16 18 17 18
16 18 17 19
16 18 17 17
16 19 17 19
16 19 16 20
16 19 17 20
16 19 17 18
16 20 17 20
16 20 17 19
17 0 18 0
17 0 17 1
17 1 18 1
17 1 17 2
17 1 18 0
17 2 17 3
17 2 18 3
17 2 18 1
17 3 18 2
17 4 18 4
17 4 18 3
17 5 18 5
17 5 18 6
17 6 18 6
17 6 17 7
17 6 18 7
17 6 18 5
17 7 18 7
17 7 18 8
17 8 18 8
17 8 17 9
17 8 18 9
17 8 18 7
17 9 17 10
17 9 18 10
17 9 18 8
17 10 18 9
17 11 18 11
17 11 17 12
17 11 18 12
17 11 18 10
17 12 17 13
17 12 18 13
17 12 18 11
17 13 17 14
17 13 18 14
17 13 18 12
17 14 18 14
17 14 18 15
17 14 18 13
17 15 18 15
17 15 18 16
17 15 18 14
17 16 18 16
17 16 17 17
17 16 18 17
17 16 18 15
17 17 17 18
17 17 18 18
17 17 18 16
17 18 18 18
17 18 17 19
17 18 18 17
17 19 18 19
17 19 17 20
17 19 18 20
17 19 18 18
17 20 18 19
18 0 19 0
18 0 18 1
18 0 19 1
18 1 18 2
18 1 19 0
18 2 19 2
18 2 19 3
18 2 19 1
18 3 19 3
18 3 18 4
18 3 19 4
18 4 19 4
18 4 19 3
18 5 19 5
18 5 18 6
18 6 19 6
18 6 18 7
18 6 19 7
18 8 19 8
18 8 18 9
18 8 19 9
18 8 19 7
18 9 19 9
18 9 18 10
18 9 19 8
18 10 19 10
18 10 19 9
18 11 18 12
18 11 19 12
18 11 19 10
18 12 19 12
18 12 18 13
18 12 19 11
18 13 19 13
18 13 19 14
18 13 19 12
18 14 19 14
18 14 18 15
18 14 19 15
18 14 19 13
18 15 19 15
18 15 18 16
18 15 19 16
18 15 19 14
18 16 19 16
18 16 18 17
18 16 19 17
18 17 19 17
18 17 18 18
18 17 19 16
18 18 19 18
18 18 18 19
18 18 19 19
18 18 19 17
18 19 19 19
18 19 18 20
18 19 19 20
18 19 19 18
18 20 19 20
18 20 19 19
19 0 19 1
19 0 20 1
19 1 20 1
19 1 20 2
19 1 20 0
19 2 20 2
19 2 20 3
19 3 20 3
19 3 19 4
19 3 20 4
19 3 20 2
19 4 20 4
19 4 19 5
19 4 20 3
19 5 20 5
19 5 20 6
19 5 20 4
19 6 20 6
19 6 19 7
19 6 20 7
19 7 20 7
19 7 20 6
19 8 19 9
19 8 20 7
19 9 19 10
19 9 20 10
19 9 20 8
19 10 20 10
19 10 19 11
19 10 20 11
19 11 20 12
19 12 19 13
19 12 20 13
19 12 20 11
19 13 20 13
19 13 19 14
19 13 20 14
19 13 20 12
19 14 20 14
19 14 20 15
19 14 20 13
19 15 20 15
19 15 19 16
19 16 20 16
19 16 20 17
19 17 20 17
19 17 19 18
19 17 20 18
19 17 20 16
19 18 20 18
19 18 19 19
19 18 20 19
19 18 20 17
19 19 20 19
19 19 20 18
19 20 20 20
20 0 20 1
20 2 20 3
20 3 20 4
20 4 20 5
20 5 20 6
20 6 20 7
20 7 20 8
20 8 20 9
20 9 20 10
20 10 20 11
20 11 20 12
20 13 20 14
20 14 20 15
20 15 20 16
20 16 20 17
20 17 20 18
20 18 20 19
20 19 20 20
;
param Centralities :=
degree centrality: {(0, 0): 0.004545454545454545, (0, 1): 0.004545454545454545, (0, 2): 0.006818181818181818, (0, 3): 0.006818181818181818, (0, 4): 0.00909090909090909, (0, 5): 0.006818181818181818, (0, 6): 0.006818181818181818, (0, 7): 0.011363636363636364, (0, 8): 0.00909090909090909, (0, 9): 0.004545454545454545, (0, 10): 0.006818181818181818, (0, 11): 0.006818181818181818, (0, 12): 0.00909090909090909, (0, 13): 0.00909090909090909, (0, 14): 0.006818181818181818, (0, 15): 0.00909090909090909, (0, 16): 0.00909090909090909, (0, 17): 0.00909090909090909, (0, 18): 0.011363636363636364, (0, 19): 0.011363636363636364, (0, 20): 0.006818181818181818, (1, 0): 0.011363636363636364, (1, 1): 0.013636363636363636, (1, 2): 0.013636363636363636, (1, 3): 0.015909090909090907, (1, 4): 0.013636363636363636, (1, 5): 0.013636363636363636, (1, 6): 0.006818181818181818, (1, 7): 0.015909090909090907, (1, 8): 0.011363636363636364, (1, 9): 0.013636363636363636, (1, 10): 0.011363636363636364, (1, 11): 0.00909090909090909, (1, 12): 0.013636363636363636, (1, 13): 0.00909090909090909, (1, 14): 0.015909090909090907, (1, 15): 0.013636363636363636, (1, 16): 0.013636363636363636, (1, 17): 0.015909090909090907, (1, 18): 0.013636363636363636, (1, 19): 0.011363636363636364, (1, 20): 0.006818181818181818, (2, 0): 0.006818181818181818, (2, 1): 0.013636363636363636, (2, 2): 0.015909090909090907, (2, 3): 0.011363636363636364, (2, 4): 0.015909090909090907, (2, 5): 0.011363636363636364, (2, 6): 0.013636363636363636, (2, 7): 0.00909090909090909, (2, 8): 0.015909090909090907, (2, 9): 0.013636363636363636, (2, 10): 0.015909090909090907, (2, 11): 0.015909090909090907, (2, 12): 0.004545454545454545, (2, 13): 0.011363636363636364, (2, 14): 0.015909090909090907, (2, 15): 0.013636363636363636, (2, 16): 0.013636363636363636, (2, 17): 0.015909090909090907, (2, 18): 0.013636363636363636, (2, 19): 0.01818181818181818, (2, 20): 0.006818181818181818, (3, 0): 0.006818181818181818, (3, 1): 0.00909090909090909, (3, 2): 0.015909090909090907, (3, 3): 0.01818181818181818, (3, 4): 0.015909090909090907, (3, 5): 0.015909090909090907, (3, 6): 0.01818181818181818, (3, 7): 0.011363636363636364, (3, 8): 0.013636363636363636, (3, 9): 0.015909090909090907, (3, 10): 0.013636363636363636, (3, 11): 0.015909090909090907, (3, 12): 0.015909090909090907, (3, 13): 0.013636363636363636, (3, 14): 0.013636363636363636, (3, 15): 0.013636363636363636, (3, 16): 0.015909090909090907, (3, 17): 0.013636363636363636, (3, 18): 0.015909090909090907, (3, 19): 0.011363636363636364, (3, 20): 0.011363636363636364, (4, 0): 0.00909090909090909, (4, 1): 0.011363636363636364, (4, 2): 0.01818181818181818, (4, 3): 0.01818181818181818, (4, 4): 0.013636363636363636, (4, 5): 0.013636363636363636, (4, 6): 0.015909090909090907, (4, 7): 0.015909090909090907, (4, 8): 0.013636363636363636, (4, 9): 0.015909090909090907, (4, 10): 0.015909090909090907, (4, 11): 0.013636363636363636, (4, 12): 0.015909090909090907, (4, 13): 0.013636363636363636, (4, 14): 0.015909090909090907, (4, 15): 0.015909090909090907, (4, 16): 0.013636363636363636, (4, 17): 0.013636363636363636, (4, 18): 0.013636363636363636, (4, 19): 0.015909090909090907, (4, 20): 0.00909090909090909, (5, 0): 0.004545454545454545, (5, 1): 0.015909090909090907, (5, 2): 0.011363636363636364, (5, 3): 0.013636363636363636, (5, 4): 0.013636363636363636, (5, 5): 0.011363636363636364, (5, 6): 0.015909090909090907, (5, 7): 0.006818181818181818, (5, 8): 0.015909090909090907, (5, 9): 0.013636363636363636, (5, 10): 0.015909090909090907, (5, 11): 0.00909090909090909, (5, 12): 0.011363636363636364, (5, 13): 0.013636363636363636, (5, 14): 0.011363636363636364, (5, 15): 0.01818181818181818, (5, 16): 0.013636363636363636, (5, 17): 0.011363636363636364, (5, 18): 0.00909090909090909, (5, 19): 0.00909090909090909, (5, 20): 0.00909090909090909, (6, 0): 0.011363636363636364, (6, 1): 0.013636363636363636, (6, 2): 0.015909090909090907, (6, 3): 0.015909090909090907, (6, 4): 0.015909090909090907, (6, 5): 0.011363636363636364, (6, 6): 0.015909090909090907, (6, 7): 0.015909090909090907, (6, 8): 0.013636363636363636, (6, 9): 0.015909090909090907, (6, 10): 0.013636363636363636, (6, 11): 0.015909090909090907, (6, 12): 0.015909090909090907, (6, 13): 0.013636363636363636, (6, 14): 0.015909090909090907, (6, 15): 0.011363636363636364, (6, 16): 0.013636363636363636, (6, 17): 0.015909090909090907, (6, 18): 0.015909090909090907, (6, 19): 0.011363636363636364, (6, 20): 0.011363636363636364, (7, 0): 0.00909090909090909, (7, 1): 0.015909090909090907, (7, 2): 0.013636363636363636, (7, 3): 0.015909090909090907, (7, 4): 0.00909090909090909, (7, 5): 0.015909090909090907, (7, 6): 0.011363636363636364, (7, 7): 0.015909090909090907, (7, 8): 0.013636363636363636, (7, 9): 0.015909090909090907, (7, 10): 0.013636363636363636, (7, 11): 0.013636363636363636, (7, 12): 0.013636363636363636, (7, 13): 0.013636363636363636, (7, 14): 0.013636363636363636, (7, 15): 0.01818181818181818, (7, 16): 0.013636363636363636, (7, 17): 0.011363636363636364, (7, 18): 0.00909090909090909, (7, 19): 0.01818181818181818, (7, 20): 0.00909090909090909, (8, 0): 0.00909090909090909, (8, 1): 0.013636363636363636, (8, 2): 0.013636363636363636, (8, 3): 0.013636363636363636, (8, 4): 0.015909090909090907, (8, 5): 0.00909090909090909, (8, 6): 0.015909090909090907, (8, 7): 0.011363636363636364, (8, 8): 0.00909090909090909, (8, 9): 0.015909090909090907, (8, 10): 0.015909090909090907, (8, 11): 0.013636363636363636, (8, 12): 0.013636363636363636, (8, 13): 0.015909090909090907, (8, 14): 0.015909090909090907, (8, 15): 0.015909090909090907, (8, 16): 0.013636363636363636, (8, 17): 0.011363636363636364, (8, 18): 0.013636363636363636, (8, 19): 0.013636363636363636, (8, 20): 0.00909090909090909, (9, 0): 0.011363636363636364, (9, 1): 0.01818181818181818, (9, 2): 0.013636363636363636, (9, 3): 0.011363636363636364, (9, 4): 0.015909090909090907, (9, 5): 0.00909090909090909, (9, 6): 0.011363636363636364, (9, 7): 0.013636363636363636, (9, 8): 0.015909090909090907, (9, 9): 0.013636363636363636, (9, 10): 0.013636363636363636, (9, 11): 0.01818181818181818, (9, 12): 0.015909090909090907, (9, 13): 0.015909090909090907, (9, 14): 0.013636363636363636, (9, 15): 0.015909090909090907, (9, 16): 0.013636363636363636, (9, 17): 0.01818181818181818, (9, 18): 0.015909090909090907, (9, 19): 0.013636363636363636, (9, 20): 0.006818181818181818, (10, 0): 0.00909090909090909, (10, 1): 0.011363636363636364, (10, 2): 0.015909090909090907, (10, 3): 0.011363636363636364, (10, 4): 0.006818181818181818, (10, 5): 0.011363636363636364, (10, 6): 0.011363636363636364, (10, 7): 0.00909090909090909, (10, 8): 0.00909090909090909, (10, 9): 0.011363636363636364, (10, 10): 0.015909090909090907, (10, 11): 0.013636363636363636, (10, 12): 0.013636363636363636, (10, 13): 0.015909090909090907, (10, 14): 0.01818181818181818, (10, 15): 0.013636363636363636, (10, 16): 0.01818181818181818, (10, 17): 0.013636363636363636, (10, 18): 0.015909090909090907, (10, 19): 0.00909090909090909, (10, 20): 0.011363636363636364, (11, 0): 0.006818181818181818, (11, 1): 0.013636363636363636, (11, 2): 0.013636363636363636, (11, 3): 0.015909090909090907, (11, 4): 0.01818181818181818, (11, 5): 0.006818181818181818, (11, 6): 0.013636363636363636, (11, 7): 0.015909090909090907, (11, 8): 0.00909090909090909, (11, 9): 0.00909090909090909, (11, 10): 0.013636363636363636, (11, 11): 0.015909090909090907, (11, 12): 0.013636363636363636, (11, 13): 0.013636363636363636, (11, 14): 0.015909090909090907, (11, 15): 0.015909090909090907, (11, 16): 0.011363636363636364, (11, 17): 0.01818181818181818, (11, 18): 0.013636363636363636, (11, 19): 0.00909090909090909, (11, 20): 0.0022727272727272726, (12, 0): 0.00909090909090909, (12, 1): 0.01818181818181818, (12, 2): 0.011363636363636364, (12, 3): 0.013636363636363636, (12, 4): 0.011363636363636364, (12, 5): 0.011363636363636364, (12, 6): 0.013636363636363636, (12, 7): 0.013636363636363636, (12, 8): 0.01818181818181818, (12, 9): 0.015909090909090907, (12, 10): 0.01818181818181818, (12, 11): 0.015909090909090907, (12, 12): 0.00909090909090909, (12, 13): 0.013636363636363636, (12, 14): 0.013636363636363636, (12, 15): 0.011363636363636364, (12, 16): 0.015909090909090907, (12, 17): 0.01818181818181818, (12, 18): 0.015909090909090907, (12, 19): 0.011363636363636364, (12, 20): 0.006818181818181818, (13, 0): 0.011363636363636364, (13, 1): 0.015909090909090907, (13, 2): 0.013636363636363636, (13, 3): 0.013636363636363636, (13, 4): 0.011363636363636364, (13, 5): 0.011363636363636364, (13, 6): 0.013636363636363636, (13, 7): 0.013636363636363636, (13, 8): 0.013636363636363636, (13, 9): 0.015909090909090907, (13, 10): 0.013636363636363636, (13, 11): 0.015909090909090907, (13, 12): 0.00909090909090909, (13, 13): 0.013636363636363636, (13, 14): 0.011363636363636364, (13, 15): 0.011363636363636364, (13, 16): 0.011363636363636364, (13, 17): 0.015909090909090907, (13, 18): 0.015909090909090907, (13, 19): 0.011363636363636364, (13, 20): 0.011363636363636364, (14, 0): 0.00909090909090909, (14, 1): 0.01818181818181818, (14, 2): 0.013636363636363636, (14, 3): 0.011363636363636364, (14, 4): 0.011363636363636364, (14, 5): 0.011363636363636364, (14, 6): 0.011363636363636364, (14, 7): 0.015909090909090907, (14, 8): 0.013636363636363636, (14, 9): 0.013636363636363636, (14, 10): 0.015909090909090907, (14, 11): 0.011363636363636364, (14, 12): 0.00909090909090909, (14, 13): 0.013636363636363636, (14, 14): 0.011363636363636364, (14, 15): 0.00909090909090909, (14, 16): 0.013636363636363636, (14, 17): 0.013636363636363636, (14, 18): 0.00909090909090909, (14, 19): 0.011363636363636364, (14, 20): 0.00909090909090909, (15, 0): 0.011363636363636364, (15, 1): 0.013636363636363636, (15, 2): 0.013636363636363636, (15, 3): 0.013636363636363636, (15, 4): 0.015909090909090907, (15, 5): 0.013636363636363636, (15, 6): 0.011363636363636364, (15, 7): 0.006818181818181818, (15, 8): 0.011363636363636364, (15, 9): 0.00909090909090909, (15, 10): 0.01818181818181818, (15, 11): 0.011363636363636364, (15, 12): 0.015909090909090907, (15, 13): 0.013636363636363636, (15, 14): 0.013636363636363636, (15, 15): 0.013636363636363636, (15, 16): 0.013636363636363636, (15, 17): 0.011363636363636364, (15, 18): 0.013636363636363636, (15, 19): 0.015909090909090907, (15, 20): 0.006818181818181818, (16, 0): 0.011363636363636364, (16, 1): 0.015909090909090907, (16, 2): 0.00909090909090909, (16, 3): 0.011363636363636364, (16, 4): 0.015909090909090907, (16, 5): 0.013636363636363636, (16, 6): 0.013636363636363636, (16, 7): 0.011363636363636364, (16, 8): 0.006818181818181818, (16, 9): 0.013636363636363636, (16, 10): 0.013636363636363636, (16, 11): 0.013636363636363636, (16, 12): 0.011363636363636364, (16, 13): 0.013636363636363636, (16, 14): 0.015909090909090907, (16, 15): 0.01818181818181818, (16, 16): 0.013636363636363636, (16, 17): 0.01818181818181818, (16, 18): 0.011363636363636364, (16, 19): 0.015909090909090907, (16, 20): 0.011363636363636364, (17, 0): 0.00909090909090909, (17, 1): 0.011363636363636364, (17, 2): 0.013636363636363636, (17, 3): 0.011363636363636364, (17, 4): 0.011363636363636364, (17, 5): 0.011363636363636364, (17, 6): 0.013636363636363636, (17, 7): 0.00909090909090909, (17, 8): 0.015909090909090907, (17, 9): 0.015909090909090907, (17, 10): 0.00909090909090909, (17, 11): 0.015909090909090907, (17, 12): 0.013636363636363636, (17, 13): 0.011363636363636364, (17, 14): 0.013636363636363636, (17, 15): 0.011363636363636364, (17, 16): 0.015909090909090907, (17, 17): 0.015909090909090907, (17, 18): 0.015909090909090907, (17, 19): 0.01818181818181818, (17, 20): 0.00909090909090909, (18, 0): 0.011363636363636364, (18, 1): 0.011363636363636364, (18, 2): 0.011363636363636364, (18, 3): 0.011363636363636364, (18, 4): 0.00909090909090909, (18, 5): 0.00909090909090909, (18, 6): 0.013636363636363636, (18, 7): 0.00909090909090909, (18, 8): 0.015909090909090907, (18, 9): 0.013636363636363636, (18, 10): 0.011363636363636364, (18, 11): 0.011363636363636364, (18, 12): 0.013636363636363636, (18, 13): 0.013636363636363636, (18, 14): 0.015909090909090907, (18, 15): 0.01818181818181818, (18, 16): 0.015909090909090907, (18, 17): 0.013636363636363636, (18, 18): 0.01818181818181818, (18, 19): 0.015909090909090907, (18, 20): 0.00909090909090909, (19, 0): 0.00909090909090909, (19, 1): 0.013636363636363636, (19, 2): 0.006818181818181818, (19, 3): 0.015909090909090907, (19, 4): 0.013636363636363636, (19, 5): 0.011363636363636364, (19, 6): 0.00909090909090909, (19, 7): 0.011363636363636364, (19, 8): 0.00909090909090909, (19, 9): 0.015909090909090907, (19, 10): 0.013636363636363636, (19, 11): 0.006818181818181818, (19, 12): 0.013636363636363636, (19, 13): 0.015909090909090907, (19, 14): 0.015909090909090907, (19, 15): 0.00909090909090909, (19, 16): 0.013636363636363636, (19, 17): 0.015909090909090907, (19, 18): 0.015909090909090907, (19, 19): 0.013636363636363636, (19, 20): 0.006818181818181818, (20, 0): 0.004545454545454545, (20, 1): 0.006818181818181818, (20, 2): 0.00909090909090909, (20, 3): 0.011363636363636364, (20, 4): 0.011363636363636364, (20, 5): 0.006818181818181818, (20, 6): 0.011363636363636364, (20, 7): 0.011363636363636364, (20, 8): 0.006818181818181818, (20, 9): 0.004545454545454545, (20, 10): 0.00909090909090909, (20, 11): 0.00909090909090909, (20, 12): 0.006818181818181818, (20, 13): 0.00909090909090909, (20, 14): 0.00909090909090909, (20, 15): 0.00909090909090909, (20, 16): 0.00909090909090909, (20, 17): 0.011363636363636364, (20, 18): 0.011363636363636364, (20, 19): 0.00909090909090909, (20, 20): 0.004545454545454545}
eigenvector centrality: {(0, 0): 0.0006157631006266955, (0, 1): 0.0006157631006266955, (0, 2): 0.00246577375219295, (0, 3): 0.0023037237986132664, (0, 4): 0.0035314830420012187, (0, 5): 0.0023726880097870496, (0, 6): 0.0026781953786235908, (0, 7): 0.0049353684041508784, (0, 8): 0.004408347671245349, (0, 9): 0.0013038240691221447, (0, 10): 0.00388978820934769, (0, 11): 0.004028298180285852, (0, 12): 0.004765452996116317, (0, 13): 0.006330004755338379, (0, 14): 0.006573225924386021, (0, 15): 0.006304085053537201, (0, 16): 0.005092483416581392, (0, 17): 0.004940715507510081, (0, 18): 0.005186332029364012, (0, 19): 0.003614479825301358, (0, 20): 0.0017132295895593203, (1, 0): 0.0015382110284533489, (1, 1): 0.002379326337649366, (1, 2): 0.0055621830806404735, (1, 3): 0.007746744995376855, (1, 4): 0.0055641019980459455, (1, 5): 0.006855600822778242, (1, 6): 0.0033827040021903627, (1, 7): 0.00973604603935353, (1, 8): 0.011204508842077571, (1, 9): 0.012081033041775425, (1, 10): 0.011372222573590194, (1, 11): 0.010471532488501032, (1, 12): 0.00950168960707341, (1, 13): 0.007837715067893661, (1, 14): 0.01818595337125654, (1, 15): 0.017349786063216553, (1, 16): 0.010275086402936078, (1, 17): 0.010894970933139722, (1, 18): 0.008816883610444286, (1, 19): 0.004745320766565992, (1, 20): 0.002545379250360521, (2, 0): 0.0013709295166924294, (2, 1): 0.004804500896387976, (2, 2): 0.00853136737730096, (2, 3): 0.00953691244671968, (2, 4): 0.014097777773889235, (2, 5): 0.012593869583632674, (2, 6): 0.014674997216788036, (2, 7): 0.013412432963734334, (2, 8): 0.020677914982355522, (2, 9): 0.023880286740886533, (2, 10): 0.025337970114108613, (2, 11): 0.027044239613215594, (2, 12): 0.006273643386606493, (2, 13): 0.02462025306657627, (2, 14): 0.02778246257948474, (2, 15): 0.026796944138945712, (2, 16): 0.02082124137454677, (2, 17): 0.020806371677150916, (2, 18): 0.014231419724890077, (2, 19): 0.010874341854708983, (2, 20): 0.003989543126268719, (3, 0): 0.0022213724175377727, (3, 1): 0.005751163854209237, (3, 2): 0.011343469707935996, (3, 3): 0.016692508883304244, (3, 4): 0.016581147975253344, (3, 5): 0.019696432909286892, (3, 6): 0.024198501491194895, (3, 7): 0.019489189593941345, (3, 8): 0.0258068051150951, (3, 9): 0.035482964684169914, (3, 10): 0.03347865779231291, (3, 11): 0.04093752666932279, (3, 12): 0.04103338526496196, (3, 13): 0.032094764877291605, (3, 14): 0.03761458965982618, (3, 15): 0.03913718397798663, (3, 16): 0.037459663725039234, (3, 17): 0.01984433663224318, (3, 18): 0.02036943118543898, (3, 19): 0.007797397947608068, (3, 20): 0.006722858175617326, (4, 0): 0.0033785394282075136, (4, 1): 0.005949658069884838, (4, 2): 0.013337242151616958, (4, 3): 0.017105346473682326, (4, 4): 0.0156751237825784, (4, 5): 0.01980304560260255, (4, 6): 0.024294051635463988, (4, 7): 0.03002968273780625, (4, 8): 0.030832368164646407, (4, 9): 0.045413535885356765, (4, 10): 0.046216548898795756, (4, 11): 0.03952357356490901, (4, 12): 0.04792924843633821, (4, 13): 0.049029347547116325, (4, 14): 0.05664827886041045, (4, 15): 0.05454707621202447, (4, 16): 0.045882730755859205, (4, 17): 0.030448407408083626, (4, 18): 0.01963765085674726, (4, 19): 0.01381452841948641, (4, 20): 0.006317180602263548, (5, 0): 0.0012147705436069388, (5, 1): 0.0075726575861016126, (5, 2): 0.009285825060381985, (5, 3): 0.01115660162263267, (5, 4): 0.014763878166556523, (5, 5): 0.014901903441238595, (5, 6): 0.026484299030818313, (5, 7): 0.014611101819426856, (5, 8): 0.040009627889169966, (5, 9): 0.04824723379414254, (5, 10): 0.062448162010717415, (5, 11): 0.028151775548635523, (5, 12): 0.04551615481979333, (5, 13): 0.06831090543503737, (5, 14): 0.0605438688229173, (5, 15): 0.0798445693778173, (5, 16): 0.05061840475430023, (5, 17): 0.029005987156448837, (5, 18): 0.018932300310026143, (5, 19): 0.011516647016850479, (5, 20): 0.008156820176080142, (6, 0): 0.0032870289057452687, (6, 1): 0.004441490653091992, (6, 2): 0.008499630293699538, (6, 3): 0.009909046194527657, (6, 4): 0.012848100704173132, (6, 5): 0.013612904993597697, (6, 6): 0.02649652864606286, (6, 7): 0.03841294705206534, (6, 8): 0.047098323057635595, (6, 9): 0.06589796368198104, (6, 10): 0.06946981767305048, (6, 11): 0.08270916286152545, (6, 12): 0.09140073966654755, (6, 13): 0.08488419926510057, (6, 14): 0.10492112930020144, (6, 15): 0.0666975974867369, (6, 16): 0.06837258846494973, (6, 17): 0.04477951184373233, (6, 18): 0.03291006438769425, (6, 19): 0.017346890863221758, (6, 20): 0.014442280512552388, (7, 0): 0.002332607998178033, (7, 1): 0.005351159141320608, (7, 2): 0.0065641349142490785, (7, 3): 0.00908375778594061, (7, 4): 0.00561050316589875, (7, 5): 0.017619406068427393, (7, 6): 0.021980165580531886, (7, 7): 0.03591286831448223, (7, 8): 0.046501167502311806, (7, 9): 0.07129066011914179, (7, 10): 0.07438112435528119, (7, 11): 0.08545065409421282, (7, 12): 0.09778588098980287, (7, 13): 0.11712600810038303, (7, 14): 0.11734536157474383, (7, 15): 0.13979556204006782, (7, 16): 0.09374676951298062, (7, 17): 0.04803959480148282, (7, 18): 0.03715656858654173, (7, 19): 0.03986236874642387, (7, 20): 0.015047389913669463, (8, 0): 0.0017608321875489214, (8, 1): 0.003512852316185132, (8, 2): 0.005408317559073693, (8, 3): 0.005884902685495465, (8, 4): 0.008684999771331426, (8, 5): 0.007058674655427579, (8, 6): 0.02145093380683538, (8, 7): 0.02161852140872665, (8, 8): 0.02663405481005054, (8, 9): 0.06284156930508587, (8, 10): 0.08757480175216606, (8, 11): 0.09649848448099556, (8, 12): 0.11625321016824865, (8, 13): 0.150681825631829, (8, 14): 0.16493505532936936, (8, 15): 0.14952692047405905, (8, 16): 0.12429464158925303, (8, 17): 0.08589383593743447, (8, 18): 0.06597836945007304, (8, 19): 0.046725824028644294, (8, 20): 0.02413038003941921, (9, 0): 0.0018693107428526617, (9, 1): 0.0034882792203084294, (9, 2): 0.003316656381902621, (9, 3): 0.004039468526248993, (9, 4): 0.0053422043369119165, (9, 5): 0.006240042648761043, (9, 6): 0.013006934163238976, (9, 7): 0.020148638588184078, (9, 8): 0.036490962921830225, (9, 9): 0.05062146746118332, (9, 10): 0.08087655211787166, (9, 11): 0.13196153431877794, (9, 12): 0.14377478671917043, (9, 13): 0.16387961276860635, (9, 14): 0.15428337570278453, (9, 15): 0.17456598499481027, (9, 16): 0.1371012492721511, (9, 17): 0.1476457233404243, (9, 18): 0.10054475302210795, (9, 19): 0.05196277425250694, (9, 20): 0.014947509394738934, (10, 0): 0.0011829109118928437, (10, 1): 0.0019485329211253201, (10, 2): 0.0031951509437292583, (10, 3): 0.0030736587311063564, (10, 4): 0.0018380227364948598, (10, 5): 0.004234767639783084, (10, 6): 0.009041894242707273, (10, 7): 0.01250877987477743, (10, 8): 0.018640329738447255, (10, 9): 0.04588698244170257, (10, 10): 0.09002861136205366, (10, 11): 0.10442800412096019, (10, 12): 0.12052789633215279, (10, 13): 0.15145889131868365, (10, 14): 0.1926821438208599, (10, 15): 0.15842061712150424, (10, 16): 0.18420640575915914, (10, 17): 0.13085539927649503, (10, 18): 0.11093982496552676, (10, 19): 0.027345590869695995, (10, 20): 0.021074735794837977, (11, 0): 0.0005173541274276393, (11, 1): 0.0016514172863556513, (11, 2): 0.0020723021003003334, (11, 3): 0.002689175687333986, (11, 4): 0.003665349319776904, (11, 5): 0.0026619279135328845, (11, 6): 0.011479897483122873, (11, 7): 0.019025531316978924, (11, 8): 0.019657203759661807, (11, 9): 0.026567964594444493, (11, 10): 0.06502450242077272, (11, 11): 0.09425007270089561, (11, 12): 0.08416514045005413, (11, 13): 0.12121239889966538, (11, 14): 0.1474322908116496, (11, 15): 0.15522600366305397, (11, 16): 0.11621826563574515, (11, 17): 0.15250060001270607, (11, 18): 0.08607908225282529, (11, 19): 0.03658132726058758, (11, 20): 0.003310850950361532, (12, 0): 0.000678932508871908, (12, 1): 0.0014300155662898488, (12, 2): 0.001367393253226605, (12, 3): 0.0022722493248255628, (12, 4): 0.002702658319670632, (12, 5): 0.0038542301023003303, (12, 6): 0.012356313056019797, (12, 7): 0.016282994365537724, (12, 8): 0.03364039752648744, (12, 9): 0.04797958027018525, (12, 10): 0.06783239604866789, (12, 11): 0.06791587227187833, (12, 12): 0.037293326496690156, (12, 13): 0.08038591913062981, (12, 14): 0.07906447290020167, (12, 15): 0.06723944458563205, (12, 16): 0.12186306929346259, (12, 17): 0.1259709846329414, (12, 18): 0.09458365398058563, (12, 19): 0.037516997668432264, (12, 20): 0.01475893781591367, (13, 0): 0.0007212659224463343, (13, 1): 0.0010767951773977148, (13, 2): 0.001014051311304622, (13, 3): 0.0012334148626383778, (13, 4): 0.00196358168108888, (13, 5): 0.0047197019872906205, (13, 6): 0.009422031539939915, (13, 7): 0.017718602935277047, (13, 8): 0.027573188388779472, (13, 9): 0.039320858132126595, (13, 10): 0.04543903091714647, (13, 11): 0.045268284560651344, (13, 12): 0.030319260231663123, (13, 13): 0.042511313836292246, (13, 14): 0.02735909526244414, (13, 15): 0.04448687037745149, (13, 16): 0.068172176092127, (13, 17): 0.09036978890525629, (13, 18): 0.07205901123335964, (13, 19): 0.037558654695691446, (13, 20): 0.019846965164064555, (14, 0): 0.0004902916356754858, (14, 1): 0.000913580976335954, (14, 2): 0.0009155591517967708, (14, 3): 0.0008837294442867911, (14, 4): 0.0017053577833397702, (14, 5): 0.003432133193739271, (14, 6): 0.005462154081944111, (14, 7): 0.013506053991186038, (14, 8): 0.015802934635322338, (14, 9): 0.023341937781736884, (14, 10): 0.03411314755406738, (14, 11): 0.026118352014677684, (14, 12): 0.01640282967325925, (14, 13): 0.02321423274057146, (14, 14): 0.020317991075861498, (14, 15): 0.018888564822206484, (14, 16): 0.041335973172879334, (14, 17): 0.05124564218665614, (14, 18): 0.012384693299471703, (14, 19): 0.02143125261063209, (14, 20): 0.015065480723684934, (15, 0): 0.0004082846453348868, (15, 1): 0.0005522774903360579, (15, 2): 0.0006351103200905553, (15, 3): 0.0010363489558584764, (15, 4): 0.002053668504203349, (15, 5): 0.0029440874935222757, (15, 6): 0.0037585041098747874, (15, 7): 0.005462762414842564, (15, 8): 0.010189574071058445, (15, 9): 0.008766667930038587, (15, 10): 0.021575002945615065, (15, 11): 0.01607187619872061, (15, 12): 0.019851624775076192, (15, 13): 0.017353980926322878, (15, 14): 0.02131865936428332, (15, 15): 0.026904834730498005, (15, 16): 0.03121501111584955, (15, 17): 0.017300386563757673, (15, 18): 0.02303761882079867, (15, 19): 0.01705770157741624, (15, 20): 0.007292741715447044, (16, 0): 0.0002519473053541566, (16, 1): 0.00039004484996889267, (16, 2): 0.0002658604254060615, (16, 3): 0.0008569374501276688, (16, 4): 0.0012508572490778505, (16, 5): 0.0018456308781452067, (16, 6): 0.00218708903076475, (16, 7): 0.0034403159788053356, (16, 8): 0.002841191870305009, (16, 9): 0.008233259581411604, (16, 10): 0.009371326200271337, (16, 11): 0.011310564838354216, (16, 12): 0.010356200135656447, (16, 13): 0.01588442545742168, (16, 14): 0.022727318731199438, (16, 15): 0.029604630532800845, (16, 16): 0.025043324431764904, (16, 17): 0.030702495926993426, (16, 18): 0.018942058123722152, (16, 19): 0.01793977822269076, (16, 20): 0.011418058489868203, (17, 0): 0.00013050737730520499, (17, 1): 0.00012219053691208334, (17, 2): 0.00023817896322472684, (17, 3): 0.0004286318067033937, (17, 4): 0.0006846962886169322, (17, 5): 0.001055571358761566, (17, 6): 0.0014961652183830714, (17, 7): 0.0012262525804550273, (17, 8): 0.004266525674545809, (17, 9): 0.005584444449137813, (17, 10): 0.004587878861230471, (17, 11): 0.008357430690216648, (17, 12): 0.008248304672150536, (17, 13): 0.00949374556036546, (17, 14): 0.016421857953654164, (17, 15): 0.017164467636128004, (17, 16): 0.02762820232237815, (17, 17): 0.02724924280538292, (17, 18): 0.024992091132015976, (17, 19): 0.02031113047041518, (17, 20): 0.010069007879367566, (18, 0): 6.633030244817657e-05, (18, 1): 9.064077247735759e-05, (18, 2): 0.00011625798988018087, (18, 3): 0.00021845399561685807, (18, 4): 0.00018611112517795956, (18, 5): 0.0005672418448232387, (18, 6): 0.0008678444193618263, (18, 7): 0.001234375430463321, (18, 8): 0.002887446494009631, (18, 9): 0.0029354147664675976, (18, 10): 0.0033572954660780665, (18, 11): 0.004675337961985234, (18, 12): 0.005874685400541199, (18, 13): 0.008305102462264102, (18, 14): 0.013994592251027508, (18, 15): 0.020392221709654552, (18, 16): 0.022524430737548295, (18, 17): 0.0203218549308413, (18, 18): 0.023592521711581188, (18, 19): 0.014413866936159255, (18, 20): 0.00789945461120201, (19, 0): 3.38916730951286e-05, (19, 1): 4.488884951640289e-05, (19, 2): 3.699891303094348e-05, (19, 3): 0.00013876882318609128, (19, 4): 0.0001426359656176102, (19, 5): 0.00019089722739044568, (19, 6): 0.0003891965322747585, (19, 7): 0.0007812497601858183, (19, 8): 0.0013476638564132702, (19, 9): 0.0022368833059722907, (19, 10): 0.002254549971279697, (19, 11): 0.0015363519961608303, (19, 12): 0.005022018639159979, (19, 13): 0.007400950380699787, (19, 14): 0.009889900078752706, (19, 15): 0.008304272487102625, (19, 16): 0.013856080870210164, (19, 17): 0.01674096337117577, (19, 18): 0.014312027257824236, (19, 19): 0.011807700403072094, (19, 20): 0.0037410925623431817, (20, 0): 9.22616464888695e-06, (20, 1): 1.3828497517875329e-05, (20, 2): 4.615071863783158e-05, (20, 3): 7.307360492453147e-05, (20, 4): 0.0001005357399234484, (20, 5): 9.451081366630846e-05, (20, 6): 0.0003101149084176831, (20, 7): 0.0005179940907812566, (20, 8): 0.00046874629648288894, (20, 9): 0.0002286097915894398, (20, 10): 0.0009862878557182506, (20, 11): 0.0015573614277715254, (20, 12): 0.0016489665033340263, (20, 13): 0.004149006487984274, (20, 14): 0.004092822432631127, (20, 15): 0.004608125511516061, (20, 16): 0.007040320245235028, (20, 17): 0.009600716751650988, (20, 18): 0.009151067512646164, (20, 19): 0.005777151086215822, (20, 20): 0.0014956172256181386}
closeness centrality: {(0, 0): 0.07255936675461741, (0, 1): 0.07255936675461741, (0, 2): 0.07780725022104333, (0, 3): 0.08080808080808081, (0, 4): 0.08297190269658684, (0, 5): 0.08433965880774391, (0, 6): 0.08639308855291576, (0, 7): 0.08821170809943865, (0, 8): 0.08930383600568297, (0, 9): 0.0831129580657348, (0, 10): 0.088638195004029, (0, 11): 0.08831794460056203, (0, 12): 0.08780682498503292, (0, 13): 0.08719778042013476, (0, 14): 0.0846968238691049, (0, 15): 0.08492569002123142, (0, 16): 0.08193668528864059, (0, 17): 0.07975348921515316, (0, 18): 0.07773851590106007, (0, 19): 0.07597996891728544, (0, 20): 0.07285974499089254, (1, 0): 0.07532956685499058, (1, 1): 0.07818052594171997, (1, 2): 0.08193668528864059, (1, 3): 0.0841300191204589, (1, 4): 0.08738828202581926, (1, 5): 0.08985092914028997, (1, 6): 0.08678500986193294, (1, 7): 0.09355730384860728, (1, 8): 0.09462365591397849, (1, 9): 0.09571459647596259, (1, 10): 0.09492988133764833, (1, 11): 0.09435985417113446, (1, 12): 0.0934777990227321, (1, 13): 0.09176225234619395, (1, 14): 0.09174311926605505, (1, 15): 0.0896312894683235, (1, 16): 0.08622378992749363, (1, 17): 0.08404966571155682, (1, 18): 0.0821048703116253, (1, 19): 0.07852935927181867, (1, 20): 0.07584899155318049, (2, 0): 0.07530378230361116, (2, 1): 0.08133086876155268, (2, 2): 0.08463165993460281, (2, 3): 0.0886739218057235, (2, 4): 0.09117281392457521, (2, 5): 0.09474590869939707, (2, 6): 0.0970873786407767, (2, 7): 0.09963768115942029, (2, 8): 0.1005944215820759, (2, 9): 0.10178117048346055, (2, 10): 0.10154627279021464, (2, 11): 0.10091743119266056, (2, 12): 0.09505292719809894, (2, 13): 0.09923319801533605, (2, 14): 0.0968096809680968, (2, 15): 0.09435985417113446, (2, 16): 0.09111617312072894, (2, 17): 0.08901476835929598, (2, 18): 0.084958486194246, (2, 19): 0.08196721311475409, (2, 20): 0.07743752199929602, (3, 0): 0.07963800904977375, (3, 1): 0.08458285274894271, (3, 2): 0.08807045636509207, (3, 3): 0.0917813934084272, (3, 4): 0.0962800875273523, (3, 5): 0.09867683337071093, (3, 6): 0.1027317300957273, (3, 7): 0.10448824507242935, (3, 8): 0.1071863580998782, (3, 9): 0.10700389105058365, (3, 10): 0.10752688172043011, (3, 11): 0.10845452304658615, (3, 12): 0.10710808179162609, (3, 13): 0.10473696738871698, (3, 14): 0.10237319683573755, (3, 15): 0.10018214936247723, (3, 16): 0.0963855421686747, (3, 17): 0.09105960264900662, (3, 18): 0.08881711748082358, (3, 19): 0.0834756213242269, (3, 20): 0.08060084264517312, (4, 0): 0.08218154650728428, (4, 1): 0.08607198748043818, (4, 2): 0.09181969949916527, (4, 3): 0.09554831704668838, (4, 4): 0.0993676603432701, (4, 5): 0.10443864229765012, (4, 6): 0.10646019840309702, (4, 7): 0.11063615790797084, (4, 8): 0.11164679015478304, (4, 9): 0.11458333333333333, (4, 10): 0.11467292155329685, (4, 11): 0.1142263759086189, (4, 12): 0.11273379451703817, (4, 13): 0.11074754593506167, (4, 14): 0.10880316518298715, (4, 15): 0.10473696738871698, (4, 16): 0.10084804033921614, (4, 17): 0.09615384615384616, (4, 18): 0.09263157894736843, (4, 19): 0.08721506442021804, (4, 20): 0.08239700374531835, (5, 0): 0.08218154650728428, (5, 1): 0.08890684986866033, (5, 2): 0.0935374149659864, (5, 3): 0.09889862890537199, (5, 4): 0.10348071495766697, (5, 5): 0.10723860589812333, (5, 6): 0.11267605633802817, (5, 7): 0.11401917595231925, (5, 8): 0.11847065158858373, (5, 9): 0.12005457025920874, (5, 10): 0.12141280353200883, (5, 11): 0.11328527291452112, (5, 12): 0.11714589989350373, (5, 13): 0.11761561079925154, (5, 14): 0.11319783895034731, (5, 15): 0.10956175298804781, (5, 16): 0.10446343779677113, (5, 17): 0.10009099181073704, (5, 18): 0.09401709401709402, (5, 19): 0.08919521589296574, (5, 20): 0.0844205679201842, (6, 0): 0.08615625611905228, (6, 1): 0.08950366151342555, (6, 2): 0.0955068374213154, (6, 3): 0.10061742510862108, (6, 4): 0.107421875, (6, 5): 0.11147707119331138, (6, 6): 0.11717709720372836, (6, 7): 0.1207464324917673, (6, 8): 0.12485811577752554, (6, 9): 0.12578616352201258, (6, 10): 0.1263641585295807, (6, 11): 0.12621916236374067, (6, 12): 0.12578616352201258, (6, 13): 0.12151339409003038, (6, 14): 0.11850255857796929, (6, 15): 0.11296534017971759, (6, 16): 0.10885700148441366, (6, 17): 0.10232558139534884, (6, 18): 0.0963855421686747, (6, 19): 0.09081527347781218, (6, 20): 0.08666535355524917, (7, 0): 0.08666535355524917, (7, 1): 0.09232060428031892, (7, 2): 0.0966183574879227, (7, 3): 0.10343206393982135, (7, 4): 0.10792249202845229, (7, 5): 0.11609498680738786, (7, 6): 0.1190154179064106, (7, 7): 0.12475191380776864, (7, 8): 0.1283172936716244, (7, 9): 0.13110846245530394, (7, 10): 0.13087447947650208, (7, 11): 0.13205282112845138, (7, 12): 0.12937371361364305, (7, 13): 0.12661870503597122, (7, 14): 0.1211453744493392, (7, 15): 0.11780455153949129, (7, 16): 0.11074754593506167, (7, 17): 0.10429011614126571, (7, 18): 0.09863259358888142, (7, 19): 0.09335879482283047, (7, 20): 0.08719778042013476, (8, 0): 0.08817635270541083, (8, 1): 0.09343809726056487, (8, 2): 0.09968282736746716, (8, 3): 0.10622887493964268, (8, 4): 0.11147707119331138, (8, 5): 0.11551588343397218, (8, 6): 0.12352610892756878, (8, 7): 0.1282798833819242, (8, 8): 0.13060255268625706, (8, 9): 0.13447432762836187, (8, 10): 0.1372854914196568, (8, 11): 0.13435114503816795, (8, 12): 0.13309134906231096, (8, 13): 0.12903225806451613, (8, 14): 0.12585812356979406, (8, 15): 0.11863035858722028, (8, 16): 0.11276268580215275, (8, 17): 0.10597302504816955, (8, 18): 0.10075566750629723, (8, 19): 0.09379663184822, (8, 20): 0.0890507994333131, (9, 0): 0.08924949290060852, (9, 1): 0.09517629245078953, (9, 2): 0.1004566210045662, (9, 3): 0.1070559610705596, (9, 4): 0.11381272633212623, (9, 5): 0.11821601289629231, (9, 6): 0.12304250559284116, (9, 7): 0.12987012987012986, (9, 8): 0.13439218081857054, (9, 9): 0.13711436584605796, (9, 10): 0.13741411617738913, (9, 11): 0.13849543594586086, (9, 12): 0.13402375875723424, (9, 13): 0.13221153846153846, (9, 14): 0.1265458728789186, (9, 15): 0.12021857923497267, (9, 16): 0.1135483870967742, (9, 17): 0.10829436377061284, (9, 18): 0.1008249312557287, (9, 19): 0.09511456982274102, (9, 20): 0.08941272099166836, (10, 0): 0.08941272099166836, (10, 1): 0.09554831704668838, (10, 2): 0.10192263145703034, (10, 3): 0.10671840892553966, (10, 4): 0.10674429888403687, (10, 5): 0.11956521739130435, (10, 6): 0.12672811059907835, (10, 7): 0.12884333821376281, (10, 8): 0.13333333333333333, (10, 9): 0.1373283395755306, (10, 10): 0.13849543594586086, (10, 11): 0.13707165109034267, (10, 12): 0.13741411617738913, (10, 13): 0.13146100985957573, (10, 14): 0.12607449856733524, (10, 15): 0.12048192771084337, (10, 16): 0.1151229722658294, (10, 17): 0.10750061079892499, (10, 18): 0.10254020041948264, (10, 19): 0.09448142581060769, (10, 20): 0.08874546187979024, (11, 0): 0.08791208791208792, (11, 1): 0.09538261435074788, (11, 2): 0.10080183276059565, (11, 3): 0.10684798445847499, (11, 4): 0.11241696474195197, (11, 5): 0.1164021164021164, (11, 6): 0.12524907486478792, (11, 7): 0.13221153846153846, (11, 8): 0.13293051359516617, (11, 9): 0.1299084735754355, (11, 10): 0.1385390428211587, (11, 11): 0.13754298218193187, (11, 12): 0.13426914861153494, (11, 13): 0.13037037037037036, (11, 14): 0.12478729438457176, (11, 15): 0.12044894607172187, (11, 16): 0.11287839917906618, (11, 17): 0.10866880711286737, (11, 18): 0.1018047200370199, (11, 19): 0.09517629245078953, (11, 20): 0.08152677413377803, (12, 0): 0.08854900382370698, (12, 1): 0.09365687526607067, (12, 2): 0.09966024915062288, (12, 3): 0.10638297872340426, (12, 4): 0.11097099621689786, (12, 5): 0.11758417958311064, (12, 6): 0.12422360248447205, (12, 7): 0.12761020881670534, (12, 8): 0.13233082706766916, (12, 9): 0.134886572654813, (12, 10): 0.13588634959851761, (12, 11): 0.1343101343101343, (12, 12): 0.12585812356979406, (12, 13): 0.12738853503184713, (12, 14): 0.12425868398757413, (12, 15): 0.11937059142702117, (12, 16): 0.1134020618556701, (12, 17): 0.10674429888403687, (12, 18): 0.10145261701637076, (12, 19): 0.09339842920823604, (12, 20): 0.08934010152284264, (13, 0): 0.08740564163686929, (13, 1): 0.09318085556967387, (13, 2): 0.09723756906077348, (13, 3): 0.10365135453474676, (13, 4): 0.11091504915553314, (13, 5): 0.11597258829731154, (13, 6): 0.1199890919007363, (13, 7): 0.1243640474844545, (13, 8): 0.12944983818770225, (13, 9): 0.132291040288635, (13, 10): 0.13071895424836602, (13, 11): 0.12941176470588237, (13, 12): 0.12600229095074456, (13, 13): 0.12429378531073447, (13, 14): 0.1186623516720604, (13, 15): 0.11699016219090667, (13, 16): 0.11091504915553314, (13, 17): 0.10556621880998081, (13, 18): 0.09943502824858758, (13, 19): 0.09375665885361176, (13, 20): 0.0881057268722467, (14, 0): 0.08607198748043818, (14, 1): 0.09092787766067369, (14, 2): 0.09657594381035997, (14, 3): 0.10117268337548861, (14, 4): 0.10808155244411692, (14, 5): 0.11273379451703817, (14, 6): 0.11572856391372961, (14, 7): 0.1206140350877193, (14, 8): 0.12366498032602585, (14, 9): 0.12542759407069556, (14, 10): 0.12618296529968454, (14, 11): 0.12425868398757413, (14, 12): 0.12280212112754675, (14, 13): 0.12054794520547946, (14, 14): 0.11708355508249069, (14, 15): 0.11119535001263584, (14, 16): 0.10888393961890622, (14, 17): 0.10321369927281257, (14, 18): 0.09205020920502092, (14, 19): 0.09176225234619395, (14, 20): 0.08712871287128712, (15, 0): 0.08421052631578947, (15, 1): 0.08901476835929598, (15, 2): 0.0940572894399316, (15, 3): 0.09797372522823425, (15, 4): 0.10451306413301663, (15, 5): 0.10872251050160613, (15, 6): 0.11253196930946291, (15, 7): 0.11396011396011396, (15, 8): 0.11705240755520085, (15, 9): 0.11767852366943032, (15, 10): 0.1197930846719303, (15, 11): 0.11972789115646258, (15, 12): 0.11895106785617734, (15, 13): 0.11455350169226763, (15, 14): 0.11159015977681969, (15, 15): 0.10776389909380357, (15, 16): 0.10478685401286021, (15, 17): 0.09397693293464332, (15, 18): 0.09513513513513513, (15, 19): 0.08954008954008955, (15, 20): 0.08258258258258258, (16, 0): 0.08239700374531835, (16, 1): 0.08690499703732965, (16, 2): 0.09007164790174002, (16, 3): 0.09613283810356128, (16, 4): 0.10068649885583524, (16, 5): 0.10483678818203479, (16, 6): 0.1070820150888294, (16, 7): 0.10942551604078588, (16, 8): 0.10242085661080075, (16, 9): 0.11136421159200202, (16, 10): 0.11287839917906618, (16, 11): 0.11473272490221642, (16, 12): 0.11325611325611326, (16, 13): 0.11022044088176353, (16, 14): 0.10653753026634383, (16, 15): 0.10379806558150508, (16, 16): 0.0993676603432701, (16, 17): 0.09647007235255427, (16, 18): 0.0886739218057235, (16, 19): 0.08780682498503292, (16, 20): 0.08284692148371305, (17, 0): 0.08024803939449207, (17, 1): 0.08250515657228577, (17, 2): 0.08695652173913043, (17, 3): 0.0924175593362739, (17, 4): 0.09615384615384616, (17, 5): 0.09907678450799369, (17, 6): 0.10156971375807941, (17, 7): 0.1026598226784881, (17, 8): 0.1050871745880105, (17, 9): 0.1058455617031513, (17, 10): 0.10656333252603536, (17, 11): 0.10671840892553966, (17, 12): 0.1063572637176698, (17, 13): 0.10362694300518134, (17, 14): 0.10036496350364964, (17, 15): 0.09830205540661305, (17, 16): 0.09556907037358818, (17, 17): 0.09166666666666666, (17, 18): 0.08894279361229028, (17, 19): 0.08440437368118166, (17, 20): 0.08110599078341015, (18, 0): 0.07715237594248642, (18, 1): 0.08033595033777616, (18, 2): 0.08527131782945736, (18, 3): 0.08915906788247213, (18, 4): 0.0888529886914378, (18, 5): 0.09423859498822018, (18, 6): 0.09659714599341383, (18, 7): 0.09812667261373774, (18, 8): 0.10057142857142858, (18, 9): 0.10117268337548861, (18, 10): 0.10043369093814197, (18, 11): 0.09941256213285134, (18, 12): 0.09930038366057324, (18, 13): 0.0993676603432701, (18, 14): 0.09632224168126094, (18, 15): 0.09269012007583737, (18, 16): 0.09075907590759076, (18, 17): 0.08815868563414145, (18, 18): 0.0847457627118644, (18, 19): 0.08051235132662397, (18, 20): 0.07802801915233197, (19, 0): 0.07451312447078746, (19, 1): 0.07885304659498207, (19, 2): 0.08024803939449207, (19, 3): 0.08400152730049637, (19, 4): 0.08619000979431929, (19, 5): 0.08910490076954232, (19, 6): 0.09068425391591096, (19, 7): 0.09349766255843604, (19, 8): 0.09462365591397849, (19, 9): 0.09567297238530115, (19, 10): 0.0944206008583691, (19, 11): 0.09355730384860728, (19, 12): 0.09333899024183284, (19, 13): 0.09235936188077246, (19, 14): 0.09189640768588136, (19, 15): 0.08887093516461321, (19, 16): 0.08568646543330087, (19, 17): 0.08392141903490367, (19, 18): 0.08071913410383416, (19, 19): 0.07831968672125311, (19, 20): 0.07457627118644068, (20, 0): 0.07311399135925557, (20, 1): 0.07315045719035744, (20, 2): 0.07773851590106007, (20, 3): 0.07966684772768423, (20, 4): 0.0824896887889014, (20, 5): 0.0841300191204589, (20, 6): 0.08646099430143446, (20, 7): 0.08837115886724242, (20, 8): 0.08869179600886919, (20, 9): 0.0834756213242269, (20, 10): 0.0896312894683235, (20, 11): 0.08890684986866033, (20, 12): 0.0875970535536532, (20, 13): 0.08663122661941328, (20, 14): 0.08545348611380851, (20, 15): 0.08479475814222394, (20, 16): 0.0818452380952381, (20, 17): 0.07930785868781542, (20, 18): 0.0776424916181401, (20, 19): 0.07477906186267845, (20, 20): 0.07137064071370641}
betweenness centrality: {(0, 0): 0.0, (0, 1): 0.0, (0, 2): 0.0015441030403830984, (0, 3): 0.0005764401858868274, (0, 4): 0.0018590946524207356, (0, 5): 0.0012464785836473354, (0, 6): 0.002297509758452728, (0, 7): 0.002399593725269734, (0, 8): 0.00441847666130303, (0, 9): 8.989769964621443e-05, (0, 10): 0.0024748959956113633, (0, 11): 0.0011923816901879833, (0, 12): 0.0014897716719671978, (0, 13): 0.004795785739295185, (0, 14): 3.451370193967005e-06, (0, 15): 0.005228008316054071, (0, 16): 0.001540274802274733, (0, 17): 0.0013985318592140278, (0, 18): 0.0014100562469908525, (0, 19): 0.0015103493193762637, (0, 20): 3.451370193967005e-06, (1, 0): 0.0013159480585353562, (1, 1): 0.009122081440212806, (1, 2): 0.0037219568322886904, (1, 3): 0.010103932316480121, (1, 4): 0.007484073776190823, (1, 5): 0.01432148370389675, (1, 6): 0.0038618999001929985, (1, 7): 0.019424755768459184, (1, 8): 0.00694424879833203, (1, 9): 0.013874087877836717, (1, 10): 0.009526026119113537, (1, 11): 0.005190040918081196, (1, 12): 0.009902911756469394, (1, 13): 0.00282081994282343, (1, 14): 0.020112505860671138, (1, 15): 0.011746177288147868, (1, 16): 0.008838520897884955, (1, 17): 0.007942045188329598, (1, 18): 0.009674692069398853, (1, 19): 0.002823279259855323, (1, 20): 0.0014474779725595, (2, 0): 6.90274038793401e-06, (2, 1): 0.010950614927038478, (2, 2): 0.017078722987230337, (2, 3): 0.005434353178145859, (2, 4): 0.016179568679533293, (2, 5): 0.011908810766171896, (2, 6): 0.021034967080372557, (2, 7): 0.011501914925258698, (2, 8): 0.023998259655337813, (2, 9): 0.014985088303014225, (2, 10): 0.026915356949728443, (2, 11): 0.026319885288460788, (2, 12): 0.0008350117412026256, (2, 13): 0.020885380004919716, (2, 14): 0.01774877380829018, (2, 15): 0.010202032542101249, (2, 16): 0.01178000617131065, (2, 17): 0.02306533634157885, (2, 18): 0.005399601005945022, (2, 19): 0.01344391210091865, (2, 20): 0.0, (3, 0): 0.0012207779725365577, (3, 1): 0.002604290371917823, (3, 2): 0.016560412604012625, (3, 3): 0.02298011217262163, (3, 4): 0.019823381940259177, (3, 5): 0.01854476653521834, (3, 6): 0.025685046385575536, (3, 7): 0.010984085628003524, (3, 8): 0.021164247484539173, (3, 9): 0.02808081231129088, (3, 10): 0.017659536682273134, (3, 11): 0.0379491760779548, (3, 12): 0.04776810098348774, (3, 13): 0.02129518891061728, (3, 14): 0.01570580199427115, (3, 15): 0.015005089932039813, (3, 16): 0.030057065050585887, (3, 17): 0.006966588880973736, (3, 18): 0.018494952857786705, (3, 19): 0.002719675477911211, (3, 20): 0.0031629982376501623, (4, 0): 0.0020961931955219637, (4, 1): 0.00485068282145762, (4, 2): 0.019536563519883043, (4, 3): 0.025121038653646007, (4, 4): 0.015150226765047493, (4, 5): 0.030003005675929395, (4, 6): 0.013078613768887795, (4, 7): 0.03123635217152036, (4, 8): 0.02000997104042588, (4, 9): 0.0376188541623125, (4, 10): 0.03366161041293584, (4, 11): 0.03037482285523145, (4, 12): 0.03414285795976577, (4, 13): 0.024804533012772714, (4, 14): 0.03917357856980847, (4, 15): 0.023279988401227407, (4, 16): 0.014469162072720674, (4, 17): 0.01928745750125954, (4, 18): 0.01693707239543489, (4, 19): 0.014869498161774224, (4, 20): 0.0018713399958490901, (5, 0): 0.0, (5, 1): 0.015161907875175731, (5, 2): 0.005242408030571485, (5, 3): 0.023517317939703093, (5, 4): 0.02543058162819724, (5, 5): 0.012582406344412128, (5, 6): 0.04688947718191559, (5, 7): 0.004030951973262364, (5, 8): 0.03687081116784166, (5, 9): 0.025509843527806355, (5, 10): 0.06322274251466367, (5, 11): 0.005325692277233641, (5, 12): 0.01743203580380629, (5, 13): 0.050282965382426166, (5, 14): 0.014019750040081123, (5, 15): 0.04392969621604535, (5, 16): 0.025620495449121514, (5, 17): 0.019231825260522434, (5, 18): 0.009461011124210628, (5, 19): 0.007035200604677829, (5, 20): 0.005075695712925585, (6, 0): 0.0035853157580343917, (6, 1): 0.006838295936225316, (6, 2): 0.021203129728780502, (6, 3): 0.015254533978798664, (6, 4): 0.04520005103349936, (6, 5): 0.01893457395010469, (6, 6): 0.03647129005063278, (6, 7): 0.056212410874959234, (6, 8): 0.043222508386330606, (6, 9): 0.03444689294806293, (6, 10): 0.017798042359102643, (6, 11): 0.047722329103083154, (6, 12): 0.05855492485162283, (6, 13): 0.020648482090475886, (6, 14): 0.044099497781378394, (6, 15): 0.020988705023380454, (6, 16): 0.039823429348382886, (6, 17): 0.02072462636933462, (6, 18): 0.017951203823469635, (6, 19): 0.005214850251498683, (6, 20): 0.005725234262980986, (7, 0): 0.0021899738709290476, (7, 1): 0.013273081530985944, (7, 2): 0.0098048158734612, (7, 3): 0.03133667651405993, (7, 4): 0.008830116652647926, (7, 5): 0.06540935138278403, (7, 6): 0.012472003187460409, (7, 7): 0.04599180528600621, (7, 8): 0.055565549001997595, (7, 9): 0.043738494983809224, (7, 10): 0.02163340879015592, (7, 11): 0.05245255517201224, (7, 12): 0.03743325999460351, (7, 13): 0.03922971136127103, (7, 14): 0.018170801241228534, (7, 15): 0.0632767468737175, (7, 16): 0.014775225278568695, (7, 17): 0.016797696970608744, (7, 18): 0.009381767239662903, (7, 19): 0.02125400051541505, (7, 20): 0.0012519543851107018, (8, 0): 0.002913319002016602, (8, 1): 0.011478456979080369, (8, 2): 0.021079023474686015, (8, 3): 0.020207111492379245, (8, 4): 0.04227298986289179, (8, 5): 0.013099030456423041, (8, 6): 0.058541804318166794, (8, 7): 0.02651005042103849, (8, 8): 0.025941398720123375, (8, 9): 0.048457393179315605, (8, 10): 0.08168947084457463, (8, 11): 0.03156000318171371, (8, 12): 0.03995344296599093, (8, 13): 0.031609979182538966, (8, 14): 0.06221227487383899, (8, 15): 0.024864115783688755, (8, 16): 0.02587055960528239, (8, 17): 0.009696289145884971, (8, 18): 0.026821115724844566, (8, 19): 0.008742987813493816, (8, 20): 0.004379873460625837, (9, 0): 0.0031867099607650697, (9, 1): 0.019895933927731976, (9, 2): 0.01525839177105374, (9, 3): 0.024446530667027268, (9, 4): 0.029260056943769857, (9, 5): 0.0210122543375302, (9, 6): 0.020745186796852135, (9, 7): 0.046222843757096385, (9, 8): 0.053216837659268414, (9, 9): 0.06590066826654624, (9, 10): 0.03944274437750925, (9, 11): 0.07848360621381371, (9, 12): 0.03353863604612059, (9, 13): 0.06043242824173649, (9, 14): 0.02040762326667243, (9, 15): 0.04096513050763162, (9, 16): 0.01611281584010987, (9, 17): 0.040483464104765346, (9, 18): 0.014740242637155329, (9, 19): 0.012435015205991337, (9, 20): 0.0012250880628811322, (10, 0): 0.005395644882974412, (10, 1): 0.010080701003994616, (10, 2): 0.03257018318338503, (10, 3): 0.011357651533425423, (10, 4): 0.006211195378523715, (10, 5): 0.03151614103455633, (10, 6): 0.056764270844046394, (10, 7): 0.02959633978471284, (10, 8): 0.03535455626011352, (10, 9): 0.04740292696414809, (10, 10): 0.06293782178205058, (10, 11): 0.024396568930003845, (10, 12): 0.08316493178874426, (10, 13): 0.038243470554957484, (10, 14): 0.04903213370514308, (10, 15): 0.01827902370692327, (10, 16): 0.054716469609374076, (10, 17): 0.013001540102622403, (10, 18): 0.02767759454123473, (10, 19): 0.005301233656960125, (10, 20): 0.005281103557440955, (11, 0): 0.002324920251911649, (11, 1): 0.01659932524577759, (11, 2): 0.021923461359731035, (11, 3): 0.023618363210846555, (11, 4): 0.03212484749134795, (11, 5): 0.005196876455563387, (11, 6): 0.043753721675992466, (11, 7): 0.08475019959282537, (11, 8): 0.015801910400700375, (11, 9): 0.005489478308422619, (11, 10): 0.06065992519475696, (11, 11): 0.07599968815466658, (11, 12): 0.036628128294087105, (11, 13): 0.04255015531594837, (11, 14): 0.02408350558779686, (11, 15): 0.054531667614263146, (11, 16): 0.011195470467376865, (11, 17): 0.04500993791252715, (11, 18): 0.01803174505062869, (11, 19): 0.008337809451304384, (11, 20): 0.0, (12, 0): 0.0026655543821994874, (12, 1): 0.02603704170779863, (12, 2): 0.015720976212444154, (12, 3): 0.026426187950942807, (12, 4): 0.012564548315106255, (12, 5): 0.033589373341971686, (12, 6): 0.03840394009982635, (12, 7): 0.02256885194719789, (12, 8): 0.06598379568048088, (12, 9): 0.04599720853733596, (12, 10): 0.07328467440959843, (12, 11): 0.04627669308000562, (12, 12): 0.00454729251670794, (12, 13): 0.020067089961356623, (12, 14): 0.044488750859535235, (12, 15): 0.029738746762600545, (12, 16): 0.03698003794020083, (12, 17): 0.02855259479259704, (12, 18): 0.024016057729795974, (12, 19): 0.0029935039380165193, (12, 20): 0.003410922724086703, (13, 0): 0.006307223942388867, (13, 1): 0.014103964858161216, (13, 2): 0.012292311867989342, (13, 3): 0.0179035080094164, (13, 4): 0.04114235687801783, (13, 5): 0.03611400236594484, (13, 6): 0.03049398184051046, (13, 7): 0.027166617936842125, (13, 8): 0.052359706844790264, (13, 9): 0.07425013454700732, (13, 10): 0.028391917352644753, (13, 11): 0.03930566323116625, (13, 12): 0.012118890916799156, (13, 13): 0.035917484112909126, (13, 14): 0.03011749545105208, (13, 15): 0.03634016909420862, (13, 16): 0.018518819016025808, (13, 17): 0.03223956988463192, (13, 18): 0.02308657490789498, (13, 19): 0.006016449729401934, (13, 20): 0.0026060069347368666, (14, 0): 0.00275498264948878, (14, 1): 0.014479351045877527, (14, 2): 0.017281453224843868, (14, 3): 0.014128341816204957, (14, 4): 0.031115844612866195, (14, 5): 0.042269614447283374, (14, 6): 0.01425821837453418, (14, 7): 0.05714244475132205, (14, 8): 0.025262370256373155, (14, 9): 0.04118912490108374, (14, 10): 0.05186091239382375, (14, 11): 0.035979408944340596, (14, 12): 0.019634209518192464, (14, 13): 0.05601199469742214, (14, 14): 0.019883601010652983, (14, 15): 0.009579872055465209, (14, 16): 0.042362011791699634, (14, 17): 0.04413941807078549, (14, 18): 0.0016129325598790898, (14, 19): 0.00984564115972859, (14, 20): 0.0034711291234872507, (15, 0): 0.00521738496072649, (15, 1): 0.008903789114353003, (15, 2): 0.016510108132758262, (15, 3): 0.018875173243411158, (15, 4): 0.03837696468593719, (15, 5): 0.024847832340615023, (15, 6): 0.04899228966722975, (15, 7): 0.0029332111719260765, (15, 8): 0.023300632005187248, (15, 9): 0.008329442738193095, (15, 10): 0.06694942008815043, (15, 11): 0.029248403884522205, (15, 12): 0.06509973935565998, (15, 13): 0.029021364182690433, (15, 14): 0.03378149127881584, (15, 15): 0.027003794040632568, (15, 16): 0.03742989536784386, (15, 17): 0.004690188194231365, (15, 18): 0.028730340695903273, (15, 19): 0.012025724460674318, (15, 20): 0.0, (16, 0): 0.005310792417123864, (16, 1): 0.011324338019650274, (16, 2): 0.002961351066185719, (16, 3): 0.009588549504350037, (16, 4): 0.03984965610187499, (16, 5): 0.04248861080890515, (16, 6): 0.02567069782912835, (16, 7): 0.02893326944660944, (16, 8): 0.0, (16, 9): 0.01917161510872524, (16, 10): 0.020489975316044972, (16, 11): 0.054767746931718354, (16, 12): 0.02324560044792521, (16, 13): 0.025975520738134306, (16, 14): 0.03076363436305673, (16, 15): 0.04217175206411222, (16, 16): 0.017034865059323636, (16, 17): 0.027157529019189854, (16, 18): 0.0027711953836943902, (16, 19): 0.01817660120835176, (16, 20): 0.002546945624036032, (17, 0): 0.00375807671276449, (17, 1): 0.0031896009286737042, (17, 2): 0.012324814536694517, (17, 3): 0.029925367583694067, (17, 4): 0.020470750379400635, (17, 5): 0.020720054482675044, (17, 6): 0.011953112994134324, (17, 7): 0.012767193656085704, (17, 8): 0.02182812495029456, (17, 9): 0.020214336020998085, (17, 10): 0.01486882509833966, (17, 11): 0.03123617111171402, (17, 12): 0.029943558050620545, (17, 13): 0.017600696113892204, (17, 14): 0.02128629856010795, (17, 15): 0.018610661150794863, (17, 16): 0.019185083103088824, (17, 17): 0.014379147592026504, (17, 18): 0.01094904523841414, (17, 19): 0.01207759645912037, (17, 20): 0.002871582130281955, (18, 0): 0.0028963205568346517, (18, 1): 0.004069925385766621, (18, 2): 0.018671922890752504, (18, 3): 0.011485734959265057, (18, 4): 0.005081827195241945, (18, 5): 0.008733131569570002, (18, 6): 0.012481557697157317, (18, 7): 0.0033390954894903964, (18, 8): 0.03255836371839115, (18, 9): 0.014673341754696052, (18, 10): 0.015765998968499513, (18, 11): 0.008981846641402851, (18, 12): 0.011941251850906177, (18, 13): 0.024672152756884856, (18, 14): 0.014172006071989601, (18, 15): 0.018283150076373284, (18, 16): 0.01708121640915322, (18, 17): 0.00736488231253383, (18, 18): 0.01584418051038799, (18, 19): 0.00733454175755781, (18, 20): 0.0018276626300187321, (19, 0): 0.0005790059724920923, (19, 1): 0.010870985797195795, (19, 2): 0.00044057582635266833, (19, 3): 0.008635127222805163, (19, 4): 0.007731772087973787, (19, 5): 0.015646364376554287, (19, 6): 0.001536452032591235, (19, 7): 0.016051623609233564, (19, 8): 0.0067239381010916685, (19, 9): 0.024092170593103052, (19, 10): 0.012750527863402469, (19, 11): 0.0029747300432391094, (19, 12): 0.009881070908545507, (19, 13): 0.008298892390226027, (19, 14): 0.01366135319255719, (19, 15): 0.002112344067957019, (19, 16): 0.00703751375446347, (19, 17): 0.011666737115299398, (19, 18): 0.005129258938495902, (19, 19): 0.0023091735246249566, (19, 20): 0.002172620387187968, (20, 0): 0.0, (20, 1): 9.491268033409264e-06, (20, 2): 0.0021053193735832997, (20, 3): 0.0029062932023424257, (20, 4): 0.0061855225483499225, (20, 5): 0.003417247723581504, (20, 6): 0.015639389536860993, (20, 7): 0.008889305640616164, (20, 8): 0.004868356436552524, (20, 9): 0.0005236274161589309, (20, 10): 0.006164710686826343, (20, 11): 0.006991667911623098, (20, 12): 0.0022436911654750875, (20, 13): 0.001104979125652369, (20, 14): 0.0007053024765004042, (20, 15): 0.003876526914376261, (20, 16): 0.0021098666980011098, (20, 17): 0.002429813648687776, (20, 18): 0.0023233308183386718, (20, 19): 0.002365068575330152, (20, 20): 1.2942638227376268e-05}
katz centrality: {(0, 0): 0.027235864229155318, (0, 1): 0.027235864229155318, (0, 2): 0.0332721214642844, (0, 3): 0.03214671398051391, (0, 4): 0.03669145388199781, (0, 5): 0.031480859347793405, (0, 6): 0.03129231007847279, (0, 7): 0.038511484938898145, (0, 8): 0.03527434427372606, (0, 9): 0.02611225020887217, (0, 10): 0.030736675443092797, (0, 11): 0.03125810787835547, (0, 12): 0.034219813127987685, (0, 13): 0.03564557862194925, (0, 14): 0.032804051770713494, (0, 15): 0.03590665598614696, (0, 16): 0.0363957907263312, (0, 17): 0.03685594589825192, (0, 18): 0.040968362877274844, (0, 19): 0.038674800790332794, (0, 20): 0.03062678252777048, (1, 0): 0.03671215970737139, (1, 1): 0.040535000212278946, (1, 2): 0.04582319061865927, (1, 3): 0.05125154144000289, (1, 4): 0.043841012932579096, (1, 5): 0.044563788094979274, (1, 6): 0.032600602953191365, (1, 7): 0.04781927412613338, (1, 8): 0.04301683558555498, (1, 9): 0.04518895109145411, (1, 10): 0.04095407075869883, (1, 11): 0.03788724988270391, (1, 12): 0.042295712524965334, (1, 13): 0.035342985609918574, (1, 14): 0.04948579258471809, (1, 15): 0.04753658676436707, (1, 16): 0.04526944240780388, (1, 17): 0.050814380599206455, (1, 18): 0.04755983801091059, (1, 19): 0.04066718110214382, (1, 20): 0.03181436101332529, (2, 0): 0.03176018439297951, (2, 1): 0.04524320163824188, (2, 2): 0.054022325727940634, (2, 3): 0.04718451956370619, (2, 4): 0.05656930783895861, (2, 5): 0.047164290208600815, (2, 6): 0.04934316162336963, (2, 7): 0.040875976839070245, (2, 8): 0.05304251943621799, (2, 9): 0.050494643890943366, (2, 10): 0.05375358304534756, (2, 11): 0.05349190775683546, (2, 12): 0.0279241200549121, (2, 13): 0.04523205355540106, (2, 14): 0.05245296252545613, (2, 15): 0.050168554251243835, (2, 16): 0.050073581731832406, (2, 17): 0.05563162792499837, (2, 18): 0.050351315774590934, (2, 19): 0.05373054444324674, (2, 20): 0.03320506689192829, (3, 0): 0.03203213446690161, (3, 1): 0.04045623438170244, (3, 2): 0.05697053909666348, (3, 3): 0.06483206751995439, (3, 4): 0.05825760584758393, (3, 5): 0.05732778334285576, (3, 6): 0.06053570975212803, (3, 7): 0.04719760170662677, (3, 8): 0.050726895207083934, (3, 9): 0.057191135250036926, (3, 10): 0.052103988013289394, (3, 11): 0.057216389450900206, (3, 12): 0.055596601520546476, (3, 13): 0.04878673256729954, (3, 14): 0.05088696398408742, (3, 15): 0.052147027816866594, (3, 16): 0.056444107258664014, (3, 17): 0.05057401633934395, (3, 18): 0.05538755716353248, (3, 19): 0.04226354890367833, (3, 20): 0.04094509320045481, (4, 0): 0.036412426948195534, (4, 1): 0.04355423371067581, (4, 2): 0.06204556967232184, (4, 3): 0.06444027594389506, (4, 4): 0.0537190491365714, (4, 5): 0.053555065892250044, (4, 6): 0.05727976660477648, (4, 7): 0.05750196893182751, (4, 8): 0.05220392778226335, (4, 9): 0.058038432818614163, (4, 10): 0.05716277514179038, (4, 11): 0.050371546270484735, (4, 12): 0.05457201038880523, (4, 13): 0.05118389284383565, (4, 14): 0.05697809525597126, (4, 15): 0.057742599037063407, (4, 16): 0.052572477468364284, (4, 17): 0.0509937219843683, (4, 18): 0.048190876442214155, (4, 19): 0.049291986354659596, (4, 20): 0.03584830303913215, (5, 0): 0.02828137632573478, (5, 1): 0.052970184550772625, (5, 2): 0.04839390512601412, (5, 3): 0.053726774021637676, (5, 4): 0.05134576664630077, (5, 5): 0.0458755096932211, (5, 6): 0.055692544356952575, (5, 7): 0.03616177471543384, (5, 8): 0.056271761536541204, (5, 9): 0.0535612341583415, (5, 10): 0.05815511673818151, (5, 11): 0.04024997261663727, (5, 12): 0.04528191199338959, (5, 13): 0.05229312052354074, (5, 14): 0.04640065439350239, (5, 15): 0.061629133415116395, (5, 16): 0.05165670279966128, (5, 17): 0.04356891957335299, (5, 18): 0.03901961459635834, (5, 19): 0.036981080634981386, (5, 20): 0.03615338782932291, (6, 0): 0.041283779224851054, (6, 1): 0.04641850166059387, (6, 2): 0.056481946793171096, (6, 3): 0.05564476469961105, (6, 4): 0.05514979560946062, (6, 5): 0.045606487815706774, (6, 6): 0.05454195888894169, (6, 7): 0.05689791647117208, (6, 8): 0.053240878115856684, (6, 9): 0.05763189486052808, (6, 10): 0.053097187481253284, (6, 11): 0.05657661427890012, (6, 12): 0.05593749400716564, (6, 13): 0.051396177138857094, (6, 14): 0.057752053228869706, (6, 15): 0.0469338049364423, (6, 16): 0.0511434646593865, (6, 17): 0.05158380878335545, (6, 18): 0.050639948880312584, (6, 19): 0.041261910911282285, (6, 20): 0.04002019561625216, (7, 0): 0.03733778073234618, (7, 1): 0.05271846660716013, (7, 2): 0.051561427481717825, (7, 3): 0.05666786653831497, (7, 4): 0.03935444905389142, (7, 5): 0.054040364947240724, (7, 6): 0.04679016832151482, (7, 7): 0.05511884988949332, (7, 8): 0.05221152123051778, (7, 9): 0.0578156418705878, (7, 10): 0.053125886638639215, (7, 11): 0.05255523805379341, (7, 12): 0.052501825504675595, (7, 13): 0.05365857020659719, (7, 14): 0.053965141358914274, (7, 15): 0.06306625288026624, (7, 16): 0.051473823503973594, (7, 17): 0.04500122606589737, (7, 18): 0.03969672888668255, (7, 19): 0.0538714458659951, (7, 20): 0.03682264854903714, (8, 0): 0.03784557745895378, (8, 1): 0.04839534930844592, (8, 2): 0.050594398498572404, (8, 3): 0.04938032598408532, (8, 4): 0.052754523944628436, (8, 5): 0.03825812187385427, (8, 6): 0.05219111064639752, (8, 7): 0.04385019358938952, (8, 8): 0.04020346284862941, (8, 9): 0.055689233252104106, (8, 10): 0.058048334755076106, (8, 11): 0.05297771076814344, (8, 12): 0.053803556875492625, (8, 13): 0.05921521960629418, (8, 14): 0.06080075461733236, (8, 15): 0.05945165815635562, (8, 16): 0.05403034596948529, (8, 17): 0.04634081938552945, (8, 18): 0.05005973246004264, (8, 19): 0.047140360259499636, (8, 20): 0.037961450724939075, (9, 0): 0.04182560082093525, (9, 1): 0.05578556135590769, (9, 2): 0.04910537698788176, (9, 3): 0.04471885464663533, (9, 4): 0.05021516244566135, (9, 5): 0.039153060638589615, (9, 6): 0.04132039842087918, (9, 7): 0.046526588284964795, (9, 8): 0.05114083493923295, (9, 9): 0.04958847468782912, (9, 10): 0.052772579817265255, (9, 11): 0.06382481085863949, (9, 12): 0.059885284436518554, (9, 13): 0.06049835732279916, (9, 14): 0.05573078024420193, (9, 15): 0.061275225384906325, (9, 16): 0.0547935554767751, (9, 17): 0.06358419801191878, (9, 18): 0.05619188313852997, (9, 19): 0.04666857020295598, (9, 20): 0.031539037830630626, (10, 0): 0.03724996606125485, (10, 1): 0.043868071652887364, (10, 2): 0.053859790398242575, (10, 3): 0.04465318880734572, (10, 4): 0.035121861086120365, (10, 5): 0.04125832697730594, (10, 6): 0.04144840003321654, (10, 7): 0.03726648744228272, (10, 8): 0.03849653115420794, (10, 9): 0.04487935860964862, (10, 10): 0.05719486755713787, (10, 11): 0.05400368267196323, (10, 12): 0.05445060933289502, (10, 13): 0.059418023889950586, (10, 14): 0.06598588574335403, (10, 15): 0.05627807889038601, (10, 16): 0.06630049262347197, (10, 17): 0.05587167883366613, (10, 18): 0.05714198985978441, (10, 19): 0.03615260726117791, (10, 20): 0.036985928413725846, (11, 0): 0.03252221998373593, (11, 1): 0.04725479608006684, (11, 2): 0.04959789891217921, (11, 3): 0.05237074482050637, (11, 4): 0.053521221223133165, (11, 5): 0.033133943060555844, (11, 6): 0.046595627536604255, (11, 7): 0.05185803210083166, (11, 8): 0.039285284277141425, (11, 9): 0.04143959823990156, (11, 10): 0.05328853713380568, (11, 11): 0.05847974942032443, (11, 12): 0.05109002274221405, (11, 13): 0.05316998679337026, (11, 14): 0.05875618723504893, (11, 15): 0.05962073530097419, (11, 16): 0.050876785109911934, (11, 17): 0.06559318685427827, (11, 18): 0.05122105379256382, (11, 19): 0.037177845392028196, (11, 20): 0.023209741078562867, (12, 0): 0.0374128218671595, (12, 1): 0.055447929537042064, (12, 2): 0.04512577833758549, (12, 3): 0.04806617426114407, (12, 4): 0.04330324161475565, (12, 5): 0.04219324923169489, (12, 6): 0.04823045631078635, (12, 7): 0.04984816787532767, (12, 8): 0.059564371449129454, (12, 9): 0.05756162098571738, (12, 10): 0.0628732233151245, (12, 11): 0.056785069078201134, (12, 12): 0.03801684671473359, (12, 13): 0.049085373275064716, (12, 14): 0.04889230608548661, (12, 15): 0.044523481270651394, (12, 16): 0.05837495976501485, (12, 17): 0.06376699418347712, (12, 18): 0.057266432002989476, (12, 19): 0.04200429801410286, (12, 20): 0.03131799948230511, (13, 0): 0.04379179069884727, (13, 1): 0.05358216510992594, (13, 2): 0.05008034200901761, (13, 3): 0.046679287275333416, (13, 4): 0.04163137533137795, (13, 5): 0.04176954423917516, (13, 6): 0.046894770372391634, (13, 7): 0.05022693861163018, (13, 8): 0.05218940195582586, (13, 9): 0.058123188073015745, (13, 10): 0.05302640731846807, (13, 11): 0.054916580529908034, (13, 12): 0.03906468795026364, (13, 13): 0.045816900807890686, (13, 14): 0.04077568008219832, (13, 15): 0.04245964910093719, (13, 16): 0.04675032498419702, (13, 17): 0.057506607574755675, (13, 18): 0.05496910937915737, (13, 19): 0.04249158785965667, (13, 20): 0.038886369045017105, (14, 0): 0.039262604519700615, (14, 1): 0.05710090358274175, (14, 2): 0.04990082004242177, (14, 3): 0.042980832170808274, (14, 4): 0.04196224249022014, (14, 5): 0.042301317683484364, (14, 6): 0.041459796631609556, (14, 7): 0.05043073578093803, (14, 8): 0.04693610014975683, (14, 9): 0.050875682285924914, (14, 10): 0.0561199982167756, (14, 11): 0.046896098687051246, (14, 12): 0.03928883836129337, (14, 13): 0.04652891429442528, (14, 14): 0.04146939738702996, (14, 15): 0.03766387639703652, (14, 16): 0.048543216214935604, (14, 17): 0.050283556845882364, (14, 18): 0.037923897190005586, (14, 19): 0.041260134938806696, (14, 20): 0.036678187783397036, (15, 0): 0.04303970343358822, (15, 1): 0.04835959007785042, (15, 2): 0.047880537564163037, (15, 3): 0.048094429997445794, (15, 4): 0.051449903513603734, (15, 5): 0.04646584861395795, (15, 6): 0.042566001962384775, (15, 7): 0.03339381149342073, (15, 8): 0.042423824632849404, (15, 9): 0.039002276859516696, (15, 10): 0.05785282745912273, (15, 11): 0.044397715442362276, (15, 12): 0.05193369097433516, (15, 13): 0.04879711991684598, (15, 14): 0.05089315295960257, (15, 15): 0.0516680019445429, (15, 16): 0.05073898791429841, (15, 17): 0.04461921095118263, (15, 18): 0.04921584001957669, (15, 19): 0.04903230361858693, (15, 20): 0.034025207261151845, (16, 0): 0.04116904420686344, (16, 1): 0.049393409576823144, (16, 2): 0.0377647278640579, (16, 3): 0.042782411025517546, (16, 4): 0.05083831328604092, (16, 5): 0.046942989667467565, (16, 6): 0.04482699430912665, (16, 7): 0.0418819688804546, (16, 8): 0.03442300293999621, (16, 9): 0.0476985339815351, (16, 10): 0.04917573713828823, (16, 11): 0.049250749607870355, (16, 12): 0.04367031704019309, (16, 13): 0.04906599106160018, (16, 14): 0.05582716737379603, (16, 15): 0.061932852632912504, (16, 16): 0.053633159977980814, (16, 17): 0.06218689273577126, (16, 18): 0.04812083721658915, (16, 19): 0.05300105648243533, (16, 20): 0.04310723013859327, (17, 0): 0.036350730479802064, (17, 1): 0.03943552612866749, (17, 2): 0.04425827977000361, (17, 3): 0.041003569357686495, (17, 4): 0.041326411728495646, (17, 5): 0.04167193519828961, (17, 6): 0.04348071299309635, (17, 7): 0.0370919930711804, (17, 8): 0.05041067253518546, (17, 9): 0.0510093405113386, (17, 10): 0.039102896525834936, (17, 11): 0.05173154092527784, (17, 12): 0.04759932068394161, (17, 13): 0.04442697997932618, (17, 14): 0.052148707848845476, (17, 15): 0.04865436500170821, (17, 16): 0.06065350093644779, (17, 17): 0.06015965820704839, (17, 18): 0.059616249762686, (17, 19): 0.05951487813730046, (17, 20): 0.04038737351455526, (18, 0): 0.038397842513763804, (18, 1): 0.03906788194433894, (18, 2): 0.03928047925934216, (18, 3): 0.0408062004565594, (18, 4): 0.036782720477468146, (18, 5): 0.036143243820314266, (18, 6): 0.04285632852804385, (18, 7): 0.03689511894994089, (18, 8): 0.050605622087737195, (18, 9): 0.04648165562894921, (18, 10): 0.04356545753290595, (18, 11): 0.0429190765399095, (18, 12): 0.04602326833776682, (18, 13): 0.04888306037493635, (18, 14): 0.05432102948920486, (18, 15): 0.06098450626637572, (18, 16): 0.05836661188288997, (18, 17): 0.05415984528959633, (18, 18): 0.06390784718621612, (18, 19): 0.053139088015320676, (18, 20): 0.03875761668470592, (19, 0): 0.034195209399709534, (19, 1): 0.039817594813216964, (19, 2): 0.030869367841631936, (19, 3): 0.046934896264644164, (19, 4): 0.043648213953079475, (19, 5): 0.03831197911180982, (19, 6): 0.0353301404240047, (19, 7): 0.039930651522889916, (19, 8): 0.03780742143047803, (19, 9): 0.048213003805447546, (19, 10): 0.04310755208614347, (19, 11): 0.031542942192252836, (19, 12): 0.045617600994062535, (19, 13): 0.05023973824864657, (19, 14): 0.05209048526419744, (19, 15): 0.03955402991104598, (19, 16): 0.048944849957514656, (19, 17): 0.05499791079830566, (19, 18): 0.05390096393599123, (19, 19): 0.04847839534400967, (19, 20): 0.0313323229785256, (20, 0): 0.026448636953899273, (20, 1): 0.029557292353872874, (20, 2): 0.03518500527967911, (20, 3): 0.039116711505395266, (20, 4): 0.039418149343015095, (20, 5): 0.03105821022331949, (20, 6): 0.03774049140646702, (20, 7): 0.037662450410743446, (20, 8): 0.030704316951692, (20, 9): 0.026056232928826188, (20, 10): 0.034746529964666935, (20, 11): 0.034977028454349086, (20, 12): 0.03118711912671514, (20, 13): 0.038022355613114164, (20, 14): 0.03716424925233226, (20, 15): 0.036178431025461685, (20, 16): 0.037864063455138264, (20, 17): 0.043407960398197686, (20, 18): 0.04326033346312426, (20, 19): 0.03670662178283544, (20, 20): 0.026315042713326395}
;
