361 1206 3
4 2 1
0 2 1
19
param Vertices :=
1 0.0
2 0.1
3 0.2
4 0.3
5 0.4
6 0.5
7 0.6
8 0.7
9 0.8
10 0.9
11 0.10
12 0.11
13 0.12
14 0.13
15 0.14
16 0.15
17 0.16
18 0.17
19 0.18
20 1.0
21 1.1
22 1.2
23 1.3
24 1.4
25 1.5
26 1.6
27 1.7
28 1.8
29 1.9
30 1.10
31 1.11
32 1.12
33 1.13
34 1.14
35 1.15
36 1.16
37 1.17
38 1.18
39 2.0
40 2.1
41 2.2
42 2.3
43 2.4
44 2.5
45 2.6
46 2.7
47 2.8
48 2.9
49 2.10
50 2.11
51 2.12
52 2.13
53 2.14
54 2.15
55 2.16
56 2.17
57 2.18
58 3.0
59 3.1
60 3.2
61 3.3
62 3.4
63 3.5
64 3.6
65 3.7
66 3.8
67 3.9
68 3.10
69 3.11
70 3.12
71 3.13
72 3.14
73 3.15
74 3.16
75 3.17
76 3.18
77 4.0
78 4.1
79 4.2
80 4.3
81 4.4
82 4.5
83 4.6
84 4.7
85 4.8
86 4.9
87 4.10
88 4.11
89 4.12
90 4.13
91 4.14
92 4.15
93 4.16
94 4.17
95 4.18
96 5.0
97 5.1
98 5.2
99 5.3
100 5.4
101 5.5
102 5.6
103 5.7
104 5.8
105 5.9
106 5.10
107 5.11
108 5.12
109 5.13
110 5.14
111 5.15
112 5.16
113 5.17
114 5.18
115 6.0
116 6.1
117 6.2
118 6.3
119 6.4
120 6.5
121 6.6
122 6.7
123 6.8
124 6.9
125 6.10
126 6.11
127 6.12
128 6.13
129 6.14
130 6.15
131 6.16
132 6.17
133 6.18
134 7.0
135 7.1
136 7.2
137 7.3
138 7.4
139 7.5
140 7.6
141 7.7
142 7.8
143 7.9
144 7.10
145 7.11
146 7.12
147 7.13
148 7.14
149 7.15
150 7.16
151 7.17
152 7.18
153 8.0
154 8.1
155 8.2
156 8.3
157 8.4
158 8.5
159 8.6
160 8.7
161 8.8
162 8.9
163 8.10
164 8.11
165 8.12
166 8.13
167 8.14
168 8.15
169 8.16
170 8.17
171 8.18
172 9.0
173 9.1
174 9.2
175 9.3
176 9.4
177 9.5
178 9.6
179 9.7
180 9.8
181 9.9
182 9.10
183 9.11
184 9.12
185 9.13
186 9.14
187 9.15
188 9.16
189 9.17
190 9.18
191 10.0
192 10.1
193 10.2
194 10.3
195 10.4
196 10.5
197 10.6
198 10.7
199 10.8
200 10.9
201 10.10
202 10.11
203 10.12
204 10.13
205 10.14
206 10.15
207 10.16
208 10.17
209 10.18
210 11.0
211 11.1
212 11.2
213 11.3
214 11.4
215 11.5
216 11.6
217 11.7
218 11.8
219 11.9
220 11.10
221 11.11
222 11.12
223 11.13
224 11.14
225 11.15
226 11.16
227 11.17
228 11.18
229 12.0
230 12.1
231 12.2
232 12.3
233 12.4
234 12.5
235 12.6
236 12.7
237 12.8
238 12.9
239 12.10
240 12.11
241 12.12
242 12.13
243 12.14
244 12.15
245 12.16
246 12.17
247 12.18
248 13.0
249 13.1
250 13.2
251 13.3
252 13.4
253 13.5
254 13.6
255 13.7
256 13.8
257 13.9
258 13.10
259 13.11
260 13.12
261 13.13
262 13.14
263 13.15
264 13.16
265 13.17
266 13.18
267 14.0
268 14.1
269 14.2
270 14.3
271 14.4
272 14.5
273 14.6
274 14.7
275 14.8
276 14.9
277 14.10
278 14.11
279 14.12
280 14.13
281 14.14
282 14.15
283 14.16
284 14.17
285 14.18
286 15.0
287 15.1
288 15.2
289 15.3
290 15.4
291 15.5
292 15.6
293 15.7
294 15.8
295 15.9
296 15.10
297 15.11
298 15.12
299 15.13
300 15.14
301 15.15
302 15.16
303 15.17
304 15.18
305 16.0
306 16.1
307 16.2
308 16.3
309 16.4
310 16.5
311 16.6
312 16.7
313 16.8
314 16.9
315 16.10
316 16.11
317 16.12
318 16.13
319 16.14
320 16.15
321 16.16
322 16.17
323 16.18
324 17.0
325 17.1
326 17.2
327 17.3
328 17.4
329 17.5
330 17.6
331 17.7
332 17.8
333 17.9
334 17.10
335 17.11
336 17.12
337 17.13
338 17.14
339 17.15
340 17.16
341 17.17
342 17.18
343 18.0
344 18.1
345 18.2
346 18.3
347 18.4
348 18.5
349 18.6
350 18.7
351 18.8
352 18.9
353 18.10
354 18.11
355 18.12
356 18.13
357 18.14
358 18.15
359 18.16
360 18.17
361 18.18
;
param Edges :=
1 20
1 2
1 21
2 3
2 20
3 22
3 4
3 23
3 21
4 23
4 5
4 24
4 22
5 24
5 25
5 23
6 25
6 7
6 26
6 24
7 26
7 8
7 27
7 25
8 27
8 9
8 26
9 28
9 10
9 29
9 27
10 29
10 11
10 30
10 28
11 30
11 12
11 31
11 29
12 31
12 13
12 32
12 30
13 32
13 14
13 33
13 31
14 33
14 15
14 34
14 32
15 34
15 16
15 35
15 33
16 35
16 17
16 36
16 34
17 36
17 18
17 37
17 35
18 37
18 19
18 38
19 38
19 37
20 39
20 21
20 40
21 40
21 22
21 41
22 41
22 23
22 40
23 42
23 24
23 43
23 41
24 43
24 44
24 42
25 44
25 26
25 45
25 43
26 45
26 27
26 46
27 46
27 28
27 47
27 45
28 47
28 29
28 48
28 46
29 30
29 49
29 47
30 49
30 31
30 50
30 48
31 50
31 32
31 51
31 49
32 51
32 33
32 52
32 50
33 52
33 53
33 51
34 53
34 35
34 54
34 52
35 54
35 36
35 55
35 53
36 55
36 37
36 56
37 56
37 38
37 57
37 55
38 57
38 56
39 58
39 40
40 59
40 41
40 60
41 60
41 42
41 61
41 59
42 61
42 43
42 62
42 60
43 62
43 44
43 63
43 61
44 63
44 45
44 64
44 62
45 64
45 46
45 65
45 63
46 65
46 47
46 66
46 64
47 48
47 67
47 65
48 67
48 49
48 68
48 66
49 50
49 69
49 67
50 69
50 51
50 70
50 68
51 70
51 52
51 71
51 69
52 53
52 70
53 72
53 54
53 73
53 71
54 73
54 55
54 74
54 72
55 74
55 56
55 73
56 75
56 57
56 76
56 74
57 75
58 77
58 59
58 78
59 78
59 60
59 79
59 77
60 79
60 61
60 80
60 78
61 80
61 62
61 81
61 79
62 81
62 63
62 82
62 80
63 64
63 83
63 81
64 83
64 65
64 84
64 82
65 84
65 66
65 85
65 83
66 67
66 86
66 84
67 86
67 68
67 87
67 85
68 87
68 69
68 88
68 86
69 70
69 89
69 87
70 89
70 90
70 88
71 90
71 72
71 91
71 89
72 91
72 73
72 92
72 90
73 92
73 74
73 93
73 91
74 93
74 75
74 94
74 92
75 94
75 76
75 95
75 93
76 95
76 94
77 78
77 97
78 97
78 79
78 98
79 98
79 80
79 99
79 97
80 99
80 81
80 100
80 98
81 100
81 82
81 99
82 101
82 102
82 100
83 102
83 103
83 101
84 103
84 85
84 104
84 102
85 86
85 105
85 103
86 105
86 87
86 106
86 104
87 106
87 88
87 107
87 105
88 107
88 89
88 108
88 106
89 108
89 90
89 109
90 109
90 91
90 110
90 108
91 110
91 92
91 111
91 109
92 111
92 93
92 112
92 110
93 112
93 94
93 111
94 113
94 95
94 114
94 112
95 114
95 113
96 115
96 97
96 116
97 116
97 117
97 115
98 117
98 99
98 116
99 118
99 100
99 119
99 117
100 119
100 120
100 118
101 120
101 102
101 121
102 121
102 103
102 120
103 122
103 123
103 121
104 123
104 105
104 124
104 122
105 124
105 106
105 125
105 123
106 125
106 107
106 126
106 124
107 126
107 108
107 127
107 125
108 127
108 109
108 128
108 126
109 128
109 110
109 127
110 129
110 111
110 130
110 128
111 130
111 112
111 131
111 129
112 131
112 113
112 132
112 130
113 132
113 114
113 133
113 131
114 133
114 132
115 134
115 116
115 135
116 135
116 136
116 134
117 136
117 118
117 137
117 135
118 137
118 119
118 138
118 136
119 138
119 120
119 139
119 137
120 139
120 140
120 138
121 140
121 122
121 141
121 139
122 141
122 123
122 142
122 140
123 142
123 124
123 143
123 141
124 143
124 125
124 144
124 142
125 144
125 126
125 145
125 143
126 145
126 127
126 146
126 144
127 146
127 128
127 147
127 145
128 147
128 129
128 148
128 146
129 148
129 130
129 149
129 147
130 149
130 150
130 148
131 150
131 132
131 151
131 149
132 151
132 133
132 152
133 152
134 153
134 135
134 154
135 154
135 136
135 155
135 153
136 155
136 137
136 156
136 154
137 156
137 138
137 157
137 155
138 157
138 139
138 158
138 156
139 158
139 140
139 159
139 157
140 159
140 141
140 160
140 158
141 160
141 161
141 159
142 161
142 143
142 162
142 160
143 162
143 163
143 161
144 163
144 145
144 164
144 162
145 164
145 146
145 165
145 163
146 165
146 147
146 166
146 164
147 166
147 148
147 167
147 165
148 167
148 149
148 168
148 166
149 150
149 169
149 167
150 169
150 151
150 170
151 170
151 152
151 171
151 169
152 171
152 170
153 172
153 154
153 173
154 173
154 155
154 174
154 172
155 174
155 156
155 175
155 173
156 175
156 157
156 176
156 174
157 176
157 158
157 175
158 177
158 159
158 178
158 176
159 178
159 160
159 179
159 177
160 179
160 180
160 178
161 180
161 162
161 181
161 179
162 181
162 163
162 182
162 180
163 182
163 164
163 183
163 181
164 183
164 165
164 182
165 184
165 185
165 183
166 185
166 167
166 186
166 184
167 186
167 168
167 187
167 185
168 169
168 188
168 186
169 188
169 170
169 189
169 187
170 189
170 171
170 190
170 188
171 190
172 191
172 173
172 192
173 192
173 174
173 193
173 191
174 175
174 194
174 192
175 194
175 195
175 193
176 195
176 177
176 196
176 194
177 196
177 178
177 197
177 195
178 197
178 179
178 198
178 196
179 198
179 199
180 199
180 181
180 200
180 198
181 200
181 182
181 201
181 199
182 201
182 183
182 202
182 200
183 202
183 184
183 203
183 201
184 203
184 185
184 204
185 204
185 205
185 203
186 187
186 206
186 204
187 206
187 207
187 205
188 207
188 189
188 208
188 206
189 208
189 190
189 209
190 209
190 208
191 210
191 211
192 211
192 193
192 212
193 212
193 194
193 213
193 211
194 213
194 195
194 214
195 196
195 215
195 213
196 215
196 197
196 216
197 216
197 198
197 217
197 215
198 199
198 218
198 216
199 218
199 200
199 219
199 217
200 219
200 201
200 220
200 218
201 220
201 202
201 221
201 219
202 221
202 222
202 220
203 222
203 204
203 223
203 221
204 223
204 205
204 222
205 224
205 225
205 223
206 225
206 207
207 226
207 208
207 227
207 225
208 227
208 209
208 228
208 226
209 227
210 229
210 211
210 230
211 230
211 212
211 231
211 229
212 231
212 213
212 232
212 230
213 214
213 233
213 231
214 233
214 215
214 234
214 232
215 234
215 216
215 235
215 233
216 235
216 217
216 236
216 234
217 236
217 218
217 237
218 237
218 219
218 238
218 236
219 238
219 220
219 239
219 237
220 239
220 221
220 238
221 240
221 222
221 241
221 239
222 241
222 223
222 242
223 242
223 224
223 243
223 241
224 225
224 244
224 242
225 244
225 226
225 245
225 243
226 245
226 227
226 244
227 246
227 228
227 247
227 245
228 247
228 246
229 248
229 230
229 249
230 249
230 231
230 248
231 250
231 232
231 251
231 249
232 251
232 233
232 252
232 250
233 252
233 234
233 253
233 251
234 253
234 254
234 252
235 236
235 255
235 253
236 255
236 237
236 256
236 254
237 256
237 238
237 257
238 257
238 239
238 258
238 256
239 240
239 259
239 257
240 259
240 241
240 260
240 258
241 260
241 242
241 261
242 261
242 243
242 262
242 260
243 262
243 263
244 263
244 245
244 264
244 262
245 246
245 265
245 263
246 265
246 247
246 266
246 264
247 266
247 265
248 267
248 268
249 268
249 250
249 269
249 267
250 251
250 270
250 268
251 270
251 252
251 271
251 269
252 271
252 253
252 272
252 270
253 272
253 254
253 273
253 271
254 255
254 274
255 274
255 256
255 275
256 275
256 257
256 274
257 276
257 258
257 277
257 275
258 277
258 278
258 276
259 278
259 260
259 279
259 277
260 261
260 280
260 278
261 280
261 262
261 279
262 281
262 263
262 280
263 282
263 264
263 283
263 281
264 283
264 265
264 284
264 282
265 284
265 266
265 285
266 285
266 284
267 286
267 268
267 287
268 287
268 269
268 288
268 286
269 288
269 270
269 287
270 289
270 271
270 290
270 288
271 290
271 272
271 291
271 289
272 291
272 273
272 290
273 292
273 274
273 293
273 291
274 293
274 275
274 294
274 292
275 294
275 276
275 293
276 295
276 277
276 294
277 296
277 278
277 297
277 295
278 297
278 298
278 296
279 298
279 299
279 297
280 299
280 281
280 300
280 298
281 300
281 282
281 301
281 299
282 301
282 283
282 302
282 300
283 302
283 284
283 301
284 303
284 285
284 304
284 302
285 304
285 303
286 305
286 287
286 306
287 306
287 288
287 307
287 305
288 307
288 289
288 308
288 306
289 290
289 309
289 307
290 309
290 291
290 310
290 308
291 310
291 292
291 311
291 309
292 311
292 293
292 312
292 310
293 312
293 313
293 311
294 313
294 295
294 314
294 312
295 314
295 296
295 315
295 313
296 315
296 297
296 316
296 314
297 316
297 298
297 317
297 315
298 317
298 299
298 316
299 318
299 300
299 319
299 317
300 319
300 301
300 320
300 318
301 320
301 302
301 321
302 321
302 303
302 322
302 320
303 304
303 323
303 321
304 323
304 322
305 324
305 306
305 325
306 325
306 307
306 326
306 324
307 326
307 308
307 327
307 325
308 327
308 328
308 326
309 328
309 310
309 329
309 327
310 329
310 311
310 328
311 330
311 312
311 331
311 329
312 331
312 313
312 332
312 330
313 332
313 314
313 331
314 333
314 315
314 334
314 332
315 334
315 316
315 335
315 333
316 335
316 317
316 336
316 334
317 336
317 318
317 337
317 335
318 337
318 319
318 338
318 336
319 338
319 320
319 339
320 339
320 321
320 340
320 338
321 340
321 322
321 341
321 339
322 341
322 323
322 342
322 340
323 342
323 341
324 343
324 325
324 344
325 344
325 345
325 343
326 345
326 327
326 346
326 344
327 346
327 328
327 347
327 345
328 347
328 329
328 348
328 346
329 348
329 330
329 349
330 349
330 331
330 350
330 348
331 332
331 351
331 349
332 351
332 333
332 352
333 352
333 334
333 353
333 351
334 353
334 335
334 352
335 354
335 336
335 355
335 353
336 337
336 356
336 354
337 356
337 338
337 357
337 355
338 357
338 339
338 358
338 356
339 358
339 340
339 359
339 357
340 359
340 341
340 360
340 358
341 342
341 361
341 359
342 361
342 360
343 344
344 345
345 346
346 347
349 350
350 351
351 352
352 353
353 354
354 355
355 356
356 357
357 358
358 359
359 360
360 361
;
param Grid_Label_Edges :=
0 0 1 0
0 0 0 1
0 0 1 1
0 1 0 2
0 1 1 0
0 2 1 2
0 2 0 3
0 2 1 3
0 2 1 1
0 3 1 3
0 3 0 4
0 3 1 4
0 3 1 2
0 4 1 4
0 4 1 5
0 4 1 3
0 5 1 5
0 5 0 6
0 5 1 6
0 5 1 4
0 6 1 6
0 6 0 7
0 6 1 7
0 6 1 5
0 7 1 7
0 7 0 8
0 7 1 6
0 8 1 8
0 8 0 9
0 8 1 9
0 8 1 7
0 9 1 9
0 9 0 10
0 9 1 10
0 9 1 8
0 10 1 10
0 10 0 11
0 10 1 11
0 10 1 9
0 11 1 11
0 11 0 12
0 11 1 12
0 11 1 10
0 12 1 12
0 12 0 13
0 12 1 13
0 12 1 11
0 13 1 13
0 13 0 14
0 13 1 14
0 13 1 12
0 14 1 14
0 14 0 15
0 14 1 15
0 14 1 13
0 15 1 15
0 15 0 16
0 15 1 16
0 15 1 14
0 16 1 16
0 16 0 17
0 16 1 17
0 16 1 15
0 17 1 17
0 17 0 18
0 17 1 18
0 18 1 18
0 18 1 17
1 0 2 0
1 0 1 1
1 0 2 1
1 1 2 1
1 1 1 2
1 1 2 2
1 2 2 2
1 2 1 3
1 2 2 1
1 3 2 3
1 3 1 4
1 3 2 4
1 3 2 2
1 4 2 4
1 4 2 5
1 4 2 3
1 5 2 5
1 5 1 6
1 5 2 6
1 5 2 4
1 6 2 6
1 6 1 7
1 6 2 7
1 7 2 7
1 7 1 8
1 7 2 8
1 7 2 6
1 8 2 8
1 8 1 9
1 8 2 9
1 8 2 7
1 9 1 10
1 9 2 10
1 9 2 8
1 10 2 10
1 10 1 11
1 10 2 11
1 10 2 9
1 11 2 11
1 11 1 12
1 11 2 12
1 11 2 10
1 12 2 12
1 12 1 13
1 12 2 13
1 12 2 11
1 13 2 13
1 13 2 14
1 13 2 12
1 14 2 14
1 14 1 15
1 14 2 15
1 14 2 13
1 15 2 15
1 15 1 16
1 15 2 16
1 15 2 14
1 16 2 16
1 16 1 17
1 16 2 17
1 17 2 17
1 17 1 18
1 17 2 18
1 17 2 16
1 18 2 18
1 18 2 17
2 0 3 0
2 0 2 1
2 1 3 1
2 1 2 2
2 1 3 2
2 2 3 2
2 2 2 3
2 2 3 3
2 2 3 1
2 3 3 3
2 3 2 4
2 3 3 4
2 3 3 2
2 4 3 4
2 4 2 5
2 4 3 5
2 4 3 3
2 5 3 5
2 5 2 6
2 5 3 6
2 5 3 4
2 6 3 6
2 6 2 7
2 6 3 7
2 6 3 5
2 7 3 7
2 7 2 8
2 7 3 8
2 7 3 6
2 8 2 9
2 8 3 9
2 8 3 7
2 9 3 9
2 9 2 10
2 9 3 10
2 9 3 8
2 10 2 11
2 10 3 11
2 10 3 9
2 11 3 11
2 11 2 12
2 11 3 12
2 11 3 10
2 12 3 12
2 12 2 13
2 12 3 13
2 12 3 11
2 13 2 14
2 13 3 12
2 14 3 14
2 14 2 15
2 14 3 15
2 14 3 13
2 15 3 15
2 15 2 16
2 15 3 16
2 15 3 14
2 16 3 16
2 16 2 17
2 16 3 15
2 17 3 17
2 17 2 18
2 17 3 18
2 17 3 16
2 18 3 17
3 0 4 0
3 0 3 1
3 0 4 1
3 1 4 1
3 1 3 2
3 1 4 2
3 1 4 0
3 2 4 2
3 2 3 3
3 2 4 3
3 2 4 1
3 3 4 3
3 3 3 4
3 3 4 4
3 3 4 2
3 4 4 4
3 4 3 5
3 4 4 5
3 4 4 3
3 5 3 6
3 5 4 6
3 5 4 4
3 6 4 6
3 6 3 7
3 6 4 7
3 6 4 5
3 7 4 7
3 7 3 8
3 7 4 8
3 7 4 6
3 8 3 9
3 8 4 9
3 8 4 7
3 9 4 9
3 9 3 10
3 9 4 10
3 9 4 8
3 10 4 10
3 10 3 11
3 10 4 11
3 10 4 9
3 11 3 12
3 11 4 12
3 11 4 10
3 12 4 12
3 12 4 13
3 12 4 11
3 13 4 13
3 13 3 14
3 13 4 14
3 13 4 12
3 14 4 14
3 14 3 15
3 14 4 15
3 14 4 13
3 15 4 15
3 15 3 16
3 15 4 16
3 15 4 14
3 16 4 16
3 16 3 17
3 16 4 17
3 16 4 15
3 17 4 17
3 17 3 18
3 17 4 18
3 17 4 16
3 18 4 18
3 18 4 17
4 0 4 1
4 0 5 1
4 1 5 1
4 1 4 2
4 1 5 2
4 2 5 2
4 2 4 3
4 2 5 3
4 2 5 1
4 3 5 3
4 3 4 4
4 3 5 4
4 3 5 2
4 4 5 4
4 4 4 5
4 4 5 3
4 5 5 5
4 5 5 6
4 5 5 4
4 6 5 6
4 6 5 7
4 6 5 5
4 7 5 7
4 7 4 8
4 7 5 8
4 7 5 6
4 8 4 9
4 8 5 9
4 8 5 7
4 9 5 9
4 9 4 10
4 9 5 10
4 9 5 8
4 10 5 10
4 10 4 11
4 10 5 11
4 10 5 9
4 11 5 11
4 11 4 12
4 11 5 12
4 11 5 10
4 12 5 12
4 12 4 13
4 12 5 13
4 13 5 13
4 13 4 14
4 13 5 14
4 13 5 12
4 14 5 14
4 14 4 15
4 14 5 15
4 14 5 13
4 15 5 15
4 15 4 16
4 15 5 16
4 15 5 14
4 16 5 16
4 16 4 17
4 16 5 15
4 17 5 17
4 17 4 18
4 17 5 18
4 17 5 16
4 18 5 18
4 18 5 17
5 0 6 0
5 0 5 1
5 0 6 1
5 1 6 1
5 1 6 2
5 1 6 0
5 2 6 2
5 2 5 3
5 2 6 1
5 3 6 3
5 3 5 4
5 3 6 4
5 3 6 2
5 4 6 4
5 4 6 5
5 4 6 3
5 5 6 5
5 5 5 6
5 5 6 6
5 6 6 6
5 6 5 7
5 6 6 5
5 7 6 7
5 7 6 8
5 7 6 6
5 8 6 8
5 8 5 9
5 8 6 9
5 8 6 7
5 9 6 9
5 9 5 10
5 9 6 10
5 9 6 8
5 10 6 10
5 10 5 11
5 10 6 11
5 10 6 9
5 11 6 11
5 11 5 12
5 11 6 12
5 11 6 10
5 12 6 12
5 12 5 13
5 12 6 13
5 12 6 11
5 13 6 13
5 13 5 14
5 13 6 12
5 14 6 14
5 14 5 15
5 14 6 15
5 14 6 13
5 15 6 15
5 15 5 16
5 15 6 16
5 15 6 14
5 16 6 16
5 16 5 17
5 16 6 17
5 16 6 15
5 17 6 17
5 17 5 18
5 17 6 18
5 17 6 16
5 18 6 18
5 18 6 17
6 0 7 0
6 0 6 1
6 0 7 1
6 1 7 1
6 1 7 2
6 1 7 0
6 2 7 2
6 2 6 3
6 2 7 3
6 2 7 1
6 3 7 3
6 3 6 4
6 3 7 4
6 3 7 2
6 4 7 4
6 4 6 5
6 4 7 5
6 4 7 3
6 5 7 5
6 5 7 6
6 5 7 4
6 6 7 6
6 6 6 7
6 6 7 7
6 6 7 5
6 7 7 7
6 7 6 8
6 7 7 8
6 7 7 6
6 8 7 8
6 8 6 9
6 8 7 9
6 8 7 7
6 9 7 9
6 9 6 10
6 9 7 10
6 9 7 8
6 10 7 10
6 10 6 11
6 10 7 11
6 10 7 9
6 11 7 11
6 11 6 12
6 11 7 12
6 11 7 10
6 12 7 12
6 12 6 13
6 12 7 13
6 12 7 11
6 13 7 13
6 13 6 14
6 13 7 14
6 13 7 12
6 14 7 14
6 14 6 15
6 14 7 15
6 14 7 13
6 15 7 15
6 15 7 16
6 15 7 14
6 16 7 16
6 16 6 17
6 16 7 17
6 16 7 15
6 17 7 17
6 17 6 18
6 17 7 18
6 18 7 18
7 0 8 0
7 0 7 1
7 0 8 1
7 1 8 1
7 1 7 2
7 1 8 2
7 1 8 0
7 2 8 2
7 2 7 3
7 2 8 3
7 2 8 1
7 3 8 3
7 3 7 4
7 3 8 4
7 3 8 2
7 4 8 4
7 4 7 5
7 4 8 5
7 4 8 3
7 5 8 5
7 5 7 6
7 5 8 6
7 5 8 4
7 6 8 6
7 6 7 7
7 6 8 7
7 6 8 5
7 7 8 7
7 7 8 8
7 7 8 6
7 8 8 8
7 8 7 9
7 8 8 9
7 8 8 7
7 9 8 9
7 9 8 10
7 9 8 8
7 10 8 10
7 10 7 11
7 10 8 11
7 10 8 9
7 11 8 11
7 11 7 12
7 11 8 12
7 11 8 10
7 12 8 12
7 12 7 13
7 12 8 13
7 12 8 11
7 13 8 13
7 13 7 14
7 13 8 14
7 13 8 12
7 14 8 14
7 14 7 15
7 14 8 15
7 14 8 13
7 15 7 16
7 15 8 16
7 15 8 14
7 16 8 16
7 16 7 17
7 16 8 17
7 17 8 17
7 17 7 18
7 17 8 18
7 17 8 16
7 18 8 18
7 18 8 17
8 0 9 0
8 0 8 1
8 0 9 1
8 1 9 1
8 1 8 2
8 1 9 2
8 1 9 0
8 2 9 2
8 2 8 3
8 2 9 3
8 2 9 1
8 3 9 3
8 3 8 4
8 3 9 4
8 3 9 2
8 4 9 4
8 4 8 5
8 4 9 3
8 5 9 5
8 5 8 6
8 5 9 6
8 5 9 4
8 6 9 6
8 6 8 7
8 6 9 7
8 6 9 5
8 7 9 7
8 7 9 8
8 7 9 6
8 8 9 8
8 8 8 9
8 8 9 9
8 8 9 7
8 9 9 9
8 9 8 10
8 9 9 10
8 9 9 8
8 10 9 10
8 10 8 11
8 10 9 11
8 10 9 9
8 11 9 11
8 11 8 12
8 11 9 10
8 12 9 12
8 12 9 13
8 12 9 11
8 13 9 13
8 13 8 14
8 13 9 14
8 13 9 12
8 14 9 14
8 14 8 15
8 14 9 15
8 14 9 13
8 15 8 16
8 15 9 16
8 15 9 14
8 16 9 16
8 16 8 17
8 16 9 17
8 16 9 15
8 17 9 17
8 17 8 18
8 17 9 18
8 17 9 16
8 18 9 18
9 0 10 0
9 0 9 1
9 0 10 1
9 1 10 1
9 1 9 2
9 1 10 2
9 1 10 0
9 2 9 3
9 2 10 3
9 2 10 1
9 3 10 3
9 3 10 4
9 3 10 2
9 4 10 4
9 4 9 5
9 4 10 5
9 4 10 3
9 5 10 5
9 5 9 6
9 5 10 6
9 5 10 4
9 6 10 6
9 6 9 7
9 6 10 7
9 6 10 5
9 7 10 7
9 7 10 8
9 8 10 8
9 8 9 9
9 8 10 9
9 8 10 7
9 9 10 9
9 9 9 10
9 9 10 10
9 9 10 8
9 10 10 10
9 10 9 11
9 10 10 11
9 10 10 9
9 11 10 11
9 11 9 12
9 11 10 12
9 11 10 10
9 12 10 12
9 12 9 13
9 12 10 13
9 13 10 13
9 13 10 14
9 13 10 12
9 14 9 15
9 14 10 15
9 14 10 13
9 15 10 15
9 15 10 16
9 15 10 14
9 16 10 16
9 16 9 17
9 16 10 17
9 16 10 15
9 17 10 17
9 17 9 18
9 17 10 18
9 18 10 18
9 18 10 17
10 0 11 0
10 0 11 1
10 1 11 1
10 1 10 2
10 1 11 2
10 2 11 2
10 2 10 3
10 2 11 3
10 2 11 1
10 3 11 3
10 3 10 4
10 3 11 4
10 4 10 5
10 4 11 5
10 4 11 3
10 5 11 5
10 5 10 6
10 5 11 6
10 6 11 6
10 6 10 7
10 6 11 7
10 6 11 5
10 7 10 8
10 7 11 8
10 7 11 6
10 8 11 8
10 8 10 9
10 8 11 9
10 8 11 7
10 9 11 9
10 9 10 10
10 9 11 10
10 9 11 8
10 10 11 10
10 10 10 11
10 10 11 11
10 10 11 9
10 11 11 11
10 11 11 12
10 11 11 10
10 12 11 12
10 12 10 13
10 12 11 13
10 12 11 11
10 13 11 13
10 13 10 14
10 13 11 12
10 14 11 14
10 14 11 15
10 14 11 13
10 15 11 15
10 15 10 16
10 16 11 16
10 16 10 17
10 16 11 17
10 16 11 15
10 17 11 17
10 17 10 18
10 17 11 18
10 17 11 16
10 18 11 17
11 0 12 0
11 0 11 1
11 0 12 1
11 1 12 1
11 1 11 2
11 1 12 2
11 1 12 0
11 2 12 2
11 2 11 3
11 2 12 3
11 2 12 1
11 3 11 4
11 3 12 4
11 3 12 2
11 4 12 4
11 4 11 5
11 4 12 5
11 4 12 3
11 5 12 5
11 5 11 6
11 5 12 6
11 5 12 4
11 6 12 6
11 6 11 7
11 6 12 7
11 6 12 5
11 7 12 7
11 7 11 8
11 7 12 8
11 8 12 8
11 8 11 9
11 8 12 9
11 8 12 7
11 9 12 9
11 9 11 10
11 9 12 10
11 9 12 8
11 10 12 10
11 10 11 11
11 10 12 9
11 11 12 11
11 11 11 12
11 11 12 12
11 11 12 10
11 12 12 12
11 12 11 13
11 12 12 13
11 13 12 13
11 13 11 14
11 13 12 14
11 13 12 12
11 14 11 15
11 14 12 15
11 14 12 13
11 15 12 15
11 15 11 16
11 15 12 16
11 15 12 14
11 16 12 16
11 16 11 17
11 16 12 15
11 17 12 17
11 17 11 18
11 17 12 18
11 17 12 16
11 18 12 18
11 18 12 17
12 0 13 0
12 0 12 1
12 0 13 1
12 1 13 1
12 1 12 2
12 1 13 0
12 2 13 2
12 2 12 3
12 2 13 3
12 2 13 1
12 3 13 3
12 3 12 4
12 3 13 4
12 3 13 2
12 4 13 4
12 4 12 5
12 4 13 5
12 4 13 3
12 5 13 5
12 5 13 6
12 5 13 4
12 6 12 7
12 6 13 7
12 6 13 5
12 7 13 7
12 7 12 8
12 7 13 8
12 7 13 6
12 8 13 8
12 8 12 9
12 8 13 9
12 9 13 9
12 9 12 10
12 9 13 10
12 9 13 8
12 10 12 11
12 10 13 11
12 10 13 9
12 11 13 11
12 11 12 12
12 11 13 12
12 11 13 10
12 12 13 12
12 12 12 13
12 12 13 13
12 13 13 13
12 13 12 14
12 13 13 14
12 13 13 12
12 14 13 14
12 14 13 15
12 15 13 15
12 15 12 16
12 15 13 16
12 15 13 14
12 16 12 17
12 16 13 17
12 16 13 15
12 17 13 17
12 17 12 18
12 17 13 18
12 17 13 16
12 18 13 18
12 18 13 17
13 0 14 0
13 0 14 1
13 1 14 1
13 1 13 2
13 1 14 2
13 1 14 0
13 2 13 3
13 2 14 3
13 2 14 1
13 3 14 3
13 3 13 4
13 3 14 4
13 3 14 2
13 4 14 4
13 4 13 5
13 4 14 5
13 4 14 3
13 5 14 5
13 5 13 6
13 5 14 6
13 5 14 4
13 6 13 7
13 6 14 7
13 7 14 7
13 7 13 8
13 7 14 8
13 8 14 8
13 8 13 9
13 8 14 7
13 9 14 9
13 9 13 10
13 9 14 10
13 9 14 8
13 10 14 10
13 10 14 11
13 10 14 9
13 11 14 11
13 11 13 12
13 11 14 12
13 11 14 10
13 12 13 13
13 12 14 13
13 12 14 11
13 13 14 13
13 13 13 14
13 13 14 12
13 14 14 14
13 14 13 15
13 14 14 13
13 15 14 15
13 15 13 16
13 15 14 16
13 15 14 14
13 16 14 16
13 16 13 17
13 16 14 17
13 16 14 15
13 17 14 17
13 17 13 18
13 17 14 18
13 18 14 18
13 18 14 17
14 0 15 0
14 0 14 1
14 0 15 1
14 1 15 1
14 1 14 2
14 1 15 2
14 1 15 0
14 2 15 2
14 2 14 3
14 2 15 1
14 3 15 3
14 3 14 4
14 3 15 4
14 3 15 2
14 4 15 4
14 4 14 5
14 4 15 5
14 4 15 3
14 5 15 5
14 5 14 6
14 5 15 4
14 6 15 6
14 6 14 7
14 6 15 7
14 6 15 5
14 7 15 7
14 7 14 8
14 7 15 8
14 7 15 6
14 8 15 8
14 8 14 9
14 8 15 7
14 9 15 9
14 9 14 10
14 9 15 8
14 10 15 10
14 10 14 11
14 10 15 11
14 10 15 9
14 11 15 11
14 11 15 12
14 11 15 10
14 12 15 12
14 12 15 13
14 12 15 11
14 13 15 13
14 13 14 14
14 13 15 14
14 13 15 12
14 14 15 14
14 14 14 15
14 14 15 15
14 14 15 13
14 15 15 15
14 15 14 16
14 15 15 16
14 15 15 14
14 16 15 16
14 16 14 17
14 16 15 15
14 17 15 17
14 17 14 18
14 17 15 18
14 17 15 16
14 18 15 18
14 18 15 17
15 0 16 0
15 0 15 1
15 0 16 1
15 1 16 1
15 1 15 2
15 1 16 2
15 1 16 0
15 2 16 2
15 2 15 3
15 2 16 3
15 2 16 1
15 3 15 4
15 3 16 4
15 3 16 2
15 4 16 4
15 4 15 5
15 4 16 5
15 4 16 3
15 5 16 5
15 5 15 6
15 5 16 6
15 5 16 4
15 6 16 6
15 6 15 7
15 6 16 7
15 6 16 5
15 7 16 7
15 7 16 8
15 7 16 6
15 8 16 8
15 8 15 9
15 8 16 9
15 8 16 7
15 9 16 9
15 9 15 10
15 9 16 10
15 9 16 8
15 10 16 10
15 10 15 11
15 10 16 11
15 10 16 9
15 11 16 11
15 11 15 12
15 11 16 12
15 11 16 10
15 12 16 12
15 12 15 13
15 12 16 11
15 13 16 13
15 13 15 14
15 13 16 14
15 13 16 12
15 14 16 14
15 14 15 15
15 14 16 15
15 14 16 13
15 15 16 15
15 15 15 16
15 15 16 16
15 16 16 16
15 16 15 17
15 16 16 17
15 16 16 15
15 17 15 18
15 17 16 18
15 17 16 16
15 18 16 18
15 18 16 17
16 0 17 0
16 0 16 1
16 0 17 1
16 1 17 1
16 1 16 2
16 1 17 2
16 1 17 0
16 2 17 2
16 2 16 3
16 2 17 3
16 2 17 1
16 3 17 3
16 3 17 4
16 3 17 2
16 4 17 4
16 4 16 5
16 4 17 5
16 4 17 3
16 5 17 5
16 5 16 6
16 5 17 4
16 6 17 6
16 6 16 7
16 6 17 7
16 6 17 5
16 7 17 7
16 7 16 8
16 7 17 8
16 7 17 6
16 8 17 8
16 8 16 9
16 8 17 7
16 9 17 9
16 9 16 10
16 9 17 10
16 9 17 8
16 10 17 10
16 10 16 11
16 10 17 11
16 10 17 9
16 11 17 11
16 11 16 12
16 11 17 12
16 11 17 10
16 12 17 12
16 12 16 13
16 12 17 13
16 12 17 11
16 13 17 13
16 13 16 14
16 13 17 14
16 13 17 12
16 14 17 14
16 14 16 15
16 14 17 15
16 15 17 15
16 15 16 16
16 15 17 16
16 15 17 14
16 16 17 16
16 16 16 17
16 16 17 17
16 16 17 15
16 17 17 17
16 17 16 18
16 17 17 18
16 17 17 16
16 18 17 18
16 18 17 17
17 0 18 0
17 0 17 1
17 0 18 1
17 1 18 1
17 1 18 2
17 1 18 0
17 2 18 2
17 2 17 3
17 2 18 3
17 2 18 1
17 3 18 3
17 3 17 4
17 3 18 4
17 3 18 2
17 4 18 4
17 4 17 5
17 4 18 5
17 4 18 3
17 5 18 5
17 5 17 6
17 5 18 6
17 6 18 6
17 6 17 7
17 6 18 7
17 6 18 5
17 7 17 8
17 7 18 8
17 7 18 6
17 8 18 8
17 8 17 9
17 8 18 9
17 9 18 9
17 9 17 10
17 9 18 10
17 9 18 8
17 10 18 10
17 10 17 11
17 10 18 9
17 11 18 11
17 11 17 12
17 11 18 12
17 11 18 10
17 12 17 13
17 12 18 13
17 12 18 11
17 13 18 13
17 13 17 14
17 13 18 14
17 13 18 12
17 14 18 14
17 14 17 15
17 14 18 15
17 14 18 13
17 15 18 15
17 15 17 16
17 15 18 16
17 15 18 14
17 16 18 16
17 16 17 17
17 16 18 17
17 16 18 15
17 17 17 18
17 17 18 18
17 17 18 16
17 18 18 18
17 18 18 17
18 0 18 1
18 1 18 2
18 2 18 3
18 3 18 4
18 6 18 7
18 7 18 8
18 8 18 9
18 9 18 10
18 10 18 11
18 11 18 12
18 12 18 13
18 13 18 14
18 14 18 15
18 15 18 16
18 16 18 17
18 17 18 18
;
param Centralities :=
degree centrality: {(0, 0): 0.008333333333333333, (0, 1): 0.008333333333333333, (0, 2): 0.01388888888888889, (0, 3): 0.01388888888888889, (0, 4): 0.011111111111111112, (0, 5): 0.011111111111111112, (0, 6): 0.01388888888888889, (0, 7): 0.011111111111111112, (0, 8): 0.01388888888888889, (0, 9): 0.01388888888888889, (0, 10): 0.01388888888888889, (0, 11): 0.01388888888888889, (0, 12): 0.01388888888888889, (0, 13): 0.01388888888888889, (0, 14): 0.01388888888888889, (0, 15): 0.01388888888888889, (0, 16): 0.01388888888888889, (0, 17): 0.011111111111111112, (0, 18): 0.008333333333333333, (1, 0): 0.01388888888888889, (1, 1): 0.016666666666666666, (1, 2): 0.016666666666666666, (1, 3): 0.022222222222222223, (1, 4): 0.019444444444444445, (1, 5): 0.019444444444444445, (1, 6): 0.019444444444444445, (1, 7): 0.022222222222222223, (1, 8): 0.019444444444444445, (1, 9): 0.019444444444444445, (1, 10): 0.022222222222222223, (1, 11): 0.022222222222222223, (1, 12): 0.022222222222222223, (1, 13): 0.019444444444444445, (1, 14): 0.019444444444444445, (1, 15): 0.022222222222222223, (1, 16): 0.016666666666666666, (1, 17): 0.022222222222222223, (1, 18): 0.01388888888888889, (2, 0): 0.008333333333333333, (2, 1): 0.019444444444444445, (2, 2): 0.022222222222222223, (2, 3): 0.019444444444444445, (2, 4): 0.022222222222222223, (2, 5): 0.019444444444444445, (2, 6): 0.022222222222222223, (2, 7): 0.022222222222222223, (2, 8): 0.019444444444444445, (2, 9): 0.019444444444444445, (2, 10): 0.019444444444444445, (2, 11): 0.022222222222222223, (2, 12): 0.022222222222222223, (2, 13): 0.016666666666666666, (2, 14): 0.022222222222222223, (2, 15): 0.019444444444444445, (2, 16): 0.019444444444444445, (2, 17): 0.022222222222222223, (2, 18): 0.011111111111111112, (3, 0): 0.011111111111111112, (3, 1): 0.019444444444444445, (3, 2): 0.022222222222222223, (3, 3): 0.022222222222222223, (3, 4): 0.022222222222222223, (3, 5): 0.019444444444444445, (3, 6): 0.022222222222222223, (3, 7): 0.022222222222222223, (3, 8): 0.016666666666666666, (3, 9): 0.022222222222222223, (3, 10): 0.019444444444444445, (3, 11): 0.019444444444444445, (3, 12): 0.019444444444444445, (3, 13): 0.016666666666666666, (3, 14): 0.019444444444444445, (3, 15): 0.022222222222222223, (3, 16): 0.022222222222222223, (3, 17): 0.019444444444444445, (3, 18): 0.011111111111111112, (4, 0): 0.011111111111111112, (4, 1): 0.019444444444444445, (4, 2): 0.022222222222222223, (4, 3): 0.022222222222222223, (4, 4): 0.019444444444444445, (4, 5): 0.016666666666666666, (4, 6): 0.016666666666666666, (4, 7): 0.019444444444444445, (4, 8): 0.016666666666666666, (4, 9): 0.022222222222222223, (4, 10): 0.022222222222222223, (4, 11): 0.019444444444444445, (4, 12): 0.019444444444444445, (4, 13): 0.022222222222222223, (4, 14): 0.022222222222222223, (4, 15): 0.022222222222222223, (4, 16): 0.019444444444444445, (4, 17): 0.022222222222222223, (4, 18): 0.01388888888888889, (5, 0): 0.008333333333333333, (5, 1): 0.019444444444444445, (5, 2): 0.016666666666666666, (5, 3): 0.022222222222222223, (5, 4): 0.019444444444444445, (5, 5): 0.01388888888888889, (5, 6): 0.019444444444444445, (5, 7): 0.019444444444444445, (5, 8): 0.016666666666666666, (5, 9): 0.022222222222222223, (5, 10): 0.022222222222222223, (5, 11): 0.019444444444444445, (5, 12): 0.022222222222222223, (5, 13): 0.019444444444444445, (5, 14): 0.022222222222222223, (5, 15): 0.022222222222222223, (5, 16): 0.022222222222222223, (5, 17): 0.019444444444444445, (5, 18): 0.01388888888888889, (6, 0): 0.01388888888888889, (6, 1): 0.019444444444444445, (6, 2): 0.019444444444444445, (6, 3): 0.019444444444444445, (6, 4): 0.019444444444444445, (6, 5): 0.019444444444444445, (6, 6): 0.019444444444444445, (6, 7): 0.019444444444444445, (6, 8): 0.022222222222222223, (6, 9): 0.022222222222222223, (6, 10): 0.022222222222222223, (6, 11): 0.022222222222222223, (6, 12): 0.022222222222222223, (6, 13): 0.022222222222222223, (6, 14): 0.019444444444444445, (6, 15): 0.019444444444444445, (6, 16): 0.019444444444444445, (6, 17): 0.019444444444444445, (6, 18): 0.011111111111111112, (7, 0): 0.01388888888888889, (7, 1): 0.022222222222222223, (7, 2): 0.022222222222222223, (7, 3): 0.022222222222222223, (7, 4): 0.022222222222222223, (7, 5): 0.022222222222222223, (7, 6): 0.022222222222222223, (7, 7): 0.019444444444444445, (7, 8): 0.019444444444444445, (7, 9): 0.019444444444444445, (7, 10): 0.019444444444444445, (7, 11): 0.022222222222222223, (7, 12): 0.022222222222222223, (7, 13): 0.022222222222222223, (7, 14): 0.022222222222222223, (7, 15): 0.019444444444444445, (7, 16): 0.016666666666666666, (7, 17): 0.019444444444444445, (7, 18): 0.01388888888888889, (8, 0): 0.01388888888888889, (8, 1): 0.022222222222222223, (8, 2): 0.022222222222222223, (8, 3): 0.022222222222222223, (8, 4): 0.019444444444444445, (8, 5): 0.022222222222222223, (8, 6): 0.022222222222222223, (8, 7): 0.019444444444444445, (8, 8): 0.019444444444444445, (8, 9): 0.022222222222222223, (8, 10): 0.022222222222222223, (8, 11): 0.019444444444444445, (8, 12): 0.019444444444444445, (8, 13): 0.019444444444444445, (8, 14): 0.022222222222222223, (8, 15): 0.01388888888888889, (8, 16): 0.022222222222222223, (8, 17): 0.022222222222222223, (8, 18): 0.011111111111111112, (9, 0): 0.01388888888888889, (9, 1): 0.022222222222222223, (9, 2): 0.019444444444444445, (9, 3): 0.019444444444444445, (9, 4): 0.019444444444444445, (9, 5): 0.019444444444444445, (9, 6): 0.022222222222222223, (9, 7): 0.016666666666666666, (9, 8): 0.019444444444444445, (9, 9): 0.022222222222222223, (9, 10): 0.022222222222222223, (9, 11): 0.022222222222222223, (9, 12): 0.016666666666666666, (9, 13): 0.019444444444444445, (9, 14): 0.016666666666666666, (9, 15): 0.016666666666666666, (9, 16): 0.019444444444444445, (9, 17): 0.016666666666666666, (9, 18): 0.01388888888888889, (10, 0): 0.011111111111111112, (10, 1): 0.016666666666666666, (10, 2): 0.019444444444444445, (10, 3): 0.019444444444444445, (10, 4): 0.019444444444444445, (10, 5): 0.019444444444444445, (10, 6): 0.019444444444444445, (10, 7): 0.019444444444444445, (10, 8): 0.022222222222222223, (10, 9): 0.022222222222222223, (10, 10): 0.022222222222222223, (10, 11): 0.016666666666666666, (10, 12): 0.019444444444444445, (10, 13): 0.019444444444444445, (10, 14): 0.016666666666666666, (10, 15): 0.01388888888888889, (10, 16): 0.019444444444444445, (10, 17): 0.022222222222222223, (10, 18): 0.011111111111111112, (11, 0): 0.011111111111111112, (11, 1): 0.022222222222222223, (11, 2): 0.019444444444444445, (11, 3): 0.019444444444444445, (11, 4): 0.016666666666666666, (11, 5): 0.022222222222222223, (11, 6): 0.022222222222222223, (11, 7): 0.016666666666666666, (11, 8): 0.022222222222222223, (11, 9): 0.022222222222222223, (11, 10): 0.019444444444444445, (11, 11): 0.022222222222222223, (11, 12): 0.019444444444444445, (11, 13): 0.022222222222222223, (11, 14): 0.01388888888888889, (11, 15): 0.022222222222222223, (11, 16): 0.016666666666666666, (11, 17): 0.022222222222222223, (11, 18): 0.011111111111111112, (12, 0): 0.01388888888888889, (12, 1): 0.019444444444444445, (12, 2): 0.022222222222222223, (12, 3): 0.019444444444444445, (12, 4): 0.022222222222222223, (12, 5): 0.019444444444444445, (12, 6): 0.01388888888888889, (12, 7): 0.022222222222222223, (12, 8): 0.019444444444444445, (12, 9): 0.022222222222222223, (12, 10): 0.019444444444444445, (12, 11): 0.016666666666666666, (12, 12): 0.019444444444444445, (12, 13): 0.022222222222222223, (12, 14): 0.01388888888888889, (12, 15): 0.019444444444444445, (12, 16): 0.019444444444444445, (12, 17): 0.019444444444444445, (12, 18): 0.01388888888888889, (13, 0): 0.011111111111111112, (13, 1): 0.019444444444444445, (13, 2): 0.016666666666666666, (13, 3): 0.022222222222222223, (13, 4): 0.022222222222222223, (13, 5): 0.022222222222222223, (13, 6): 0.01388888888888889, (13, 7): 0.016666666666666666, (13, 8): 0.019444444444444445, (13, 9): 0.022222222222222223, (13, 10): 0.016666666666666666, (13, 11): 0.016666666666666666, (13, 12): 0.019444444444444445, (13, 13): 0.016666666666666666, (13, 14): 0.019444444444444445, (13, 15): 0.022222222222222223, (13, 16): 0.019444444444444445, (13, 17): 0.019444444444444445, (13, 18): 0.01388888888888889, (14, 0): 0.01388888888888889, (14, 1): 0.022222222222222223, (14, 2): 0.016666666666666666, (14, 3): 0.022222222222222223, (14, 4): 0.022222222222222223, (14, 5): 0.016666666666666666, (14, 6): 0.016666666666666666, (14, 7): 0.022222222222222223, (14, 8): 0.019444444444444445, (14, 9): 0.016666666666666666, (14, 10): 0.022222222222222223, (14, 11): 0.019444444444444445, (14, 12): 0.01388888888888889, (14, 13): 0.019444444444444445, (14, 14): 0.019444444444444445, (14, 15): 0.019444444444444445, (14, 16): 0.016666666666666666, (14, 17): 0.022222222222222223, (14, 18): 0.01388888888888889, (15, 0): 0.01388888888888889, (15, 1): 0.022222222222222223, (15, 2): 0.022222222222222223, (15, 3): 0.016666666666666666, (15, 4): 0.022222222222222223, (15, 5): 0.022222222222222223, (15, 6): 0.019444444444444445, (15, 7): 0.019444444444444445, (15, 8): 0.019444444444444445, (15, 9): 0.019444444444444445, (15, 10): 0.019444444444444445, (15, 11): 0.022222222222222223, (15, 12): 0.019444444444444445, (15, 13): 0.022222222222222223, (15, 14): 0.022222222222222223, (15, 15): 0.019444444444444445, (15, 16): 0.022222222222222223, (15, 17): 0.016666666666666666, (15, 18): 0.01388888888888889, (16, 0): 0.01388888888888889, (16, 1): 0.022222222222222223, (16, 2): 0.022222222222222223, (16, 3): 0.016666666666666666, (16, 4): 0.019444444444444445, (16, 5): 0.019444444444444445, (16, 6): 0.022222222222222223, (16, 7): 0.022222222222222223, (16, 8): 0.019444444444444445, (16, 9): 0.022222222222222223, (16, 10): 0.022222222222222223, (16, 11): 0.022222222222222223, (16, 12): 0.022222222222222223, (16, 13): 0.019444444444444445, (16, 14): 0.016666666666666666, (16, 15): 0.022222222222222223, (16, 16): 0.022222222222222223, (16, 17): 0.019444444444444445, (16, 18): 0.01388888888888889, (17, 0): 0.01388888888888889, (17, 1): 0.019444444444444445, (17, 2): 0.019444444444444445, (17, 3): 0.022222222222222223, (17, 4): 0.022222222222222223, (17, 5): 0.019444444444444445, (17, 6): 0.019444444444444445, (17, 7): 0.019444444444444445, (17, 8): 0.019444444444444445, (17, 9): 0.019444444444444445, (17, 10): 0.019444444444444445, (17, 11): 0.022222222222222223, (17, 12): 0.019444444444444445, (17, 13): 0.019444444444444445, (17, 14): 0.022222222222222223, (17, 15): 0.022222222222222223, (17, 16): 0.022222222222222223, (17, 17): 0.019444444444444445, (17, 18): 0.01388888888888889, (18, 0): 0.008333333333333333, (18, 1): 0.01388888888888889, (18, 2): 0.01388888888888889, (18, 3): 0.01388888888888889, (18, 4): 0.008333333333333333, (18, 5): 0.008333333333333333, (18, 6): 0.011111111111111112, (18, 7): 0.008333333333333333, (18, 8): 0.01388888888888889, (18, 9): 0.01388888888888889, (18, 10): 0.01388888888888889, (18, 11): 0.011111111111111112, (18, 12): 0.011111111111111112, (18, 13): 0.01388888888888889, (18, 14): 0.01388888888888889, (18, 15): 0.01388888888888889, (18, 16): 0.01388888888888889, (18, 17): 0.011111111111111112, (18, 18): 0.008333333333333333}
eigenvector centrality: {(0, 0): 0.0016519918624643944, (0, 1): 0.0015116978703507975, (0, 2): 0.00594298748987502, (0, 3): 0.008118512559979665, (0, 4): 0.008875706033995921, (0, 5): 0.010702616520197508, (0, 6): 0.013989042899564381, (0, 7): 0.012334318588913372, (0, 8): 0.01874771244046064, (0, 9): 0.021893618175394616, (0, 10): 0.024523959238520934, (0, 11): 0.026356187064918796, (0, 12): 0.025062696856738644, (0, 13): 0.02226387857467024, (0, 14): 0.019634960723122662, (0, 15): 0.01629751736744377, (0, 16): 0.012813703123825274, (0, 17): 0.006068230879358456, (0, 18): 0.004518957591450623, (1, 0): 0.0033950508304013234, (1, 1): 0.007103181523830851, (1, 2): 0.009523935867127485, (1, 3): 0.016948415346811647, (1, 4): 0.017731240804536197, (1, 5): 0.021729606101802586, (1, 6): 0.024361265538465883, (1, 7): 0.03257774249078111, (1, 8): 0.03513338398308595, (1, 9): 0.03436631967945134, (1, 10): 0.046407574648042266, (1, 11): 0.04928036301551917, (1, 12): 0.0463516856992893, (1, 13): 0.037970371414405034, (1, 14): 0.03285419609604348, (1, 15): 0.03337451953103192, (1, 16): 0.01981789468358714, (1, 17): 0.017607378984695207, (1, 18): 0.009180813350291942, (2, 0): 0.002883027847355033, (2, 1): 0.011532001400477276, (2, 2): 0.019594100012397437, (2, 3): 0.024150027654328134, (2, 4): 0.029279825257867827, (2, 5): 0.03083358905359476, (2, 6): 0.03993825179919211, (2, 7): 0.04584412878235091, (2, 8): 0.0465064117509138, (2, 9): 0.05550154043442146, (2, 10): 0.056649700615427755, (2, 11): 0.06883921119725214, (2, 12): 0.06410836490303083, (2, 13): 0.043126209944815086, (2, 14): 0.05552290873087129, (2, 15): 0.04865396923410367, (2, 16): 0.037062611621692304, (2, 17): 0.026935666298084696, (2, 18): 0.011621537507774487, (3, 0): 0.006032415148403491, (3, 1): 0.015966664858935508, (3, 2): 0.025371454943589, (3, 3): 0.03185368049338888, (3, 4): 0.03479363377115306, (3, 5): 0.034828389509883505, (3, 6): 0.04586664088153846, (3, 7): 0.05432391542789742, (3, 8): 0.05459904452092529, (3, 9): 0.08037772857222539, (3, 10): 0.08385274594016269, (3, 11): 0.07710399055256055, (3, 12): 0.07674929157166724, (3, 13): 0.06668836547135279, (3, 14): 0.07185223965888111, (3, 15): 0.06917151435337127, (3, 16): 0.05391228182885123, (3, 17): 0.03077381339652157, (3, 18): 0.015866770649618438, (4, 0): 0.0077847420438576865, (4, 1): 0.01722083748748615, (4, 2): 0.028541538422980146, (4, 3): 0.03559156084903879, (4, 4): 0.03425557970020738, (4, 5): 0.032161241251704574, (4, 6): 0.03824307068736067, (4, 7): 0.057293630966276314, (4, 8): 0.06666679126406001, (4, 9): 0.10362094509386578, (4, 10): 0.11699205037147574, (4, 11): 0.10722163874633421, (4, 12): 0.09340140996312239, (4, 13): 0.10421508526934328, (4, 14): 0.09576958981951668, (4, 15): 0.08239499867851756, (4, 16): 0.05775863190318919, (4, 17): 0.039231334840707406, (4, 18): 0.01842284139929822, (5, 0): 0.006772823358991867, (5, 1): 0.017374600042302103, (5, 2): 0.02412321311768192, (5, 3): 0.03999441748943838, (5, 4): 0.039818008388407745, (5, 5): 0.03221311892051975, (5, 6): 0.04687141287794876, (5, 7): 0.06393627868184927, (5, 8): 0.08428458292497858, (5, 9): 0.12514701048450952, (5, 10): 0.14145848525840954, (5, 11): 0.13181429392600816, (5, 12): 0.13529551115030578, (5, 13): 0.11181316117935168, (5, 14): 0.10614247381211502, (5, 15): 0.08403293153350176, (5, 16): 0.06043074555803158, (5, 17): 0.030393096244884357, (5, 18): 0.01768312369673906, (6, 0): 0.011965531266087587, (6, 1): 0.019897521744095297, (6, 2): 0.034128998018322206, (6, 3): 0.04412124668916881, (6, 4): 0.05017955784243027, (6, 5): 0.05317574175682648, (6, 6): 0.06374574005839641, (6, 7): 0.08175893444665105, (6, 8): 0.11026149372442161, (6, 9): 0.13470598776630774, (6, 10): 0.1518915017663966, (6, 11): 0.15708561828315604, (6, 12): 0.14841930140095422, (6, 13): 0.12970931186518475, (6, 14): 0.09109241225427872, (6, 15): 0.072699227756315, (6, 16): 0.04468992200896881, (6, 17): 0.02817495836018914, (6, 18): 0.01234745340410993, (7, 0): 0.014403098071113571, (7, 1): 0.02853992334181129, (7, 2): 0.041473812536231475, (7, 3): 0.05248897610513939, (7, 4): 0.06267773615665767, (7, 5): 0.07253210205999722, (7, 6): 0.08230365576422746, (7, 7): 0.08383404120590411, (7, 8): 0.10605164619617218, (7, 9): 0.12193026445375796, (7, 10): 0.13835260679319314, (7, 11): 0.15383564922113685, (7, 12): 0.14103170184292066, (7, 13): 0.1185095329835929, (7, 14): 0.09076245627242423, (7, 15): 0.060445026260400325, (7, 16): 0.035666460780948886, (7, 17): 0.025784220126456002, (7, 18): 0.013524052168713378, (8, 0): 0.015167794079532183, (8, 1): 0.02913784966253155, (8, 2): 0.041307638721740855, (8, 3): 0.05188982351258655, (8, 4): 0.05581550637458119, (8, 5): 0.0754681193938496, (8, 6): 0.0839532548127186, (8, 7): 0.08389936362869214, (8, 8): 0.10357793584348114, (8, 9): 0.13490529890442918, (8, 10): 0.1450941011317624, (8, 11): 0.12837424876657705, (8, 12): 0.10821737738183276, (8, 13): 0.08122877674083422, (8, 14): 0.07117357866423143, (8, 15): 0.035042179662638125, (8, 16): 0.033391103478206674, (8, 17): 0.022310197318464262, (8, 18): 0.009712826400759957, (9, 0): 0.013134065635162874, (9, 1): 0.025052767889652036, (9, 2): 0.03274966701769012, (9, 3): 0.038970563856130735, (9, 4): 0.051754281202515975, (9, 5): 0.06143746491764107, (9, 6): 0.0781899197380225, (9, 7): 0.07269375688328786, (9, 8): 0.10294659809098923, (9, 9): 0.13068981936529117, (9, 10): 0.1321759946171577, (9, 11): 0.11463721673508365, (9, 12): 0.06601239969242118, (9, 13): 0.06439711318130054, (9, 14): 0.038693676120619185, (9, 15): 0.028396253332925177, (9, 16): 0.02075779317333564, (9, 17): 0.014373402115017659, (9, 18): 0.009000660934636829, (10, 0): 0.008198246148174026, (10, 1): 0.017925928377149368, (10, 2): 0.02450909928425606, (10, 3): 0.03380269408802735, (10, 4): 0.043240035873615225, (10, 5): 0.054603133958622534, (10, 6): 0.0594500198864919, (10, 7): 0.0769512558539406, (10, 8): 0.1019322151679746, (10, 9): 0.11650230058242161, (10, 10): 0.1130318533411852, (10, 11): 0.07774084304445222, (10, 12): 0.06281848124528956, (10, 13): 0.04864508862414033, (10, 14): 0.030105957756055957, (10, 15): 0.016839793673634012, (10, 16): 0.016253678330334056, (10, 17): 0.012712192560273353, (10, 18): 0.006332260416589257, (11, 0): 0.005765573713231022, (11, 1): 0.01564727683560084, (11, 2): 0.01922579071630999, (11, 3): 0.027553119011387454, (11, 4): 0.026967340718999384, (11, 5): 0.046235296042488605, (11, 6): 0.05666403550588728, (11, 7): 0.05813034505873136, (11, 8): 0.0875790006226768, (11, 9): 0.09558658161970386, (11, 10): 0.08307127813915591, (11, 11): 0.0713814079259943, (11, 12): 0.0509098049665213, (11, 13): 0.040736592163003106, (11, 14): 0.018376838526895083, (11, 15): 0.018333851913536606, (11, 16): 0.011180599029885788, (11, 17): 0.009953305952779478, (11, 18): 0.004573793440146088, (12, 0): 0.006659157163692087, (12, 1): 0.011409564338176923, (12, 2): 0.020059010359890876, (12, 3): 0.02266389484805159, (12, 4): 0.03250455469124156, (12, 5): 0.0332913321127132, (12, 6): 0.02941284944255013, (12, 7): 0.05388177755337494, (12, 8): 0.06311425420689137, (12, 9): 0.070625584952801, (12, 10): 0.05908870675971213, (12, 11): 0.034616438276569246, (12, 12): 0.0376927088277942, (12, 13): 0.031120753166224476, (12, 14): 0.016503612573877405, (12, 15): 0.013310856060880737, (12, 16): 0.010725014327740173, (12, 17): 0.006448224930580132, (12, 18): 0.00414030659340582, (13, 0): 0.0045998596485189265, (13, 1): 0.010987867914114815, (13, 2): 0.014710992108875576, (13, 3): 0.023626004269920668, (13, 4): 0.027668666442621583, (13, 5): 0.02829933510279562, (13, 6): 0.02368837383732073, (13, 7): 0.028753805110125194, (13, 8): 0.044388446548776016, (13, 9): 0.04866497907461549, (13, 10): 0.03197456552981661, (13, 11): 0.025647081085964224, (13, 12): 0.02588824123035762, (13, 13): 0.019387145173457875, (13, 14): 0.016765264631969895, (13, 15): 0.013031723473411637, (13, 16): 0.008362444360019849, (13, 17): 0.0057173341863253554, (13, 18): 0.003409415849151045, (14, 0): 0.005369785271082113, (14, 1): 0.010000845937909335, (14, 2): 0.01166894797977591, (14, 3): 0.0196072481311419, (14, 4): 0.0228723656277226, (14, 5): 0.018281792089802462, (14, 6): 0.01801372246702002, (14, 7): 0.027989723313682827, (14, 8): 0.029682692580955117, (14, 9): 0.025044703201536192, (14, 10): 0.029886588445104306, (14, 11): 0.02362426399262862, (14, 12): 0.013356814518516046, (14, 13): 0.01612725189053117, (14, 14): 0.012408082185343793, (14, 15): 0.009469273629730348, (14, 16): 0.0072008015669292515, (14, 17): 0.005619792994730037, (14, 18): 0.0028621760046343117, (15, 0): 0.004757542159638252, (15, 1): 0.008690011064617675, (15, 2): 0.01191728551067283, (15, 3): 0.012742805500113426, (15, 4): 0.017332023464786663, (15, 5): 0.01871886717957841, (15, 6): 0.01800455789353143, (15, 7): 0.019663542247734936, (15, 8): 0.021291698642060243, (15, 9): 0.02057836907253165, (15, 10): 0.020502344801449357, (15, 11): 0.02124443313194123, (15, 12): 0.016609725304125383, (15, 13): 0.014218407433582025, (15, 14): 0.011972420287631817, (15, 15): 0.008625638076614985, (15, 16): 0.007243045566520986, (15, 17): 0.0036198880334736092, (15, 18): 0.0024425248520848816, (16, 0): 0.0036680961448140267, (16, 1): 0.006856380910072451, (16, 2): 0.008933651409231892, (16, 3): 0.00813403294589364, (16, 4): 0.01197337811019098, (16, 5): 0.013668264320678625, (16, 6): 0.01593576852049915, (16, 7): 0.016901091656043067, (16, 8): 0.016425596172486543, (16, 9): 0.018169437436829684, (16, 10): 0.018285892752174408, (16, 11): 0.017265082417805926, (16, 12): 0.014918922906288844, (16, 13): 0.010062674726538915, (16, 14): 0.007914353809267822, (16, 15): 0.008216149952781459, (16, 16): 0.006200485292070841, (16, 17): 0.0037065046138623505, (16, 18): 0.0019493918006231441, (17, 0): 0.00245338772248798, (17, 1): 0.003907875096170534, (17, 2): 0.005514718804423883, (17, 3): 0.007180531403045453, (17, 4): 0.00825288541140115, (17, 5): 0.009147249135994566, (17, 6): 0.008738778340627017, (17, 7): 0.011007915527001881, (17, 8): 0.011801548382163416, (17, 9): 0.010905262972547103, (17, 10): 0.012301405847128785, (17, 11): 0.01197297777510005, (17, 12): 0.009682683605866504, (17, 13): 0.007405981022742837, (17, 14): 0.00704400618123223, (17, 15): 0.006024788304981438, (17, 16): 0.004707954237643688, (17, 17): 0.002934586839009235, (17, 18): 0.001468922272494329, (18, 0): 0.0011806987775862625, (18, 1): 0.0022217515524926125, (18, 2): 0.0030942482434707804, (18, 3): 0.003668742458098681, (18, 4): 0.0026276896831923303, (18, 5): 0.0035955957076939057, (18, 6): 0.004333315231743157, (18, 7): 0.002608339845511482, (18, 8): 0.005890059384399613, (18, 9): 0.006497132323448539, (18, 10): 0.006335574929687117, (18, 11): 0.004382778308030684, (18, 12): 0.003871647465590186, (18, 13): 0.0043852647862475105, (18, 14): 0.0038768012785184544, (18, 15): 0.0033245946130149038, (18, 16): 0.002516563100233436, (18, 17): 0.001303758362767772, (18, 18): 0.0007850305011044405}
closeness centrality: {(0, 0): 0.08126410835214447, (0, 1): 0.08442776735459662, (0, 2): 0.08836524300441827, (0, 3): 0.09113924050632911, (0, 4): 0.09397024275646046, (0, 5): 0.09615384615384616, (0, 6): 0.09811937857726902, (0, 7): 0.09887393573194178, (0, 8): 0.1001669449081803, (0, 9): 0.10058675607711651, (0, 10): 0.10013908205841446, (0, 11): 0.09925558312655088, (0, 12): 0.098065922092073, (0, 13): 0.09620523784072689, (0, 14): 0.09392121054004696, (0, 15): 0.09127789046653144, (0, 16): 0.0881057268722467, (0, 17): 0.08430913348946135, (0, 18): 0.0817067635043123, (1, 0): 0.08490566037735849, (1, 1): 0.08832188420019627, (1, 2): 0.0920951650038373, (1, 3): 0.0965924335927019, (1, 4): 0.0996126175982291, (1, 5): 0.10271041369472182, (1, 6): 0.10477299185098952, (1, 7): 0.10676156583629894, (1, 8): 0.10778443113772455, (1, 9): 0.10768770565360454, (1, 10): 0.10778443113772455, (1, 11): 0.10676156583629894, (1, 12): 0.1047425080011638, (1, 13): 0.10259333143345682, (1, 14): 0.09975062344139651, (1, 15): 0.09617953513224686, (1, 16): 0.09188361408882083, (1, 17): 0.08891084218325512, (1, 18): 0.08512650744856941, (2, 0): 0.08693552282057473, (2, 1): 0.09256878374903574, (2, 2): 0.09654062751407884, (2, 3): 0.10132282578103012, (2, 4): 0.10585122022934432, (2, 5): 0.10902483343428225, (2, 6): 0.11225444340505145, (2, 7): 0.11428571428571428, (2, 8): 0.11545862732520847, (2, 9): 0.11605415860735009, (2, 10): 0.11545862732520847, (2, 11): 0.11428571428571428, (2, 12): 0.11218448114677469, (2, 13): 0.10879419764279238, (2, 14): 0.1053247513165594, (2, 15): 0.10189640532125673, (2, 16): 0.09713977334052887, (2, 17): 0.09285530049006964, (2, 18): 0.0882136731193335, (3, 0): 0.09047499371701433, (3, 1): 0.0965924335927019, (3, 2): 0.10135135135135136, (3, 3): 0.1057890096973259, (3, 4): 0.11104256631708821, (3, 5): 0.11594202898550725, (3, 6): 0.11920529801324503, (3, 7): 0.12195121951219512, (3, 8): 0.12354152367879204, (3, 9): 0.1243953006219765, (3, 10): 0.12358393408856849, (3, 11): 0.12186865267433988, (3, 12): 0.11932383162081538, (3, 13): 0.11534764498558155, (3, 14): 0.11166253101736973, (3, 15): 0.1064773735581189, (3, 16): 0.10166619598983338, (3, 17): 0.09630818619582665, (3, 18): 0.09088613986367079, (4, 0): 0.0934094447327452, (4, 1): 0.09895547003848268, (4, 2): 0.10585122022934432, (4, 3): 0.11107682813946312, (4, 4): 0.1159047005795235, (4, 5): 0.12153950033760973, (4, 6): 0.12600630031501575, (4, 7): 0.12940330697340044, (4, 8): 0.13181984621017942, (4, 9): 0.13230429988974643, (4, 10): 0.13181984621017942, (4, 11): 0.12949640287769784, (4, 12): 0.12574222843171498, (4, 13): 0.12240734444066644, (4, 14): 0.11676938047356471, (4, 15): 0.11138613861386139, (4, 16): 0.10550996483001172, (4, 17): 0.09933774834437085, (4, 18): 0.0938722294654498, (5, 0): 0.09549071618037135, (5, 1): 0.10201190138849532, (5, 2): 0.10817307692307693, (5, 3): 0.11597938144329897, (5, 4): 0.12162162162162163, (5, 5): 0.12618296529968454, (5, 6): 0.13230429988974643, (5, 7): 0.13703844689760183, (5, 8): 0.13878180416345412, (5, 9): 0.1402961808261886, (5, 10): 0.13915732508697332, (5, 11): 0.1362088535754824, (5, 12): 0.13323464100666174, (5, 13): 0.12738853503184713, (5, 14): 0.12207527975584945, (5, 15): 0.11560693641618497, (5, 16): 0.1085972850678733, (5, 17): 0.10241820768136557, (5, 18): 0.09574468085106383, (6, 0): 0.09785267735797772, (6, 1): 0.1046207497820401, (6, 2): 0.11138613861386139, (6, 3): 0.11920529801324503, (6, 4): 0.12640449438202248, (6, 5): 0.13240161824200072, (6, 6): 0.13782542113323124, (6, 7): 0.14246141669964385, (6, 8): 0.146163215590743, (6, 9): 0.14652014652014653, (6, 10): 0.14527845036319612, (6, 11): 0.14331210191082802, (6, 12): 0.1382488479262673, (6, 13): 0.13284132841328414, (6, 14): 0.1259181532004197, (6, 15): 0.11869436201780416, (6, 16): 0.11207970112079702, (6, 17): 0.10431758910460737, (6, 18): 0.0966702470461869, (7, 0): 0.09936516698868342, (7, 1): 0.10644589000591366, (7, 2): 0.11396011396011396, (7, 3): 0.12100840336134454, (7, 4): 0.12954300107952502, (7, 5): 0.13714285714285715, (7, 6): 0.14240506329113925, (7, 7): 0.14735980352026198, (7, 8): 0.15037593984962405, (7, 9): 0.15151515151515152, (7, 10): 0.15107007973143097, (7, 11): 0.14760147601476015, (7, 12): 0.14285714285714285, (7, 13): 0.1366223908918406, (7, 14): 0.1288936627282492, (7, 15): 0.12178619756427606, (7, 16): 0.11356466876971609, (7, 17): 0.10644589000591366, (7, 18): 0.09879253567508232, (8, 0): 0.10019482326746451, (8, 1): 0.10771992818671454, (8, 2): 0.11516314779270634, (8, 3): 0.12337217272104181, (8, 4): 0.1308139534883721, (8, 5): 0.13904982618771727, (8, 6): 0.1462225832656377, (8, 7): 0.15031315240083507, (8, 8): 0.15286624203821655, (8, 9): 0.15530629853321828, (8, 10): 0.1541095890410959, (8, 11): 0.1506276150627615, (8, 12): 0.14557217953902143, (8, 13): 0.1382488479262673, (8, 14): 0.13181984621017942, (8, 15): 0.12269938650306748, (8, 16): 0.11512631915574033, (8, 17): 0.10711097887533472, (8, 18): 0.0995850622406639, (9, 0): 0.10033444816053512, (9, 1): 0.10788133053640996, (9, 2): 0.11605415860735009, (9, 3): 0.12396694214876033, (9, 4): 0.131916452913155, (9, 5): 0.13980582524271845, (9, 6): 0.14663951120162932, (9, 7): 0.15157894736842106, (9, 8): 0.15517241379310345, (9, 9): 0.15550755939524838, (9, 10): 0.15477214101461736, (9, 11): 0.1520912547528517, (9, 12): 0.14516129032258066, (9, 13): 0.14018691588785046, (9, 14): 0.13133892739875958, (9, 15): 0.12392426850258176, (9, 16): 0.11490584104691988, (9, 17): 0.10714285714285714, (9, 18): 0.1005586592178771, (10, 0): 0.10011123470522804, (10, 1): 0.10752688172043011, (10, 2): 0.11556982343499198, (10, 3): 0.12366884232222604, (10, 4): 0.13138686131386862, (10, 5): 0.13878180416345412, (10, 6): 0.14516129032258066, (10, 7): 0.1511969760604788, (10, 8): 0.15417558886509636, (10, 9): 0.15470562956596476, (10, 10): 0.1534526854219949, (10, 11): 0.14962593516209477, (10, 12): 0.146163215590743, (10, 13): 0.13771996939556236, (10, 14): 0.13129102844638948, (10, 15): 0.12228260869565218, (10, 16): 0.11534764498558155, (10, 17): 0.10775217000897935, (10, 18): 0.1000555864369094, (11, 0): 0.09873834339001646, (11, 1): 0.10676156583629894, (11, 2): 0.11374407582938388, (11, 3): 0.12203389830508475, (11, 4): 0.12829650748396293, (11, 5): 0.13610586011342155, (11, 6): 0.14291385470424772, (11, 7): 0.14699877501020825, (11, 8): 0.1507537688442211, (11, 9): 0.1521555367709214, (11, 10): 0.15025041736227046, (11, 11): 0.1474805407619828, (11, 12): 0.1415650806134487, (11, 13): 0.13651877133105803, (11, 14): 0.12884753042233357, (11, 15): 0.12178619756427606, (11, 16): 0.11388801012337868, (11, 17): 0.10672991402312482, (11, 18): 0.09939260077305356, (12, 0): 0.09795918367346938, (12, 1): 0.10440835266821345, (12, 2): 0.11225444340505145, (12, 3): 0.11791680314444808, (12, 4): 0.12605042016806722, (12, 5): 0.13318534961154274, (12, 6): 0.13782542113323124, (12, 7): 0.14246141669964385, (12, 8): 0.14521984671238403, (12, 9): 0.14652014652014653, (12, 10): 0.1462225832656377, (12, 11): 0.14189988175009854, (12, 12): 0.13761467889908258, (12, 13): 0.13211009174311927, (12, 14): 0.12609457092819615, (12, 15): 0.11904761904761904, (12, 16): 0.11218448114677469, (12, 17): 0.10465116279069768, (12, 18): 0.09795918367346938, (13, 0): 0.0959744068248467, (13, 1): 0.10253489034463116, (13, 2): 0.1084664055438385, (13, 3): 0.11560693641618497, (13, 4): 0.12211668928086838, (13, 5): 0.12761432116270827, (13, 6): 0.13279232755440798, (13, 7): 0.13528748590755355, (13, 8): 0.1386748844375963, (13, 9): 0.13986013986013987, (13, 10): 0.13846153846153847, (13, 11): 0.13590033975084936, (13, 12): 0.13196480938416422, (13, 13): 0.12707377338510412, (13, 14): 0.1217450118363206, (13, 15): 0.11594202898550725, (13, 16): 0.1089588377723971, (13, 17): 0.10256410256410256, (13, 18): 0.09594882729211088, (14, 0): 0.09401932619482893, (14, 1): 0.09928295642581357, (14, 2): 0.1053247513165594, (14, 3): 0.11162790697674418, (14, 4): 0.11692107827216629, (14, 5): 0.12032085561497326, (14, 6): 0.1245674740484429, (14, 7): 0.12954300107952502, (14, 8): 0.13143483023001096, (14, 9): 0.13100436681222707, (14, 10): 0.13038754074610648, (14, 11): 0.1291248206599713, (14, 12): 0.12600630031501575, (14, 13): 0.12162162162162163, (14, 14): 0.11601675797615212, (14, 15): 0.11042944785276074, (14, 16): 0.10566480774875257, (14, 17): 0.0995850622406639, (14, 18): 0.09399477806788512, (15, 0): 0.09086320040383644, (15, 1): 0.09635974304068523, (15, 2): 0.10189640532125673, (15, 3): 0.10644589000591366, (15, 4): 0.11012542061792598, (15, 5): 0.11435832274459974, (15, 6): 0.11904761904761904, (15, 7): 0.12199254490003389, (15, 8): 0.1232876712328767, (15, 9): 0.12228260869565218, (15, 10): 0.12228260869565218, (15, 11): 0.12137559002022927, (15, 12): 0.11924478304074197, (15, 13): 0.11597938144329897, (15, 14): 0.11114541525162087, (15, 15): 0.10572687224669604, (15, 16): 0.10078387458006718, (15, 17): 0.0949367088607595, (15, 18): 0.09111617312072894, (16, 0): 0.0882136731193335, (16, 1): 0.09304729904368053, (16, 2): 0.09727100783572007, (16, 3): 0.10058675607711651, (16, 4): 0.10431758910460737, (16, 5): 0.10902483343428225, (16, 6): 0.11221945137157108, (16, 7): 0.11378002528445007, (16, 8): 0.11475932419509086, (16, 9): 0.11579285944033452, (16, 10): 0.11432200698634487, (16, 11): 0.11335012594458438, (16, 12): 0.11190550202051601, (16, 13): 0.10872848082150408, (16, 14): 0.10566480774875257, (16, 15): 0.10137989298789074, (16, 16): 0.09664429530201342, (16, 17): 0.0920951650038373, (16, 18): 0.08704061895551257, (17, 0): 0.08528784648187633, (17, 1): 0.08895478131949593, (17, 2): 0.09197751660705161, (17, 3): 0.09549071618037135, (17, 4): 0.0997229916897507, (17, 5): 0.10256410256410256, (17, 6): 0.10443864229765012, (17, 7): 0.10603829160530191, (17, 8): 0.1073345259391771, (17, 9): 0.1073345259391771, (17, 10): 0.10775217000897935, (17, 11): 0.10588235294117647, (17, 12): 0.10413653456754411, (17, 13): 0.10230179028132992, (17, 14): 0.09936516698868342, (17, 15): 0.0966183574879227, (17, 16): 0.0926164136866478, (17, 17): 0.08843036109064112, (17, 18): 0.08450704225352113, (18, 0): 0.08176243470361118, (18, 1): 0.08440797186400938, (18, 2): 0.08748481166464156, (18, 3): 0.0912316269640142, (18, 4): 0.09102402022756005, (18, 5): 0.0959744068248467, (18, 6): 0.09737625101433595, (18, 7): 0.09811937857726902, (18, 8): 0.1, (18, 9): 0.1003904071388734, (18, 10): 0.09986130374479889, (18, 11): 0.09801252382248843, (18, 12): 0.09721847150958682, (18, 13): 0.09554140127388536, (18, 14): 0.09377442042198489, (18, 15): 0.09093205354887599, (18, 16): 0.08843036109064112, (18, 17): 0.08490566037735849, (18, 18): 0.08131917777275807}
betweenness centrality: {(0, 0): 1.0647387620460973e-05, (0, 1): 0.0005596276091073101, (0, 2): 0.00445948528475324, (0, 3): 0.002527424563041955, (0, 4): 0.00283669936696401, (0, 5): 0.002165533042086136, (0, 6): 0.0024294892608442047, (0, 7): 0.0009524322911959757, (0, 8): 0.0036465948907246468, (0, 9): 0.002954260524170503, (0, 10): 0.0029911738884425528, (0, 11): 0.002864895433193748, (0, 12): 0.0029500246263828014, (0, 13): 0.003621871508380735, (0, 14): 0.0037242656517788852, (0, 15): 0.0030848929927149893, (0, 16): 0.0038799293245665016, (0, 17): 0.0005099522171484958, (0, 18): 0.0, (1, 0): 0.003388899690941745, (1, 1): 0.005774521217536733, (1, 2): 0.0027693941352033655, (1, 3): 0.014683016800667121, (1, 4): 0.010891520373729301, (1, 5): 0.012586019106368895, (1, 6): 0.009039904559314365, (1, 7): 0.015214426608552403, (1, 8): 0.010852331898985882, (1, 9): 0.012029738021468115, (1, 10): 0.013888616733491163, (1, 11): 0.013744191826875673, (1, 12): 0.012307430711466527, (1, 13): 0.010957148362280525, (1, 14): 0.011321160861154953, (1, 15): 0.012761466370478883, (1, 16): 0.002765849304528339, (1, 17): 0.008850492945137707, (1, 18): 0.00151638943201763, (2, 0): 0.0006482565403532022, (2, 1): 0.013705140383197926, (2, 2): 0.01494516197361529, (2, 3): 0.009785426316930237, (2, 4): 0.02346841621624825, (2, 5): 0.019872236190221368, (2, 6): 0.02674080855321057, (2, 7): 0.025519694700787545, (2, 8): 0.023469760036897002, (2, 9): 0.020159343142778296, (2, 10): 0.021320959229869225, (2, 11): 0.022773812016698754, (2, 12): 0.023253929961857857, (2, 13): 0.016957121455747855, (2, 14): 0.019900048346530322, (2, 15): 0.009458856848559018, (2, 16): 0.014915625591009967, (2, 17): 0.01063076320274169, (2, 18): 0.0014486060639732922, (3, 0): 0.0025128290117511225, (3, 1): 0.007858141438962246, (3, 2): 0.020677168492104755, (3, 3): 0.01942924230792123, (3, 4): 0.020649736651079005, (3, 5): 0.03207270895043142, (3, 6): 0.03914738293591262, (3, 7): 0.033799347861277466, (3, 8): 0.02654340933844119, (3, 9): 0.03484577442053816, (3, 10): 0.027041220319825646, (3, 11): 0.028167345445078318, (3, 12): 0.029512742066271743, (3, 13): 0.018715315742635876, (3, 14): 0.015906614068248573, (3, 15): 0.022454480602509687, (3, 16): 0.018827287728128483, (3, 17): 0.009430070820930373, (3, 18): 0.001244381595473009, (4, 0): 0.0023465857623702784, (4, 1): 0.009140651927062786, (4, 2): 0.020407462908918827, (4, 3): 0.027749816788229287, (4, 4): 0.020369269503709507, (4, 5): 0.02529642298280039, (4, 6): 0.028207704892023244, (4, 7): 0.03830754373671787, (4, 8): 0.03500451339838212, (4, 9): 0.03679131780977974, (4, 10): 0.04061499683809003, (4, 11): 0.03485986361719641, (4, 12): 0.023345274417841483, (4, 13): 0.03469986084985937, (4, 14): 0.0295978580400696, (4, 15): 0.02548426210674327, (4, 16): 0.01622341931196351, (4, 17): 0.011847949540972645, (4, 18): 0.0019861534559972474, (5, 0): 0.0, (5, 1): 0.01609833994543815, (5, 2): 0.01292647865530097, (5, 3): 0.03169571423212849, (5, 4): 0.03501121232936434, (5, 5): 0.008348002754783415, (5, 6): 0.029345592666335234, (5, 7): 0.04533006186402249, (5, 8): 0.03143312367048027, (5, 9): 0.046032674322476035, (5, 10): 0.042903813155096046, (5, 11): 0.026840300406490547, (5, 12): 0.04438935964127988, (5, 13): 0.028921905379489323, (5, 14): 0.03607717652196591, (5, 15): 0.030226002356602204, (5, 16): 0.023123852593046425, (5, 17): 0.009978740027289627, (5, 18): 0.0019011503885690015, (6, 0): 0.0026192395710726447, (6, 1): 0.013312146336553452, (6, 2): 0.023538321568049476, (6, 3): 0.018349244787797887, (6, 4): 0.030391336333381522, (6, 5): 0.04390682872260356, (6, 6): 0.03202338881195961, (6, 7): 0.0291152399818589, (6, 8): 0.054215797765370846, (6, 9): 0.04189168144491854, (6, 10): 0.0403527280279566, (6, 11): 0.047271046848484106, (6, 12): 0.04426382747568828, (6, 13): 0.04554108756201261, (6, 14): 0.027983508412966648, (6, 15): 0.026141713814699832, (6, 16): 0.024027817420423488, (6, 17): 0.010582943574849827, (6, 18): 0.0011737474112607444, (7, 0): 0.003082637463238979, (7, 1): 0.014765331853378659, (7, 2): 0.025003975821988496, (7, 3): 0.024627668069828145, (7, 4): 0.03311825625300655, (7, 5): 0.050334840594518745, (7, 6): 0.05157502964916092, (7, 7): 0.04102123618232284, (7, 8): 0.03640508027573907, (7, 9): 0.042218260847361605, (7, 10): 0.04069118626329557, (7, 11): 0.04801642830958284, (7, 12): 0.04915222519110075, (7, 13): 0.04752070984596957, (7, 14): 0.03416743586831035, (7, 15): 0.03142098177178134, (7, 16): 0.012505437895269469, (7, 17): 0.013105872194985399, (7, 18): 0.00448349012802588, (8, 0): 0.0037375733521514093, (8, 1): 0.014216526930247981, (8, 2): 0.02274110522749468, (8, 3): 0.032018602124838105, (8, 4): 0.028902407746971455, (8, 5): 0.04335831008409597, (8, 6): 0.05059406057435723, (8, 7): 0.046950641438333815, (8, 8): 0.03422794726464989, (8, 9): 0.05020464954047856, (8, 10): 0.055494711864573894, (8, 11): 0.035834162863159144, (8, 12): 0.049317859758829706, (8, 13): 0.02992704575704797, (8, 14): 0.0451634138908661, (8, 15): 0.01584121663895309, (8, 16): 0.028642234176945447, (8, 17): 0.016076866386142794, (8, 18): 0.0018302120669145684, (9, 0): 0.0037476123795411, (9, 1): 0.016955747858437526, (9, 2): 0.018353732043354137, (9, 3): 0.03156070981345609, (9, 4): 0.03367311077798486, (9, 5): 0.030734903743260367, (9, 6): 0.04629847383802846, (9, 7): 0.03504091394898219, (9, 8): 0.057145061534942795, (9, 9): 0.046560280795717716, (9, 10): 0.04885257014793619, (9, 11): 0.06592525250506165, (9, 12): 0.017331380141576307, (9, 13): 0.05303597535885738, (9, 14): 0.01922865259085711, (9, 15): 0.02996504552698984, (9, 16): 0.02057226713804782, (9, 17): 0.008035356428790717, (9, 18): 0.005421956328576528, (10, 0): 0.004706384596706127, (10, 1): 0.011439934040200241, (10, 2): 0.02402789324720848, (10, 3): 0.026910202957536152, (10, 4): 0.03999085337468166, (10, 5): 0.032524674950252325, (10, 6): 0.031577343753458526, (10, 7): 0.06487454388177304, (10, 8): 0.052264195322654035, (10, 9): 0.0471287558142484, (10, 10): 0.0528824810150982, (10, 11): 0.02835731360016474, (10, 12): 0.06167886165273399, (10, 13): 0.024013124542433397, (10, 14): 0.039702353449519126, (10, 15): 0.01080546402060945, (10, 16): 0.020521833506728898, (10, 17): 0.01912726136787692, (10, 18): 0.002877642292831989, (11, 0): 0.0013900264796971986, (11, 1): 0.018272689287234405, (11, 2): 0.01642577406078141, (11, 3): 0.03606474749660609, (11, 4): 0.021383986154285644, (11, 5): 0.04726778289375689, (11, 6): 0.06535846592253997, (11, 7): 0.026936633787259485, (11, 8): 0.05393603080843201, (11, 9): 0.055641698103626555, (11, 10): 0.030690091924957922, (11, 11): 0.06902818776832918, (11, 12): 0.035671428279903966, (11, 13): 0.048510537284200184, (11, 14): 0.017361385194921065, (11, 15): 0.03821513684941362, (11, 16): 0.012620498677800534, (11, 17): 0.018226011524118364, (11, 18): 0.003358858396061087, (12, 0): 0.0035022663115520792, (12, 1): 0.009684953084506344, (12, 2): 0.029398683724378906, (12, 3): 0.016595081466889063, (12, 4): 0.04008402661613425, (12, 5): 0.051451024245835995, (12, 6): 0.025695287208273545, (12, 7): 0.04306889077854532, (12, 8): 0.033436721671346585, (12, 9): 0.05345047296039101, (12, 10): 0.06837135489953274, (12, 11): 0.026965906098582827, (12, 12): 0.03219234979294751, (12, 13): 0.039677302033865686, (12, 14): 0.029056989185706712, (12, 15): 0.028646353830395887, (12, 16): 0.024773229199596423, (12, 17): 0.01034574481985658, (12, 18): 0.004024929388734585, (13, 0): 0.0031754504765398165, (13, 1): 0.013928400998581725, (13, 2): 0.011119538427941519, (13, 3): 0.028393922549946174, (13, 4): 0.035057541514502244, (13, 5): 0.04475275093620609, (13, 6): 0.026448006591485145, (13, 7): 0.015301743433823194, (13, 8): 0.039893042008116074, (13, 9): 0.060971110430854104, (13, 10): 0.030009846828513435, (13, 11): 0.03627636559543383, (13, 12): 0.042218779407699955, (13, 13): 0.017557602224143508, (13, 14): 0.029985062070265057, (13, 15): 0.03662798045488865, (13, 16): 0.018870926871934215, (13, 17): 0.01295031872560993, (13, 18): 0.0032621763375787136, (14, 0): 0.003391784676378434, (14, 1): 0.012301303463103055, (14, 2): 0.013524070657281754, (14, 3): 0.026545020567661125, (14, 4): 0.032179243021425406, (14, 5): 0.012313098086838373, (14, 6): 0.023136060529507407, (14, 7): 0.05309132072808178, (14, 8): 0.033475194358598775, (14, 9): 0.017684328354753195, (14, 10): 0.04205860699668992, (14, 11): 0.03243651838563477, (14, 12): 0.026069716804116672, (14, 13): 0.04102234866295441, (14, 14): 0.025452403184890275, (14, 15): 0.016601206730204376, (14, 16): 0.010138322854433618, (14, 17): 0.015119059025798316, (14, 18): 0.003861189350053341, (15, 0): 0.0024479279671958095, (15, 1): 0.01035608376417901, (15, 2): 0.018968746771803213, (15, 3): 0.01685712517321351, (15, 4): 0.02121927581169095, (15, 5): 0.02609997500137931, (15, 6): 0.027843691383457617, (15, 7): 0.02817749048191422, (15, 8): 0.034724017297309624, (15, 9): 0.022336389004563775, (15, 10): 0.02143325661644986, (15, 11): 0.033429564199127196, (15, 12): 0.024433434846209495, (15, 13): 0.03826424032481792, (15, 14): 0.03145834663422369, (15, 15): 0.015291194951635037, (15, 16): 0.017601386941818547, (15, 17): 0.005509058579829488, (15, 18): 0.0038167625913733756, (16, 0): 0.0017977581383999848, (16, 1): 0.009597283365076316, (16, 2): 0.01546133929904426, (16, 3): 0.01177802688965365, (16, 4): 0.01566850743752508, (16, 5): 0.0214688399198941, (16, 6): 0.02632622346015605, (16, 7): 0.025356962505324872, (16, 8): 0.019804482910782528, (16, 9): 0.02836967648885285, (16, 10): 0.02313397511029894, (16, 11): 0.022014477777112126, (16, 12): 0.02876844588521781, (16, 13): 0.014954318804850047, (16, 14): 0.015017002797934682, (16, 15): 0.02028580860082178, (16, 16): 0.013888670198930024, (16, 17): 0.008235934252881683, (16, 18): 0.0017828596544701403, (17, 0): 0.001214210164649855, (17, 1): 0.006584045052462631, (17, 2): 0.006620700236979139, (17, 3): 0.011462327124866632, (17, 4): 0.018761650076131703, (17, 5): 0.011093921725202401, (17, 6): 0.01271794960745734, (17, 7): 0.014121366867165933, (17, 8): 0.013123387110423958, (17, 9): 0.01028431703863904, (17, 10): 0.012294396736313192, (17, 11): 0.01721141626524193, (17, 12): 0.012158505677575926, (17, 13): 0.01158830913982387, (17, 14): 0.011314703153766889, (17, 15): 0.011571627435515727, (17, 16): 0.010346276995718053, (17, 17): 0.006151747128318276, (17, 18): 0.0011687894864902567, (18, 0): 0.0, (18, 1): 0.0012754021450517685, (18, 2): 0.002450639963855995, (18, 3): 0.0022525311287676614, (18, 4): 0.0, (18, 5): 0.0019270067321329896, (18, 6): 0.0017322347364265504, (18, 7): 0.001147529661975082, (18, 8): 0.0050572252975673694, (18, 9): 0.003923401792065818, (18, 10): 0.0038427789696396965, (18, 11): 0.001137247930138175, (18, 12): 0.002481545690533356, (18, 13): 0.003042078675801478, (18, 14): 0.003229184037159666, (18, 15): 0.002326160800017824, (18, 16): 0.0019835216757547853, (18, 17): 0.0013394437262464253, (18, 18): 3.868771278242031e-06}
katz centrality: {(0, 0): 0.025668053024829413, (0, 1): 0.0252869280750919, (0, 2): 0.0358180163825053, (0, 3): 0.03752004150066411, (0, 4): 0.034826215556975196, (0, 5): 0.034431767361050844, (0, 6): 0.03799973878627816, (0, 7): 0.03392066764259942, (0, 8): 0.038743405755655914, (0, 9): 0.03941978649505081, (0, 10): 0.04012591388663101, (0, 11): 0.040756521670371214, (0, 12): 0.04017069056562006, (0, 13): 0.03931982653093293, (0, 14): 0.03894946469358024, (0, 15): 0.03821549480750689, (0, 16): 0.03727230708154758, (0, 17): 0.030577661158226906, (0, 18): 0.027189269605358942, (1, 0): 0.0323906523796144, (1, 1): 0.04001039082961796, (1, 2): 0.04299548997314392, (1, 3): 0.053374754482565234, (1, 4): 0.04919337964748159, (1, 5): 0.04918142097507114, (1, 6): 0.04895057523770768, (1, 7): 0.054520397682382586, (1, 8): 0.05110015250818369, (1, 9): 0.04948049426437284, (1, 10): 0.055755339571694734, (1, 11): 0.05685443790085061, (1, 12): 0.055666275814945786, (1, 13): 0.050117284775130125, (1, 14): 0.04930199049608324, (1, 15): 0.05354749136217921, (1, 16): 0.04409113547770879, (1, 17): 0.04729872904588422, (1, 18): 0.03502374688550843, (2, 0): 0.02702091557694194, (2, 1): 0.04692767732569292, (2, 2): 0.05731146024642365, (2, 3): 0.05657791943782169, (2, 4): 0.06051246311666704, (2, 5): 0.05569807605510189, (2, 6): 0.06040281467296079, (2, 7): 0.06005638629276389, (2, 8): 0.055037676963706476, (2, 9): 0.05475081866393436, (2, 10): 0.05563010849883588, (2, 11): 0.06154275537293074, (2, 12): 0.059904214663506775, (2, 13): 0.04900446770614548, (2, 14): 0.05916534881260015, (2, 15): 0.055825252083917795, (2, 16): 0.053661361204877356, (2, 17): 0.051923412311122755, (2, 18): 0.034255837770521484, (3, 0): 0.031898267100142194, (3, 1): 0.04992732054389022, (3, 2): 0.060627984743327215, (3, 3): 0.0636805061642074, (3, 4): 0.06208608701357502, (3, 5): 0.05633992842687674, (3, 6): 0.06027210773441665, (3, 7): 0.06001669536131741, (3, 8): 0.05127088380299364, (3, 9): 0.061459265900139955, (3, 10): 0.05826220042981927, (3, 11): 0.0574654143504657, (3, 12): 0.056897003535218746, (3, 13): 0.052501948215410606, (3, 14): 0.05864873719547716, (3, 15): 0.06371375732768797, (3, 16): 0.061221275476302975, (3, 17): 0.049319930498729556, (3, 18): 0.035369547787724984, (4, 0): 0.03375233007257616, (4, 1): 0.049289545844043686, (4, 2): 0.060473381142726594, (4, 3): 0.06309947776449613, (4, 4): 0.05712372921306671, (4, 5): 0.04883621099354243, (4, 6): 0.04831144749900937, (4, 7): 0.05406695907862432, (4, 8): 0.05175611860472899, (4, 9): 0.0633661537691866, (4, 10): 0.06552613930422438, (4, 11): 0.05951889797334106, (4, 12): 0.05789916273615129, (4, 13): 0.06464256358567672, (4, 14): 0.06576689619672427, (4, 15): 0.0658790467687843, (4, 16): 0.057977096574225895, (4, 17): 0.054920339029714244, (4, 18): 0.03853923707371337, (5, 0): 0.029272855053271183, (5, 1): 0.047415608273715514, (5, 2): 0.049808007600089084, (5, 3): 0.06189280152952685, (5, 4): 0.05630972127447274, (5, 5): 0.041880669329497404, (5, 6): 0.051697236406425914, (5, 7): 0.05391527876758946, (5, 8): 0.05274871114480117, (5, 9): 0.06574427420646214, (5, 10): 0.06790138533472646, (5, 11): 0.0625512421141327, (5, 12): 0.06715928731516796, (5, 13): 0.06181395342226223, (5, 14): 0.06674608827638477, (5, 15): 0.06473030821158911, (5, 16): 0.060993749465480855, (5, 17): 0.04858898073786656, (5, 18): 0.03820101371912842, (6, 0): 0.03804310090444006, (6, 1): 0.048277282390586373, (6, 2): 0.05605502836554123, (6, 3): 0.05844591643336069, (6, 4): 0.058620194537545384, (6, 5): 0.05608632330921933, (6, 6): 0.05488291612280706, (6, 7): 0.05636694586569502, (6, 8): 0.06307860513463412, (6, 9): 0.0658716144294397, (6, 10): 0.06820145537891001, (6, 11): 0.06924151720759852, (6, 12): 0.06897117966338859, (6, 13): 0.06796179748515872, (6, 14): 0.059975791900268506, (6, 15): 0.05769796622941405, (6, 16): 0.053273887740638744, (6, 17): 0.04787731039860568, (6, 18): 0.03309171098741441, (7, 0): 0.03996532079392374, (7, 1): 0.05650738356893376, (7, 2): 0.06276798874752035, (7, 3): 0.06472001853829602, (7, 4): 0.06510085237673437, (7, 5): 0.06465375294987405, (7, 6): 0.06360824725367349, (7, 7): 0.05771447169134539, (7, 8): 0.058728669578129576, (7, 9): 0.060703526698908744, (7, 10): 0.06261695785385477, (7, 11): 0.06839147698000729, (7, 12): 0.06762962847182732, (7, 13): 0.06597033467376148, (7, 14): 0.06235915216455636, (7, 15): 0.05529971299785061, (7, 16): 0.047882300314040276, (7, 17): 0.04837395631698441, (7, 18): 0.037257246054573576, (8, 0): 0.04066710683156366, (8, 1): 0.05716577527974376, (8, 2): 0.0631396734120486, (8, 3): 0.0643762505227231, (8, 4): 0.05970172202351687, (8, 5): 0.06541178648883819, (8, 6): 0.06413292842243606, (8, 7): 0.05784078872254951, (8, 8): 0.05824172642768871, (8, 9): 0.06619092953841023, (8, 10): 0.06772970753790515, (8, 11): 0.06155031850230666, (8, 12): 0.058981446220312164, (8, 13): 0.05623565502176964, (8, 14): 0.05859613684636365, (8, 15): 0.04286156752700705, (8, 16): 0.05421933581925464, (8, 17): 0.05096558507229056, (8, 18): 0.033271338806470686, (9, 0): 0.03921258735485012, (9, 1): 0.0548274423542154, (9, 2): 0.055577690770411886, (9, 3): 0.05646162537467176, (9, 4): 0.05730037502006117, (9, 5): 0.05779362652189444, (9, 6): 0.06283380135622153, (9, 7): 0.05248025027599419, (9, 8): 0.0599169596837249, (9, 9): 0.0676898978464041, (9, 10): 0.06728929079351634, (9, 11): 0.06387211820167361, (9, 12): 0.04984895619217597, (9, 13): 0.05355907021739955, (9, 14): 0.04540071268764221, (9, 15): 0.045282604209679694, (9, 16): 0.049047778788283855, (9, 17): 0.04348729400244002, (9, 18): 0.03712404165688842, (10, 0): 0.03382040913189436, (10, 1): 0.046652580987114285, (10, 2): 0.053046040810557436, (10, 3): 0.05416100080963211, (10, 4): 0.05562131643385779, (10, 5): 0.05694548843617933, (10, 6): 0.056698010097380444, (10, 7): 0.05804257563297312, (10, 8): 0.06471812323410323, (10, 9): 0.06745299647115037, (10, 10): 0.0663666858135724, (10, 11): 0.05304769505977112, (10, 12): 0.054914522933206214, (10, 13): 0.05193419036342866, (10, 14): 0.046087235632769195, (10, 15): 0.040104413944203464, (10, 16): 0.049425648202593896, (10, 17): 0.05042138435107898, (10, 18): 0.034102255372634026, (11, 0): 0.0330060026311859, (11, 1): 0.05216550001472238, (11, 2): 0.05270398960241563, (11, 3): 0.05449570999883288, (11, 4): 0.0501146907239583, (11, 5): 0.06006277921333621, (11, 6): 0.060152416755071776, (11, 7): 0.05215685409415839, (11, 8): 0.0646336359632651, (11, 9): 0.06581550340939207, (11, 10): 0.05910730900355571, (11, 11): 0.06039948838629087, (11, 12): 0.054449499435132366, (11, 13): 0.05608934757199122, (11, 14): 0.042119748411357856, (11, 15): 0.052894836589865095, (11, 16): 0.04651563042689502, (11, 17): 0.05099727475196296, (11, 18): 0.03452136134512176, (12, 0): 0.0374927859451258, (12, 1): 0.047588772256146654, (12, 2): 0.05835185981881384, (12, 3): 0.05574687317399903, (12, 4): 0.0619656428251238, (12, 5): 0.05572234225468911, (12, 6): 0.04441532564313176, (12, 7): 0.05848823321489964, (12, 8): 0.057885562712893704, (12, 9): 0.0627839518991107, (12, 10): 0.05621421003229969, (12, 11): 0.0476856289673695, (12, 12): 0.05321677365403169, (12, 13): 0.055900417418633996, (12, 14): 0.04327852890738244, (12, 15): 0.051233087936349106, (12, 16): 0.051191513473130244, (12, 17): 0.04707846934855923, (12, 18): 0.03772392603564658, (13, 0): 0.03366727438378203, (13, 1): 0.04950775120145116, (13, 2): 0.050025726838768596, (13, 3): 0.06229171613783223, (13, 4): 0.0630225468291079, (13, 5): 0.059207210955512395, (13, 6): 0.04370557628081068, (13, 7): 0.047250057328527745, (13, 8): 0.05569034440716737, (13, 9): 0.06029454517697394, (13, 10): 0.049205849321589626, (13, 11): 0.047063114516334346, (13, 12): 0.05176429479917889, (13, 13): 0.04688650099775028, (13, 14): 0.052206921445545486, (13, 15): 0.05670120708381867, (13, 16): 0.05170846296890875, (13, 17): 0.04750206962988234, (13, 18): 0.03814752631696971, (14, 0): 0.03906643485116829, (14, 1): 0.05353219182140968, (14, 2): 0.05002718151910881, (14, 3): 0.061834317270210215, (14, 4): 0.06295045413922008, (14, 5): 0.05151435257052215, (14, 6): 0.04978331004854863, (14, 7): 0.05739536009050793, (14, 8): 0.05381317468479007, (14, 9): 0.04915545449094388, (14, 10): 0.059204345256974676, (14, 11): 0.05394200846055363, (14, 12): 0.04282809868299739, (14, 13): 0.053955945013145476, (14, 14): 0.05512096813440494, (14, 15): 0.05450697472465701, (14, 16): 0.04877305428383898, (14, 17): 0.05229720771801212, (14, 18): 0.037881031473627064, (15, 0): 0.03992171065963336, (15, 1): 0.05504286148143678, (15, 2): 0.05907041831477807, (15, 3): 0.05145439389618334, (15, 4): 0.0605081760631333, (15, 5): 0.060679268705729386, (15, 6): 0.05536515280145476, (15, 7): 0.05467919639778977, (15, 8): 0.05467422999202025, (15, 9): 0.055369841513120396, (15, 10): 0.05702010913234127, (15, 11): 0.06099997099391973, (15, 12): 0.05516984162122788, (15, 13): 0.059168999736771914, (15, 14): 0.06024936443260543, (15, 15): 0.05542770994353562, (15, 16): 0.05809642143548786, (15, 17): 0.04401317654274325, (15, 18): 0.037857775564693344, (16, 0): 0.038813014758788386, (16, 1): 0.05377004471956055, (16, 2): 0.05723505920595077, (16, 3): 0.048815574269950625, (16, 4): 0.053952955004571035, (16, 5): 0.05488788581097629, (16, 6): 0.05883784165489774, (16, 7): 0.05839610634212801, (16, 8): 0.05420845939160078, (16, 9): 0.059411344443141445, (16, 10): 0.061031913460211897, (16, 11): 0.06124910823152114, (16, 12): 0.06056172612939955, (16, 13): 0.05445123756493468, (16, 14): 0.050360256825033915, (16, 15): 0.06050899341960096, (16, 16): 0.058028764040790964, (16, 17): 0.0484157747177299, (16, 18): 0.03697800623085127, (17, 0): 0.035884445087131046, (17, 1): 0.04451852667615225, (17, 2): 0.04822185204776519, (17, 3): 0.05246436168971107, (17, 4): 0.05166331641419794, (17, 5): 0.0488795885018091, (17, 6): 0.046642307955709006, (17, 7): 0.04985635106941088, (17, 8): 0.0507049651944272, (17, 9): 0.04977709482748407, (17, 10): 0.052334271956238666, (17, 11): 0.05516483454038232, (17, 12): 0.05121585551752028, (17, 13): 0.04920485412374757, (17, 14): 0.054758759920298265, (17, 15): 0.05547265421215806, (17, 16): 0.05370344442212957, (17, 17): 0.04565690675055446, (17, 18): 0.034843869768821915, (18, 0): 0.02746780331637205, (18, 1): 0.0352825024364673, (18, 2): 0.03773983827328248, (18, 3): 0.03791858091875904, (18, 4): 0.030103881798663787, (18, 5): 0.030617777183568586, (18, 6): 0.03320124203020043, (18, 7): 0.027641613811105515, (18, 8): 0.03758002916117586, (18, 9): 0.03882770774536105, (18, 10): 0.03888815735031481, (18, 11): 0.03378510546971221, (18, 12): 0.03358964832493473, (18, 13): 0.03874913015153536, (18, 14): 0.03972962466488285, (18, 15): 0.04011828927711936, (18, 16): 0.03852585058775487, (18, 17): 0.03131465225161727, (18, 18): 0.027080798773496353}
;
