225 742 3
4 2 1
0 2 1
15
param Vertices :=
1 0.0
2 0.1
3 0.2
4 0.3
5 0.4
6 0.5
7 0.6
8 0.7
9 0.8
10 0.9
11 0.10
12 0.11
13 0.12
14 0.13
15 0.14
16 1.0
17 1.1
18 1.2
19 1.3
20 1.4
21 1.5
22 1.6
23 1.7
24 1.8
25 1.9
26 1.10
27 1.11
28 1.12
29 1.13
30 1.14
31 2.0
32 2.1
33 2.2
34 2.3
35 2.4
36 2.5
37 2.6
38 2.7
39 2.8
40 2.9
41 2.10
42 2.11
43 2.12
44 2.13
45 2.14
46 3.0
47 3.1
48 3.2
49 3.3
50 3.4
51 3.5
52 3.6
53 3.7
54 3.8
55 3.9
56 3.10
57 3.11
58 3.12
59 3.13
60 3.14
61 4.0
62 4.1
63 4.2
64 4.3
65 4.4
66 4.5
67 4.6
68 4.7
69 4.8
70 4.9
71 4.10
72 4.11
73 4.12
74 4.13
75 4.14
76 5.0
77 5.1
78 5.2
79 5.3
80 5.4
81 5.5
82 5.6
83 5.7
84 5.8
85 5.9
86 5.10
87 5.11
88 5.12
89 5.13
90 5.14
91 6.0
92 6.1
93 6.2
94 6.3
95 6.4
96 6.5
97 6.6
98 6.7
99 6.8
100 6.9
101 6.10
102 6.11
103 6.12
104 6.13
105 6.14
106 7.0
107 7.1
108 7.2
109 7.3
110 7.4
111 7.5
112 7.6
113 7.7
114 7.8
115 7.9
116 7.10
117 7.11
118 7.12
119 7.13
120 7.14
121 8.0
122 8.1
123 8.2
124 8.3
125 8.4
126 8.5
127 8.6
128 8.7
129 8.8
130 8.9
131 8.10
132 8.11
133 8.12
134 8.13
135 8.14
136 9.0
137 9.1
138 9.2
139 9.3
140 9.4
141 9.5
142 9.6
143 9.7
144 9.8
145 9.9
146 9.10
147 9.11
148 9.12
149 9.13
150 9.14
151 10.0
152 10.1
153 10.2
154 10.3
155 10.4
156 10.5
157 10.6
158 10.7
159 10.8
160 10.9
161 10.10
162 10.11
163 10.12
164 10.13
165 10.14
166 11.0
167 11.1
168 11.2
169 11.3
170 11.4
171 11.5
172 11.6
173 11.7
174 11.8
175 11.9
176 11.10
177 11.11
178 11.12
179 11.13
180 11.14
181 12.0
182 12.1
183 12.2
184 12.3
185 12.4
186 12.5
187 12.6
188 12.7
189 12.8
190 12.9
191 12.10
192 12.11
193 12.12
194 12.13
195 12.14
196 13.0
197 13.1
198 13.2
199 13.3
200 13.4
201 13.5
202 13.6
203 13.7
204 13.8
205 13.9
206 13.10
207 13.11
208 13.12
209 13.13
210 13.14
211 14.0
212 14.1
213 14.2
214 14.3
215 14.4
216 14.5
217 14.6
218 14.7
219 14.8
220 14.9
221 14.10
222 14.11
223 14.12
224 14.13
225 14.14
;
param Edges :=
1 16
1 2
1 17
2 17
2 3
2 18
2 16
3 18
3 4
3 19
3 17
4 19
4 5
4 20
4 18
5 20
5 6
5 21
5 19
6 21
6 7
6 22
6 20
7 22
7 23
7 21
8 23
8 9
8 24
8 22
9 24
9 10
9 25
9 23
10 25
10 11
10 26
10 24
11 26
11 12
11 27
11 25
12 27
12 13
12 26
13 28
13 14
13 29
14 29
14 15
14 30
14 28
15 30
15 29
16 31
16 17
16 32
17 32
17 33
17 31
18 33
18 19
18 34
18 32
19 34
19 20
19 35
19 33
20 35
20 21
20 36
20 34
21 36
21 22
21 35
22 37
22 23
22 38
22 36
23 38
23 24
23 37
24 39
24 25
24 40
24 38
25 40
25 26
25 41
25 39
26 41
26 27
26 42
26 40
27 42
27 28
27 43
27 41
28 43
28 29
28 42
29 44
29 45
29 43
30 45
30 44
31 46
31 32
31 47
32 47
32 33
32 48
33 48
33 34
33 49
34 49
34 35
34 50
34 48
35 36
35 51
35 49
36 51
36 50
37 52
37 38
37 53
37 51
38 53
38 39
38 54
38 52
39 40
39 55
39 53
40 55
40 41
40 56
40 54
41 56
41 42
41 57
41 55
42 57
42 43
42 58
43 58
43 44
43 59
43 57
44 59
44 60
44 58
45 60
45 59
46 61
46 47
46 62
47 62
47 48
47 63
47 61
48 63
48 49
48 64
48 62
49 64
49 50
49 65
49 63
50 65
50 51
50 66
50 64
51 66
51 52
51 67
51 65
52 67
52 53
52 68
53 68
53 69
53 67
54 69
54 55
54 70
54 68
55 70
55 56
55 71
55 69
56 71
56 57
56 72
56 70
57 72
57 73
57 71
58 73
58 59
58 74
58 72
59 74
59 60
59 75
59 73
60 75
60 74
61 62
61 77
62 77
62 63
62 78
62 76
63 78
63 64
63 77
64 79
64 65
65 80
65 66
65 79
66 81
66 67
66 82
66 80
67 82
67 68
67 83
67 81
68 69
68 84
68 82
69 70
69 85
69 83
70 85
70 71
70 86
70 84
71 86
71 72
71 87
71 85
72 87
72 73
72 88
72 86
73 88
73 74
73 89
74 89
74 75
74 90
74 88
75 90
75 89
76 91
76 77
76 92
77 92
77 78
77 93
77 91
78 93
78 79
78 94
78 92
79 94
79 80
79 95
79 93
80 95
80 96
80 94
81 96
81 82
81 97
81 95
82 96
83 98
83 84
83 99
83 97
84 99
84 85
84 98
85 100
85 101
85 99
86 101
86 87
86 102
86 100
87 102
87 103
87 101
88 103
88 89
88 104
88 102
89 104
89 90
89 103
90 105
90 104
91 106
91 92
91 107
92 93
92 106
93 108
93 94
93 109
93 107
94 109
94 95
94 110
94 108
95 110
95 96
95 111
95 109
96 111
96 97
96 112
96 110
97 112
97 98
97 113
97 111
98 113
98 99
98 114
98 112
99 114
99 100
99 115
99 113
100 115
100 101
100 116
100 114
101 116
101 102
101 117
101 115
102 117
102 103
102 118
102 116
103 104
103 119
103 117
104 119
104 105
104 120
105 120
105 119
106 121
106 107
106 122
107 122
107 108
107 123
107 121
108 109
108 124
108 122
109 124
109 110
109 125
109 123
110 125
110 111
110 126
110 124
111 126
111 112
111 127
111 125
112 127
112 113
112 128
112 126
113 128
113 114
113 129
113 127
114 129
114 115
114 130
114 128
115 130
115 116
115 131
115 129
116 131
116 117
116 132
116 130
117 132
117 118
117 133
117 131
118 133
118 119
118 134
118 132
119 134
119 120
119 135
119 133
120 135
120 134
121 122
121 137
122 137
122 123
122 136
123 138
123 124
123 139
123 137
124 139
124 140
124 138
125 140
125 126
125 141
125 139
126 127
126 142
126 140
127 142
127 128
127 143
127 141
128 143
128 129
128 144
128 142
129 144
129 130
129 145
129 143
130 145
130 131
130 146
130 144
131 146
131 132
131 147
131 145
132 147
132 133
132 148
132 146
133 148
133 134
133 149
133 147
134 149
134 135
134 150
134 148
135 150
135 149
136 151
136 137
137 152
137 138
137 151
138 153
138 139
138 154
138 152
139 155
139 153
140 155
140 141
140 156
140 154
141 156
141 142
141 157
141 155
142 157
142 143
142 158
142 156
143 158
143 144
143 159
143 157
144 159
144 145
144 160
144 158
145 160
145 146
145 161
145 159
146 161
146 147
146 162
146 160
147 162
147 148
147 163
148 149
148 164
148 162
149 164
149 150
149 165
149 163
150 165
150 164
151 152
151 167
152 167
152 153
152 168
152 166
153 168
153 154
153 169
153 167
154 169
154 155
154 170
154 168
155 170
155 156
156 171
156 157
156 172
156 170
157 172
157 158
157 173
157 171
158 173
158 159
158 174
158 172
159 174
159 160
159 175
159 173
160 175
160 161
160 176
160 174
161 176
161 162
161 177
161 175
162 177
162 163
162 178
162 176
163 164
163 179
163 177
164 179
164 165
164 180
164 178
165 180
165 179
166 181
166 167
166 182
167 182
167 168
167 183
167 181
168 183
168 169
168 184
168 182
169 184
169 170
169 185
169 183
170 185
170 171
170 186
170 184
171 186
171 172
171 187
171 185
172 187
172 173
172 188
172 186
173 188
173 174
173 187
174 189
174 175
174 190
174 188
175 190
175 176
175 191
175 189
176 191
176 177
176 192
176 190
177 192
177 178
177 193
177 191
178 193
178 179
178 194
178 192
179 194
179 180
179 195
179 193
180 195
180 194
181 197
182 197
182 183
182 198
183 198
183 184
183 199
183 197
184 199
184 185
184 200
184 198
185 200
185 201
185 199
186 201
186 187
186 202
186 200
187 202
187 188
187 203
187 201
188 203
188 189
188 204
188 202
189 190
189 203
190 205
190 191
190 206
191 206
191 192
191 207
191 205
192 207
192 193
192 208
192 206
193 194
193 209
194 209
194 195
194 210
194 208
195 210
195 209
196 211
196 197
196 212
197 212
197 198
197 213
197 211
198 213
198 199
198 214
198 212
199 214
199 200
199 215
199 213
200 215
200 201
200 216
201 216
201 202
201 217
201 215
202 217
202 203
202 218
202 216
203 204
203 219
204 219
204 205
204 220
204 218
205 220
205 206
205 221
205 219
206 221
206 220
207 222
207 208
207 223
207 221
208 223
208 209
208 224
208 222
209 210
209 225
209 223
210 225
210 224
211 212
212 213
213 214
214 215
215 216
216 217
217 218
218 219
219 220
220 221
221 222
222 223
223 224
224 225
;
param Grid_Label_Edges :=
0 0 1 0
0 0 0 1
0 0 1 1
0 1 1 1
0 1 0 2
0 1 1 2
0 1 1 0
0 2 1 2
0 2 0 3
0 2 1 3
0 2 1 1
0 3 1 3
0 3 0 4
0 3 1 4
0 3 1 2
0 4 1 4
0 4 0 5
0 4 1 5
0 4 1 3
0 5 1 5
0 5 0 6
0 5 1 6
0 5 1 4
0 6 1 6
0 6 1 7
0 6 1 5
0 7 1 7
0 7 0 8
0 7 1 8
0 7 1 6
0 8 1 8
0 8 0 9
0 8 1 9
0 8 1 7
0 9 1 9
0 9 0 10
0 9 1 10
0 9 1 8
0 10 1 10
0 10 0 11
0 10 1 11
0 10 1 9
0 11 1 11
0 11 0 12
0 11 1 10
0 12 1 12
0 12 0 13
0 12 1 13
0 13 1 13
0 13 0 14
0 13 1 14
0 13 1 12
0 14 1 14
0 14 1 13
1 0 2 0
1 0 1 1
1 0 2 1
1 1 2 1
1 1 2 2
1 1 2 0
1 2 2 2
1 2 1 3
1 2 2 3
1 2 2 1
1 3 2 3
1 3 1 4
1 3 2 4
1 3 2 2
1 4 2 4
1 4 1 5
1 4 2 5
1 4 2 3
1 5 2 5
1 5 1 6
1 5 2 4
1 6 2 6
1 6 1 7
1 6 2 7
1 6 2 5
1 7 2 7
1 7 1 8
1 7 2 6
1 8 2 8
1 8 1 9
1 8 2 9
1 8 2 7
1 9 2 9
1 9 1 10
1 9 2 10
1 9 2 8
1 10 2 10
1 10 1 11
1 10 2 11
1 10 2 9
1 11 2 11
1 11 1 12
1 11 2 12
1 11 2 10
1 12 2 12
1 12 1 13
1 12 2 11
1 13 2 13
1 13 2 14
1 13 2 12
1 14 2 14
1 14 2 13
2 0 3 0
2 0 2 1
2 0 3 1
2 1 3 1
2 1 2 2
2 1 3 2
2 2 3 2
2 2 2 3
2 2 3 3
2 3 3 3
2 3 2 4
2 3 3 4
2 3 3 2
2 4 2 5
2 4 3 5
2 4 3 3
2 5 3 5
2 5 3 4
2 6 3 6
2 6 2 7
2 6 3 7
2 6 3 5
2 7 3 7
2 7 2 8
2 7 3 8
2 7 3 6
2 8 2 9
2 8 3 9
2 8 3 7
2 9 3 9
2 9 2 10
2 9 3 10
2 9 3 8
2 10 3 10
2 10 2 11
2 10 3 11
2 10 3 9
2 11 3 11
2 11 2 12
2 11 3 12
2 12 3 12
2 12 2 13
2 12 3 13
2 12 3 11
2 13 3 13
2 13 3 14
2 13 3 12
2 14 3 14
2 14 3 13
3 0 4 0
3 0 3 1
3 0 4 1
3 1 4 1
3 1 3 2
3 1 4 2
3 1 4 0
3 2 4 2
3 2 3 3
3 2 4 3
3 2 4 1
3 3 4 3
3 3 3 4
3 3 4 4
3 3 4 2
3 4 4 4
3 4 3 5
3 4 4 5
3 4 4 3
3 5 4 5
3 5 3 6
3 5 4 6
3 5 4 4
3 6 4 6
3 6 3 7
3 6 4 7
3 7 4 7
3 7 4 8
3 7 4 6
3 8 4 8
3 8 3 9
3 8 4 9
3 8 4 7
3 9 4 9
3 9 3 10
3 9 4 10
3 9 4 8
3 10 4 10
3 10 3 11
3 10 4 11
3 10 4 9
3 11 4 11
3 11 4 12
3 11 4 10
3 12 4 12
3 12 3 13
3 12 4 13
3 12 4 11
3 13 4 13
3 13 3 14
3 13 4 14
3 13 4 12
3 14 4 14
3 14 4 13
4 0 4 1
4 0 5 1
4 1 5 1
4 1 4 2
4 1 5 2
4 1 5 0
4 2 5 2
4 2 4 3
4 2 5 1
4 3 5 3
4 3 4 4
4 4 5 4
4 4 4 5
4 4 5 3
4 5 5 5
4 5 4 6
4 5 5 6
4 5 5 4
4 6 5 6
4 6 4 7
4 6 5 7
4 6 5 5
4 7 4 8
4 7 5 8
4 7 5 6
4 8 4 9
4 8 5 9
4 8 5 7
4 9 5 9
4 9 4 10
4 9 5 10
4 9 5 8
4 10 5 10
4 10 4 11
4 10 5 11
4 10 5 9
4 11 5 11
4 11 4 12
4 11 5 12
4 11 5 10
4 12 5 12
4 12 4 13
4 12 5 13
4 13 5 13
4 13 4 14
4 13 5 14
4 13 5 12
4 14 5 14
4 14 5 13
5 0 6 0
5 0 5 1
5 0 6 1
5 1 6 1
5 1 5 2
5 1 6 2
5 1 6 0
5 2 6 2
5 2 5 3
5 2 6 3
5 2 6 1
5 3 6 3
5 3 5 4
5 3 6 4
5 3 6 2
5 4 6 4
5 4 6 5
5 4 6 3
5 5 6 5
5 5 5 6
5 5 6 6
5 5 6 4
5 6 6 5
5 7 6 7
5 7 5 8
5 7 6 8
5 7 6 6
5 8 6 8
5 8 5 9
5 8 6 7
5 9 6 9
5 9 6 10
5 9 6 8
5 10 6 10
5 10 5 11
5 10 6 11
5 10 6 9
5 11 6 11
5 11 6 12
5 11 6 10
5 12 6 12
5 12 5 13
5 12 6 13
5 12 6 11
5 13 6 13
5 13 5 14
5 13 6 12
5 14 6 14
5 14 6 13
6 0 7 0
6 0 6 1
6 0 7 1
6 1 6 2
6 1 7 0
6 2 7 2
6 2 6 3
6 2 7 3
6 2 7 1
6 3 7 3
6 3 6 4
6 3 7 4
6 3 7 2
6 4 7 4
6 4 6 5
6 4 7 5
6 4 7 3
6 5 7 5
6 5 6 6
6 5 7 6
6 5 7 4
6 6 7 6
6 6 6 7
6 6 7 7
6 6 7 5
6 7 7 7
6 7 6 8
6 7 7 8
6 7 7 6
6 8 7 8
6 8 6 9
6 8 7 9
6 8 7 7
6 9 7 9
6 9 6 10
6 9 7 10
6 9 7 8
6 10 7 10
6 10 6 11
6 10 7 11
6 10 7 9
6 11 7 11
6 11 6 12
6 11 7 12
6 11 7 10
6 12 6 13
6 12 7 13
6 12 7 11
6 13 7 13
6 13 6 14
6 13 7 14
6 14 7 14
6 14 7 13
7 0 8 0
7 0 7 1
7 0 8 1
7 1 8 1
7 1 7 2
7 1 8 2
7 1 8 0
7 2 7 3
7 2 8 3
7 2 8 1
7 3 8 3
7 3 7 4
7 3 8 4
7 3 8 2
7 4 8 4
7 4 7 5
7 4 8 5
7 4 8 3
7 5 8 5
7 5 7 6
7 5 8 6
7 5 8 4
7 6 8 6
7 6 7 7
7 6 8 7
7 6 8 5
7 7 8 7
7 7 7 8
7 7 8 8
7 7 8 6
7 8 8 8
7 8 7 9
7 8 8 9
7 8 8 7
7 9 8 9
7 9 7 10
7 9 8 10
7 9 8 8
7 10 8 10
7 10 7 11
7 10 8 11
7 10 8 9
7 11 8 11
7 11 7 12
7 11 8 12
7 11 8 10
7 12 8 12
7 12 7 13
7 12 8 13
7 12 8 11
7 13 8 13
7 13 7 14
7 13 8 14
7 13 8 12
7 14 8 14
7 14 8 13
8 0 8 1
8 0 9 1
8 1 9 1
8 1 8 2
8 1 9 0
8 2 9 2
8 2 8 3
8 2 9 3
8 2 9 1
8 3 9 3
8 3 9 4
8 3 9 2
8 4 9 4
8 4 8 5
8 4 9 5
8 4 9 3
8 5 8 6
8 5 9 6
8 5 9 4
8 6 9 6
8 6 8 7
8 6 9 7
8 6 9 5
8 7 9 7
8 7 8 8
8 7 9 8
8 7 9 6
8 8 9 8
8 8 8 9
8 8 9 9
8 8 9 7
8 9 9 9
8 9 8 10
8 9 9 10
8 9 9 8
8 10 9 10
8 10 8 11
8 10 9 11
8 10 9 9
8 11 9 11
8 11 8 12
8 11 9 12
8 11 9 10
8 12 9 12
8 12 8 13
8 12 9 13
8 12 9 11
8 13 9 13
8 13 8 14
8 13 9 14
8 13 9 12
8 14 9 14
8 14 9 13
9 0 10 0
9 0 9 1
9 1 10 1
9 1 9 2
9 1 10 0
9 2 10 2
9 2 9 3
9 2 10 3
9 2 10 1
9 3 10 4
9 3 10 2
9 4 10 4
9 4 9 5
9 4 10 5
9 4 10 3
9 5 10 5
9 5 9 6
9 5 10 6
9 5 10 4
9 6 10 6
9 6 9 7
9 6 10 7
9 6 10 5
9 7 10 7
9 7 9 8
9 7 10 8
9 7 10 6
9 8 10 8
9 8 9 9
9 8 10 9
9 8 10 7
9 9 10 9
9 9 9 10
9 9 10 10
9 9 10 8
9 10 10 10
9 10 9 11
9 10 10 11
9 10 10 9
9 11 10 11
9 11 9 12
9 11 10 12
9 12 9 13
9 12 10 13
9 12 10 11
9 13 10 13
9 13 9 14
9 13 10 14
9 13 10 12
9 14 10 14
9 14 10 13
10 0 10 1
10 0 11 1
10 1 11 1
10 1 10 2
10 1 11 2
10 1 11 0
10 2 11 2
10 2 10 3
10 2 11 3
10 2 11 1
10 3 11 3
10 3 10 4
10 3 11 4
10 3 11 2
10 4 11 4
10 4 10 5
10 5 11 5
10 5 10 6
10 5 11 6
10 5 11 4
10 6 11 6
10 6 10 7
10 6 11 7
10 6 11 5
10 7 11 7
10 7 10 8
10 7 11 8
10 7 11 6
10 8 11 8
10 8 10 9
10 8 11 9
10 8 11 7
10 9 11 9
10 9 10 10
10 9 11 10
10 9 11 8
10 10 11 10
10 10 10 11
10 10 11 11
10 10 11 9
10 11 11 11
10 11 10 12
10 11 11 12
10 11 11 10
10 12 10 13
10 12 11 13
10 12 11 11
10 13 11 13
10 13 10 14
10 13 11 14
10 13 11 12
10 14 11 14
10 14 11 13
11 0 12 0
11 0 11 1
11 0 12 1
11 1 12 1
11 1 11 2
11 1 12 2
11 1 12 0
11 2 12 2
11 2 11 3
11 2 12 3
11 2 12 1
11 3 12 3
11 3 11 4
11 3 12 4
11 3 12 2
11 4 12 4
11 4 11 5
11 4 12 5
11 4 12 3
11 5 12 5
11 5 11 6
11 5 12 6
11 5 12 4
11 6 12 6
11 6 11 7
11 6 12 7
11 6 12 5
11 7 12 7
11 7 11 8
11 7 12 6
11 8 12 8
11 8 11 9
11 8 12 9
11 8 12 7
11 9 12 9
11 9 11 10
11 9 12 10
11 9 12 8
11 10 12 10
11 10 11 11
11 10 12 11
11 10 12 9
11 11 12 11
11 11 11 12
11 11 12 12
11 11 12 10
11 12 12 12
11 12 11 13
11 12 12 13
11 12 12 11
11 13 12 13
11 13 11 14
11 13 12 14
11 13 12 12
11 14 12 14
11 14 12 13
12 0 13 1
12 1 13 1
12 1 12 2
12 1 13 2
12 2 13 2
12 2 12 3
12 2 13 3
12 2 13 1
12 3 13 3
12 3 12 4
12 3 13 4
12 3 13 2
12 4 13 4
12 4 13 5
12 4 13 3
12 5 13 5
12 5 12 6
12 5 13 6
12 5 13 4
12 6 13 6
12 6 12 7
12 6 13 7
12 6 13 5
12 7 13 7
12 7 12 8
12 7 13 8
12 7 13 6
12 8 12 9
12 8 13 7
12 9 13 9
12 9 12 10
12 9 13 10
12 10 13 10
12 10 12 11
12 10 13 11
12 10 13 9
12 11 13 11
12 11 12 12
12 11 13 12
12 11 13 10
12 12 12 13
12 12 13 13
12 13 13 13
12 13 12 14
12 13 13 14
12 13 13 12
12 14 13 14
12 14 13 13
13 0 14 0
13 0 13 1
13 0 14 1
13 1 14 1
13 1 13 2
13 1 14 2
13 1 14 0
13 2 14 2
13 2 13 3
13 2 14 3
13 2 14 1
13 3 14 3
13 3 13 4
13 3 14 4
13 3 14 2
13 4 14 4
13 4 13 5
13 4 14 5
13 5 14 5
13 5 13 6
13 5 14 6
13 5 14 4
13 6 14 6
13 6 13 7
13 6 14 7
13 6 14 5
13 7 13 8
13 7 14 8
13 8 14 8
13 8 13 9
13 8 14 9
13 8 14 7
13 9 14 9
13 9 13 10
13 9 14 10
13 9 14 8
13 10 14 10
13 10 14 9
13 11 14 11
13 11 13 12
13 11 14 12
13 11 14 10
13 12 14 12
13 12 13 13
13 12 14 13
13 12 14 11
13 13 13 14
13 13 14 14
13 13 14 12
13 14 14 14
13 14 14 13
14 0 14 1
14 1 14 2
14 2 14 3
14 3 14 4
14 4 14 5
14 5 14 6
14 6 14 7
14 7 14 8
14 8 14 9
14 9 14 10
14 10 14 11
14 11 14 12
14 12 14 13
14 13 14 14
;
param Centralities :=
degree centrality: {(0, 0): 0.013392857142857142, (0, 1): 0.02232142857142857, (0, 2): 0.02232142857142857, (0, 3): 0.02232142857142857, (0, 4): 0.02232142857142857, (0, 5): 0.02232142857142857, (0, 6): 0.017857142857142856, (0, 7): 0.017857142857142856, (0, 8): 0.02232142857142857, (0, 9): 0.02232142857142857, (0, 10): 0.02232142857142857, (0, 11): 0.017857142857142856, (0, 12): 0.017857142857142856, (0, 13): 0.02232142857142857, (0, 14): 0.013392857142857142, (1, 0): 0.02232142857142857, (1, 1): 0.03125, (1, 2): 0.03125, (1, 3): 0.03571428571428571, (1, 4): 0.03571428571428571, (1, 5): 0.03125, (1, 6): 0.03571428571428571, (1, 7): 0.03125, (1, 8): 0.03571428571428571, (1, 9): 0.03571428571428571, (1, 10): 0.03571428571428571, (1, 11): 0.03125, (1, 12): 0.026785714285714284, (1, 13): 0.03125, (1, 14): 0.017857142857142856, (2, 0): 0.02232142857142857, (2, 1): 0.03125, (2, 2): 0.03125, (2, 3): 0.03571428571428571, (2, 4): 0.03125, (2, 5): 0.026785714285714284, (2, 6): 0.026785714285714284, (2, 7): 0.03571428571428571, (2, 8): 0.026785714285714284, (2, 9): 0.03571428571428571, (2, 10): 0.03571428571428571, (2, 11): 0.03125, (2, 12): 0.03571428571428571, (2, 13): 0.026785714285714284, (2, 14): 0.017857142857142856, (3, 0): 0.017857142857142856, (3, 1): 0.03125, (3, 2): 0.03571428571428571, (3, 3): 0.03571428571428571, (3, 4): 0.03125, (3, 5): 0.03571428571428571, (3, 6): 0.026785714285714284, (3, 7): 0.03125, (3, 8): 0.026785714285714284, (3, 9): 0.03571428571428571, (3, 10): 0.03125, (3, 11): 0.03125, (3, 12): 0.03125, (3, 13): 0.03571428571428571, (3, 14): 0.02232142857142857, (4, 0): 0.017857142857142856, (4, 1): 0.03571428571428571, (4, 2): 0.03125, (4, 3): 0.026785714285714284, (4, 4): 0.03125, (4, 5): 0.03125, (4, 6): 0.03571428571428571, (4, 7): 0.03125, (4, 8): 0.03125, (4, 9): 0.03571428571428571, (4, 10): 0.03571428571428571, (4, 11): 0.03571428571428571, (4, 12): 0.03125, (4, 13): 0.03571428571428571, (4, 14): 0.02232142857142857, (5, 0): 0.017857142857142856, (5, 1): 0.03571428571428571, (5, 2): 0.03125, (5, 3): 0.03125, (5, 4): 0.026785714285714284, (5, 5): 0.026785714285714284, (5, 6): 0.02232142857142857, (5, 7): 0.026785714285714284, (5, 8): 0.026785714285714284, (5, 9): 0.03125, (5, 10): 0.03125, (5, 11): 0.026785714285714284, (5, 12): 0.03125, (5, 13): 0.03125, (5, 14): 0.02232142857142857, (6, 0): 0.02232142857142857, (6, 1): 0.026785714285714284, (6, 2): 0.03571428571428571, (6, 3): 0.03571428571428571, (6, 4): 0.03571428571428571, (6, 5): 0.03571428571428571, (6, 6): 0.03125, (6, 7): 0.03125, (6, 8): 0.03571428571428571, (6, 9): 0.03125, (6, 10): 0.03571428571428571, (6, 11): 0.03571428571428571, (6, 12): 0.03125, (6, 13): 0.03125, (6, 14): 0.017857142857142856, (7, 0): 0.02232142857142857, (7, 1): 0.03125, (7, 2): 0.026785714285714284, (7, 3): 0.03571428571428571, (7, 4): 0.03571428571428571, (7, 5): 0.03571428571428571, (7, 6): 0.03571428571428571, (7, 7): 0.03571428571428571, (7, 8): 0.03571428571428571, (7, 9): 0.03571428571428571, (7, 10): 0.03571428571428571, (7, 11): 0.03571428571428571, (7, 12): 0.026785714285714284, (7, 13): 0.03571428571428571, (7, 14): 0.02232142857142857, (8, 0): 0.017857142857142856, (8, 1): 0.03125, (8, 2): 0.03125, (8, 3): 0.03125, (8, 4): 0.03125, (8, 5): 0.03125, (8, 6): 0.03571428571428571, (8, 7): 0.03571428571428571, (8, 8): 0.03571428571428571, (8, 9): 0.03571428571428571, (8, 10): 0.03571428571428571, (8, 11): 0.03571428571428571, (8, 12): 0.03571428571428571, (8, 13): 0.03571428571428571, (8, 14): 0.02232142857142857, (9, 0): 0.013392857142857142, (9, 1): 0.03125, (9, 2): 0.03125, (9, 3): 0.026785714285714284, (9, 4): 0.03125, (9, 5): 0.03125, (9, 6): 0.03571428571428571, (9, 7): 0.03571428571428571, (9, 8): 0.03571428571428571, (9, 9): 0.03571428571428571, (9, 10): 0.03571428571428571, (9, 11): 0.03125, (9, 12): 0.03125, (9, 13): 0.03571428571428571, (9, 14): 0.02232142857142857, (10, 0): 0.017857142857142856, (10, 1): 0.03125, (10, 2): 0.03125, (10, 3): 0.03125, (10, 4): 0.026785714285714284, (10, 5): 0.03571428571428571, (10, 6): 0.03571428571428571, (10, 7): 0.03571428571428571, (10, 8): 0.03571428571428571, (10, 9): 0.03571428571428571, (10, 10): 0.03125, (10, 11): 0.03571428571428571, (10, 12): 0.026785714285714284, (10, 13): 0.03571428571428571, (10, 14): 0.02232142857142857, (11, 0): 0.017857142857142856, (11, 1): 0.03571428571428571, (11, 2): 0.03571428571428571, (11, 3): 0.03125, (11, 4): 0.03571428571428571, (11, 5): 0.03125, (11, 6): 0.03571428571428571, (11, 7): 0.03125, (11, 8): 0.03571428571428571, (11, 9): 0.03571428571428571, (11, 10): 0.03571428571428571, (11, 11): 0.03571428571428571, (11, 12): 0.03125, (11, 13): 0.03571428571428571, (11, 14): 0.02232142857142857, (12, 0): 0.013392857142857142, (12, 1): 0.026785714285714284, (12, 2): 0.03571428571428571, (12, 3): 0.03571428571428571, (12, 4): 0.03125, (12, 5): 0.03125, (12, 6): 0.03571428571428571, (12, 7): 0.03571428571428571, (12, 8): 0.02232142857142857, (12, 9): 0.03125, (12, 10): 0.03571428571428571, (12, 11): 0.03571428571428571, (12, 12): 0.026785714285714284, (12, 13): 0.03571428571428571, (12, 14): 0.02232142857142857, (13, 0): 0.013392857142857142, (13, 1): 0.03571428571428571, (13, 2): 0.03571428571428571, (13, 3): 0.03571428571428571, (13, 4): 0.03125, (13, 5): 0.03571428571428571, (13, 6): 0.03571428571428571, (13, 7): 0.026785714285714284, (13, 8): 0.026785714285714284, (13, 9): 0.03125, (13, 10): 0.026785714285714284, (13, 11): 0.026785714285714284, (13, 12): 0.03125, (13, 13): 0.03125, (13, 14): 0.02232142857142857, (14, 0): 0.013392857142857142, (14, 1): 0.02232142857142857, (14, 2): 0.02232142857142857, (14, 3): 0.017857142857142856, (14, 4): 0.02232142857142857, (14, 5): 0.02232142857142857, (14, 6): 0.017857142857142856, (14, 7): 0.017857142857142856, (14, 8): 0.02232142857142857, (14, 9): 0.02232142857142857, (14, 10): 0.02232142857142857, (14, 11): 0.017857142857142856, (14, 12): 0.02232142857142857, (14, 13): 0.017857142857142856, (14, 14): 0.013392857142857142}
eigenvector centrality: {(0, 0): 0.001010047968585698, (0, 1): 0.002055623250364143, (0, 2): 0.0030753988554227587, (0, 3): 0.00394912899310528, (0, 4): 0.004393528860267608, (0, 5): 0.0049467197594448955, (0, 6): 0.004845794350567912, (0, 7): 0.006873598968030303, (0, 8): 0.009247503940372825, (0, 9): 0.0105860491098236, (0, 10): 0.010017764630767244, (0, 11): 0.006725967066614102, (0, 12): 0.003679189512831228, (0, 13): 0.003453059984045505, (0, 14): 0.0018694770414693508, (1, 0): 0.002026033043502194, (1, 1): 0.0033698745417329256, (1, 2): 0.005683952239601421, (1, 3): 0.007630381641555236, (1, 4): 0.008352145459843321, (1, 5): 0.007536291716143122, (1, 6): 0.011369508651494569, (1, 7): 0.011901208384572771, (1, 8): 0.018199110011243812, (1, 9): 0.02067418839047336, (1, 10): 0.01997290539543974, (1, 11): 0.0159595374819484, (1, 12): 0.009589372443899707, (1, 13): 0.00737965604864151, (1, 14): 0.0029619023245469086, (2, 0): 0.0029402225243388134, (2, 1): 0.005571400053952163, (2, 2): 0.008182910904773218, (2, 3): 0.011469803524448577, (2, 4): 0.011188724717427819, (2, 5): 0.01050718508035512, (2, 6): 0.015632412317369195, (2, 7): 0.021646447859086166, (2, 8): 0.022072008858258114, (2, 9): 0.03128560505833276, (2, 10): 0.031169814561413437, (2, 11): 0.02095783931736929, (2, 12): 0.019329606941591197, (2, 13): 0.0112013363137955, (2, 14): 0.00533186970160679, (3, 0): 0.0035535044423559937, (3, 1): 0.007171578060561654, (3, 2): 0.011730270717614599, (3, 3): 0.014917181925128118, (3, 4): 0.016939348191879658, (3, 5): 0.022139622239682376, (3, 6): 0.021397116785459858, (3, 7): 0.026893466915066024, (3, 8): 0.03225999852782297, (3, 9): 0.04416784718427071, (3, 10): 0.04233857916855745, (3, 11): 0.03464432170039403, (3, 12): 0.02398138186636073, (3, 13): 0.018919668685148678, (3, 14): 0.010082860496824983, (4, 0): 0.0049268966431895355, (4, 1): 0.011179654445065917, (4, 2): 0.013011004769916063, (4, 3): 0.015044410870395491, (4, 4): 0.02249716458213552, (4, 5): 0.02841234255822566, (4, 6): 0.03678782464271224, (4, 7): 0.03478710147034116, (4, 8): 0.04612278267556048, (4, 9): 0.060038589089170924, (4, 10): 0.060630672463902704, (4, 11): 0.05048422925498997, (4, 12): 0.030733517676406346, (4, 13): 0.025335306027136104, (4, 14): 0.013614593339117359, (5, 0): 0.006137429635422596, (5, 1): 0.014447645964485932, (5, 2): 0.02150988209755445, (5, 3): 0.031910915075651206, (5, 4): 0.03663707935523066, (5, 5): 0.044509234850137636, (5, 6): 0.030142392826798224, (5, 7): 0.06317757268960186, (5, 8): 0.06309344534344602, (5, 9): 0.07902313850766346, (5, 10): 0.07540107229723401, (5, 11): 0.061309890693876996, (5, 12): 0.04349565948634783, (5, 13): 0.02992844604729307, (5, 14): 0.01619889194227579, (6, 0): 0.007742122351811149, (6, 1): 0.011916059393723708, (6, 2): 0.0301811536421063, (6, 3): 0.0460708759735208, (6, 4): 0.06352824887396599, (6, 5): 0.07792709151337526, (6, 6): 0.09164259297761435, (6, 7): 0.10624002056828377, (6, 8): 0.12231896194043462, (6, 9): 0.11632084411420456, (6, 10): 0.11461215281321734, (6, 11): 0.09301403234722362, (6, 12): 0.058285319329820284, (6, 13): 0.03318847798637794, (6, 14): 0.017470178813711216, (7, 0): 0.007907540582137797, (7, 1): 0.016718407497172176, (7, 2): 0.027569301582039036, (7, 3): 0.052562060452631114, (7, 4): 0.07606082168366574, (7, 5): 0.10310627605770924, (7, 6): 0.129415026627941, (7, 7): 0.15188358770781726, (7, 8): 0.162451733582865, (7, 9): 0.1604477048468288, (7, 10): 0.14412414230325385, (7, 11): 0.11612997562013092, (7, 12): 0.07303203245714253, (7, 13): 0.053045523300312765, (7, 14): 0.026487715192545128, (8, 0): 0.0073648102594494015, (8, 1): 0.014607282521102733, (8, 2): 0.02799238460638121, (8, 3): 0.043295446286070974, (8, 4): 0.07316418829871386, (8, 5): 0.10161478236150666, (8, 6): 0.14749808008185802, (8, 7): 0.17508576160778558, (8, 8): 0.18615586692862016, (8, 9): 0.18034687071851843, (8, 10): 0.15768417631667736, (8, 11): 0.12500292285785491, (8, 12): 0.09122376548668602, (8, 13): 0.0605239064114914, (8, 14): 0.031238478347085055, (9, 0): 0.005123449144360792, (9, 1): 0.015111519604441504, (9, 2): 0.029027997770843302, (9, 3): 0.035236748222248766, (9, 4): 0.07103606287614184, (9, 5): 0.10028235512712386, (9, 6): 0.14956871324979593, (9, 7): 0.17748851579798147, (9, 8): 0.1875700210896382, (9, 9): 0.17845389630068514, (9, 10): 0.15397783137267196, (9, 11): 0.10514639698459843, (9, 12): 0.08114267370625708, (9, 13): 0.059165480271319536, (9, 14): 0.03130369834025398, (10, 0): 0.008087475020192761, (10, 1): 0.019306347598443126, (10, 2): 0.029573120171963677, (10, 3): 0.04368823653641142, (10, 4): 0.05696749142710621, (10, 5): 0.10518652700173733, (10, 6): 0.13660133411826383, (10, 7): 0.159972895528035, (10, 8): 0.16731507238437898, (10, 9): 0.15935020546414383, (10, 10): 0.12450130405997269, (10, 11): 0.10579784883661554, (10, 12): 0.06110336663305367, (10, 13): 0.05193730639806103, (10, 14): 0.028143651575888422, (11, 0): 0.008383170140281065, (11, 1): 0.020137645273757054, (11, 2): 0.0321450680201758, (11, 3): 0.038686128969989485, (11, 4): 0.06495398419715527, (11, 5): 0.08325142087409594, (11, 6): 0.11355377106036761, (11, 7): 0.11873820846470662, (11, 8): 0.1296804933862877, (11, 9): 0.12344808045751503, (11, 10): 0.11098324211338696, (11, 11): 0.08675349866581468, (11, 12): 0.057135491242077834, (11, 13): 0.042118122891568244, (11, 14): 0.02316534139184438, (12, 0): 0.005643001632991668, (12, 1): 0.016774524638289285, (12, 2): 0.028688418048084495, (12, 3): 0.04035393370929666, (12, 4): 0.04607572304274697, (12, 5): 0.06511202551997759, (12, 6): 0.08286596807996995, (12, 7): 0.08623815030534027, (12, 8): 0.06286574969938065, (12, 9): 0.07905225476943015, (12, 10): 0.07724387132014982, (12, 11): 0.06286327386009076, (12, 12): 0.04057870483226217, (12, 13): 0.03159053276622988, (12, 14): 0.017162995929033066, (13, 0): 0.003157355502571639, (13, 1): 0.01312040093893787, (13, 2): 0.021309526975019675, (13, 3): 0.02917404838612945, (13, 4): 0.03675375734940349, (13, 5): 0.04683840515744682, (13, 6): 0.052274245812180695, (13, 7): 0.04550193185492203, (13, 8): 0.030915016408200546, (13, 9): 0.03889983718715368, (13, 10): 0.040251245268286086, (13, 11): 0.02777814067052883, (13, 12): 0.023183797026890753, (13, 13): 0.018996067251830975, (13, 14): 0.01078769396646988, (14, 0): 0.003157355502571639, (14, 1): 0.007021332504604462, (14, 2): 0.011068038378334645, (14, 3): 0.01104958938092335, (14, 4): 0.019987438865581728, (14, 5): 0.02368014601278964, (14, 6): 0.018892999380892145, (14, 7): 0.016627852762421166, (14, 8): 0.020623473939901098, (14, 9): 0.020247871516681993, (14, 10): 0.018731963513220016, (14, 11): 0.011058179746488551, (14, 12): 0.011912011715900478, (14, 13): 0.006890928958332398, (14, 14): 0.0049696481681031565}
closeness centrality: {(0, 0): 0.10399257195914577, (0, 1): 0.10980392156862745, (0, 2): 0.11522633744855967, (0, 3): 0.11845584346906399, (0, 4): 0.12193794229722374, (0, 5): 0.12612612612612611, (0, 6): 0.12727272727272726, (0, 7): 0.12814645308924486, (0, 8): 0.127780946948089, (0, 9): 0.12570145903479238, (0, 10): 0.12334801762114538, (0, 11): 0.11946666666666667, (0, 12): 0.11364789446981227, (0, 13): 0.10942843185148998, (0, 14): 0.10467289719626169, (1, 0): 0.1087378640776699, (1, 1): 0.11582213029989659, (1, 2): 0.12267250821467689, (1, 3): 0.12888377445339472, (1, 4): 0.13254437869822486, (1, 5): 0.13617021276595745, (1, 6): 0.13973799126637554, (1, 7): 0.14017521902377972, (1, 8): 0.13947696139476962, (1, 9): 0.1375921375921376, (1, 10): 0.1339712918660287, (1, 11): 0.12903225806451613, (1, 12): 0.12213740458015267, (1, 13): 0.11666666666666667, (1, 14): 0.11023622047244094, (2, 0): 0.1129601613716591, (2, 1): 0.12140921409214092, (2, 2): 0.12970469021424436, (2, 3): 0.13793103448275862, (2, 4): 0.14479638009049775, (2, 5): 0.14765985497692816, (2, 6): 0.15227736233854522, (2, 7): 0.15321477428180574, (2, 8): 0.1524846834581348, (2, 9): 0.1497326203208556, (2, 10): 0.14470284237726097, (2, 11): 0.13733905579399142, (2, 12): 0.13099415204678364, (2, 13): 0.12321232123212321, (2, 14): 0.11457800511508952, (3, 0): 0.11921234699308142, (3, 1): 0.12605514912774338, (3, 2): 0.1362530413625304, (3, 3): 0.14592833876221498, (3, 4): 0.15426997245179064, (3, 5): 0.16173285198555956, (3, 6): 0.16362308254200147, (3, 7): 0.16629547141796586, (3, 8): 0.1654357459379616, (3, 9): 0.16138328530259366, (3, 10): 0.15512465373961218, (3, 11): 0.14707813525935653, (3, 12): 0.13861386138613863, (3, 13): 0.12836676217765042, (3, 14): 0.11946666666666667, (4, 0): 0.12280701754385964, (4, 1): 0.13389121338912133, (4, 2): 0.14132492113564668, (4, 3): 0.15227736233854522, (4, 4): 0.16302765647743814, (4, 5): 0.1712538226299694, (4, 6): 0.17777777777777778, (4, 7): 0.17763679619349723, (4, 8): 0.17679558011049723, (4, 9): 0.1723076923076923, (4, 10): 0.1644640234948605, (4, 11): 0.1556636553161918, (4, 12): 0.1438664097623635, (4, 13): 0.13389121338912133, (4, 14): 0.12334801762114538, (5, 0): 0.1249302844394869, (5, 1): 0.13733905579399142, (5, 2): 0.14913448735019974, (5, 3): 0.16138328530259366, (5, 4): 0.1712538226299694, (5, 5): 0.18006430868167203, (5, 6): 0.18196588139723802, (5, 7): 0.1895093062605753, (5, 8): 0.18543046357615894, (5, 9): 0.18049959709911362, (5, 10): 0.1728395061728395, (5, 11): 0.16091954022988506, (5, 12): 0.14963259853039412, (5, 13): 0.1375921375921376, (5, 14): 0.12513966480446928, (6, 0): 0.1275626423690205, (6, 1): 0.13691931540342298, (6, 2): 0.1523809523809524, (6, 3): 0.16507000736919675, (6, 4): 0.17735550277117973, (6, 5): 0.18682235195996663, (6, 6): 0.192274678111588, (6, 7): 0.19327006039689387, (6, 8): 0.19393939393939394, (6, 9): 0.18666666666666668, (6, 10): 0.17679558011049723, (6, 11): 0.16568047337278108, (6, 12): 0.15258855585831063, (6, 13): 0.13878562577447337, (6, 14): 0.12698412698412698, (7, 0): 0.12698412698412698, (7, 1): 0.14035087719298245, (7, 2): 0.15311004784688995, (7, 3): 0.16654275092936802, (7, 4): 0.17934347477982385, (7, 5): 0.1893491124260355, (7, 6): 0.1952920662598082, (7, 7): 0.1968365553602812, (7, 8): 0.19410745233968804, (7, 9): 0.1895093062605753, (7, 10): 0.17820206841686556, (7, 11): 0.16654275092936802, (7, 12): 0.15342465753424658, (7, 13): 0.14008755472170106, (7, 14): 0.12829324169530354, (8, 0): 0.12741751990898748, (8, 1): 0.13835701050030882, (8, 2): 0.15217391304347827, (8, 3): 0.16531365313653137, (8, 4): 0.1769352290679305, (8, 5): 0.18697829716193656, (8, 6): 0.19360414866032843, (8, 7): 0.19614711033274956, (8, 8): 0.192274678111588, (8, 9): 0.18497109826589594, (8, 10): 0.17777777777777778, (8, 11): 0.1644640234948605, (8, 12): 0.15165876777251186, (8, 13): 0.13982521847690388, (8, 14): 0.127780946948089, (9, 0): 0.125, (9, 1): 0.13725490196078433, (9, 2): 0.1494329553035357, (9, 3): 0.16080402010050251, (9, 4): 0.17191097467382963, (9, 5): 0.18064516129032257, (9, 6): 0.18791946308724833, (9, 7): 0.1891891891891892, (9, 8): 0.18682235195996663, (9, 9): 0.18020917135961384, (9, 10): 0.1702127659574468, (9, 11): 0.16091954022988506, (9, 12): 0.14854111405835543, (9, 13): 0.13733905579399142, (9, 14): 0.12619718309859154, (10, 0): 0.12328013208585581, (10, 1): 0.13389121338912133, (10, 2): 0.1442369607211848, (10, 3): 0.15469613259668508, (10, 4): 0.1641025641025641, (10, 5): 0.17270624518118735, (10, 6): 0.1769352290679305, (10, 7): 0.17934347477982385, (10, 8): 0.1774960380348653, (10, 9): 0.17177914110429449, (10, 10): 0.1626724763979666, (10, 11): 0.15331964407939766, (10, 12): 0.14470284237726097, (10, 13): 0.13333333333333333, (10, 14): 0.12294182217343579, (11, 0): 0.11953041622198506, (11, 1): 0.12903225806451613, (11, 2): 0.13818630475015423, (11, 3): 0.1457384515289525, (11, 4): 0.1553398058252427, (11, 5): 0.16045845272206305, (11, 6): 0.1654357459379616, (11, 7): 0.16666666666666666, (11, 8): 0.1654357459379616, (11, 9): 0.16045845272206305, (11, 10): 0.15458937198067632, (11, 11): 0.14650098103335513, (11, 12): 0.13700305810397553, (11, 13): 0.128957973517559, (11, 14): 0.11914893617021277, (12, 0): 0.11510791366906475, (12, 1): 0.12300933552992861, (12, 2): 0.13023255813953488, (12, 3): 0.13861386138613863, (12, 4): 0.1440514469453376, (12, 5): 0.14933333333333335, (12, 6): 0.1519674355495251, (12, 7): 0.15352981494174092, (12, 8): 0.15053763440860216, (12, 9): 0.1494329553035357, (12, 10): 0.14470284237726097, (12, 11): 0.1381011097410604, (12, 12): 0.13000580383052815, (12, 13): 0.12213740458015267, (12, 14): 0.11522633744855967, (13, 0): 0.10418604651162791, (13, 1): 0.11612234318299637, (13, 2): 0.12341597796143251, (13, 3): 0.128957973517559, (13, 4): 0.13389121338912133, (13, 5): 0.13725490196078433, (13, 6): 0.1396508728179551, (13, 7): 0.13939016801493467, (13, 8): 0.13861386138613863, (13, 9): 0.13683567501527183, (13, 10): 0.13381123058542413, (13, 11): 0.128661688684664, (13, 12): 0.12287438288535381, (13, 13): 0.11618257261410789, (13, 14): 0.10926829268292683, (14, 0): 0.10418604651162791, (14, 1): 0.11029049729197439, (14, 2): 0.11510791366906475, (14, 3): 0.11883289124668435, (14, 4): 0.12341597796143251, (14, 5): 0.12598425196850394, (14, 6): 0.1263395375070502, (14, 7): 0.1271282633371169, (14, 8): 0.12727272727272726, (14, 9): 0.12598425196850394, (14, 10): 0.1224712957900492, (14, 11): 0.11808118081180811, (14, 12): 0.1150487930148947, (14, 13): 0.10980392156862745, (14, 14): 0.1042830540037244}
betweenness centrality: {(0, 0): 0.0, (0, 1): 0.0025655134087252695, (0, 2): 0.0037822135888143675, (0, 3): 0.0028557128797219683, (0, 4): 0.004037205977429779, (0, 5): 0.006830192856746418, (0, 6): 0.003100670080846485, (0, 7): 0.005090471495245488, (0, 8): 0.0062803791485098555, (0, 9): 0.005532921692698161, (0, 10): 0.004410711429138126, (0, 11): 0.005323490586758311, (0, 12): 0.0019117450664187267, (0, 13): 0.0020173913865700406, (0, 14): 1.0009609224855861e-05, (1, 0): 0.001853240531578236, (1, 1): 0.010244996892397527, (1, 2): 0.012216779086892424, (1, 3): 0.017847335540616304, (1, 4): 0.015595452662406573, (1, 5): 0.014577850932309034, (1, 6): 0.03619422112457286, (1, 7): 0.018146775171029163, (1, 8): 0.02462111106817627, (1, 9): 0.02169713440741957, (1, 10): 0.02239246242842143, (1, 11): 0.014061867721563764, (1, 12): 0.01167951251005635, (1, 13): 0.012628428472046116, (1, 14): 0.001931151091990697, (2, 0): 0.003849152160388161, (2, 1): 0.013021340589110971, (2, 2): 0.01989428210400321, (2, 3): 0.028898301512714185, (2, 4): 0.037670873800719346, (2, 5): 0.0214417018687669, (2, 6): 0.021619141682628098, (2, 7): 0.04214343606197286, (2, 8): 0.02404571446894733, (2, 9): 0.035116766820422904, (2, 10): 0.03381351306319933, (2, 11): 0.020513926848776412, (2, 12): 0.0295021375887892, (2, 13): 0.012355967739830763, (2, 14): 0.0028125640370538327, (3, 0): 0.0027820076024796256, (3, 1): 0.013011021774926277, (3, 2): 0.02820636320723002, (3, 3): 0.03800630697293998, (3, 4): 0.03882378494286209, (3, 5): 0.0798190836650781, (3, 6): 0.019318012986253467, (3, 7): 0.03709493483577, (3, 8): 0.04106694031248149, (3, 9): 0.041403189664364494, (3, 10): 0.026959030852087628, (3, 11): 0.04036188702859391, (3, 12): 0.027752590066112026, (3, 13): 0.015747104894475478, (3, 14): 0.003819797916123607, (4, 0): 0.0025225029718863212, (4, 1): 0.02390721141136009, (4, 2): 0.023365380410205312, (4, 3): 0.024281419337486232, (4, 4): 0.04653680916033895, (4, 5): 0.040759578255750155, (4, 6): 0.08577272874250733, (4, 7): 0.04275292576701112, (4, 8): 0.05194979031364321, (4, 9): 0.04895451287390197, (4, 10): 0.051401256590143274, (4, 11): 0.05246795593149645, (4, 12): 0.020125857786539813, (4, 13): 0.020080873874915667, (4, 14): 0.0038127566425342372, (5, 0): 0.0017169657387022766, (5, 1): 0.02354189702905946, (5, 2): 0.03688490593419048, (5, 3): 0.04581915518448577, (5, 4): 0.03486661386977479, (5, 5): 0.039154195220530916, (5, 6): 0.0272998622208619, (5, 7): 0.07415742971273251, (5, 8): 0.034325201278641825, (5, 9): 0.05794531120548381, (5, 10): 0.052528464798357904, (5, 11): 0.02185908536855184, (5, 12): 0.03718182488728352, (5, 13): 0.016170410578578858, (5, 14): 0.005302262799015716, (6, 0): 0.006347140714744615, (6, 1): 0.007787584824342183, (6, 2): 0.046071384366949866, (6, 3): 0.0514456663771631, (6, 4): 0.06009255015963253, (6, 5): 0.06486915095336618, (6, 6): 0.05159559615624146, (6, 7): 0.03927487771202207, (6, 8): 0.07664631415091333, (6, 9): 0.0470129707831794, (6, 10): 0.04821936891883872, (6, 11): 0.05130681853196469, (6, 12): 0.036211942638157794, (6, 13): 0.017828599103553847, (6, 14): 0.003020268444853229, (7, 0): 0.004897560908602103, (7, 1): 0.020745802407982464, (7, 2): 0.021981609750392362, (7, 3): 0.058478162374766975, (7, 4): 0.06458852432996005, (7, 5): 0.06290627976040687, (7, 6): 0.06297508684767013, (7, 7): 0.05855536866530694, (7, 8): 0.05865128568999936, (7, 9): 0.0638481510467526, (7, 10): 0.050049056059448004, (7, 11): 0.05066768116791999, (7, 12): 0.01812767573402004, (7, 13): 0.0258734709108948, (7, 14): 0.005829482098448869, (8, 0): 0.003455331764046362, (8, 1): 0.015035138189476788, (8, 2): 0.03459409792008693, (8, 3): 0.047826914857444856, (8, 4): 0.053346392325966094, (8, 5): 0.05656486839132033, (8, 6): 0.060993424956816755, (8, 7): 0.06789152854965412, (8, 8): 0.05795165693994242, (8, 9): 0.056340839263976615, (8, 10): 0.05917204521937455, (8, 11): 0.03613042530439775, (8, 12): 0.030563158973317496, (8, 13): 0.019935087985487848, (8, 14): 0.006036264407641587, (9, 0): 0.0014896878687860424, (9, 1): 0.02097301362088523, (9, 2): 0.03298916467515141, (9, 3): 0.03266961603790871, (9, 4): 0.053981964342289586, (9, 5): 0.040751037501307937, (9, 6): 0.06627453622983416, (9, 7): 0.060904313929205776, (9, 8): 0.0595454497538232, (9, 9): 0.05587649258645527, (9, 10): 0.051360298840975274, (9, 11): 0.0325613712700545, (9, 12): 0.027474091028513115, (9, 13): 0.02107283460359826, (9, 14): 0.005144374960220691, (10, 0): 0.004196535679239303, (10, 1): 0.01999516592798122, (10, 2): 0.026851698520508845, (10, 3): 0.04133810143026043, (10, 4): 0.020611481711721686, (10, 5): 0.061294666171066554, (10, 6): 0.04823122082586924, (10, 7): 0.05487690401134535, (10, 8): 0.05555893656616913, (10, 9): 0.05316880530382444, (10, 10): 0.033388347154943945, (10, 11): 0.04306721577385756, (10, 12): 0.0235812901425356, (10, 13): 0.020819426662448584, (10, 14): 0.0047616565893489945, (11, 0): 0.002410631226768847, (11, 1): 0.020670825875059758, (11, 2): 0.026678122259485827, (11, 3): 0.02003190922467051, (11, 4): 0.05250696386441882, (11, 5): 0.03559891371676982, (11, 6): 0.044949443475398976, (11, 7): 0.03290119117393571, (11, 8): 0.049521189836197084, (11, 9): 0.040484955074354366, (11, 10): 0.04180803298840761, (11, 11): 0.03472126829462556, (11, 12): 0.024587315543061927, (11, 13): 0.016718835702764757, (11, 14): 0.004683153050588427, (12, 0): 0.0024059680817730225, (12, 1): 0.00905586033591242, (12, 2): 0.023252737702401566, (12, 3): 0.03154906717795718, (12, 4): 0.02737462147369615, (12, 5): 0.026544015609570665, (12, 6): 0.031475127882077854, (12, 7): 0.04302252846679221, (12, 8): 0.011107061347586194, (12, 9): 0.024396843818528722, (12, 10): 0.03610906133700822, (12, 11): 0.03325260696093939, (12, 12): 0.015167022472187645, (12, 13): 0.015672789061784008, (12, 14): 0.0033885099193459614, (13, 0): 0.0, (13, 1): 0.018836132216357344, (13, 2): 0.01724960577407609, (13, 3): 0.020516083936030438, (13, 4): 0.013639358227513278, (13, 5): 0.022344681315710945, (13, 6): 0.02600661039426733, (13, 7): 0.013100206691887427, (13, 8): 0.017848229662219314, (13, 9): 0.017404167257229295, (13, 10): 0.009646516395131819, (13, 11): 0.01587789133243702, (13, 12): 0.015994674496753063, (13, 13): 0.009925050657872985, (13, 14): 0.002552063261471418, (14, 0): 0.0, (14, 1): 0.002866856322544895, (14, 2): 0.0030344833655471123, (14, 3): 0.0016238873663350407, (14, 4): 0.00695789470413317, (14, 5): 0.004354737894654561, (14, 6): 0.0021973880908344656, (14, 7): 0.0059896757287960095, (14, 8): 0.00612482422868169, (14, 9): 0.005787463553465748, (14, 10): 0.006576400996814148, (14, 11): 0.0018745339183861677, (14, 12): 0.002381088818110478, (14, 13): 0.0018264612482035726, (14, 14): 1.5729385924773497e-05}
katz centrality: {(0, 0): 0.03452894720987712, (0, 1): 0.04451673540844471, (0, 2): 0.04816644153981511, (0, 3): 0.049894165328969675, (0, 4): 0.049871323387044926, (0, 5): 0.04895036123709595, (0, 6): 0.04369327624091807, (0, 7): 0.04461236628927238, (0, 8): 0.04979213150699906, (0, 9): 0.05115872670457886, (0, 10): 0.04997252663195827, (0, 11): 0.04244615669811916, (0, 12): 0.03933223001636305, (0, 13): 0.04189795038053803, (0, 14): 0.03343683949821342, (1, 0): 0.04429302712900524, (1, 1): 0.054786603840894704, (1, 2): 0.061699228644428325, (1, 3): 0.06907457645498709, (1, 4): 0.06843697754299469, (1, 5): 0.06066404758597529, (1, 6): 0.06514488189359981, (1, 7): 0.060480365972083255, (1, 8): 0.06901317779961505, (1, 9): 0.07096357258401433, (1, 10): 0.07015275280277534, (1, 11): 0.06331095180966832, (1, 12): 0.05373998968920783, (1, 13): 0.053545097675339035, (1, 14): 0.037232241205830484, (2, 0): 0.04639216528751245, (2, 1): 0.0610127138228969, (2, 2): 0.06726290229096878, (2, 3): 0.0753716458777745, (2, 4): 0.06834997421744828, (2, 5): 0.060500575620224664, (2, 6): 0.05979209046056311, (2, 7): 0.07106262980943855, (2, 8): 0.06343503309503075, (2, 9): 0.0769338463143067, (2, 10): 0.07748442526445277, (2, 11): 0.06756421630022848, (2, 12): 0.0700563449895147, (2, 13): 0.054527037262204564, (2, 14): 0.0407674791969222, (3, 0): 0.04187665610593804, (3, 1): 0.06025954625596297, (3, 2): 0.07374055905976995, (3, 3): 0.07525058948850971, (3, 4): 0.06820854535821168, (3, 5): 0.07250822388359025, (3, 6): 0.06078719491560938, (3, 7): 0.06624450241088331, (3, 8): 0.0640359458265744, (3, 9): 0.07843949631162309, (3, 10): 0.07412095373855487, (3, 11): 0.0716653570629301, (3, 12): 0.06753923566330879, (3, 13): 0.06697845871183304, (3, 14): 0.04822588865579291, (4, 0): 0.043721797927217726, (4, 1): 0.06669994586826086, (4, 2): 0.06745851876760735, (4, 3): 0.062396622505292015, (4, 4): 0.06802402108759785, (4, 5): 0.06634066939870144, (4, 6): 0.07138606205711966, (4, 7): 0.06518533481407236, (4, 8): 0.0691035732365725, (4, 9): 0.07794147205930432, (4, 10): 0.07964660786100788, (4, 11): 0.07740522679149774, (4, 12): 0.06868268996361795, (4, 13): 0.06848527689376509, (4, 14): 0.04980752877277764, (5, 0): 0.04370445606783476, (5, 1): 0.06668872532158897, (5, 2): 0.0678560934562624, (5, 3): 0.06959088557079703, (5, 4): 0.06425156895044974, (5, 5): 0.06270694381151137, (5, 6): 0.05462822311810728, (5, 7): 0.06376642249829471, (5, 8): 0.0639747408554305, (5, 9): 0.07372945272454627, (5, 10): 0.07467084431830692, (5, 11): 0.06680016988288884, (5, 12): 0.06923330370393539, (5, 13): 0.0638269350884829, (5, 14): 0.04886562265747587, (6, 0): 0.047244334376289776, (6, 1): 0.054718449391781485, (6, 2): 0.07379055164020877, (6, 3): 0.0779207522819527, (6, 4): 0.0799761400657804, (6, 5): 0.07897011537924137, (6, 6): 0.07407512237573716, (6, 7): 0.0749804746841506, (6, 8): 0.08245114605351014, (6, 9): 0.07849258542235886, (6, 10): 0.08399129603685178, (6, 11): 0.08073797940873326, (6, 12): 0.06985663869206414, (6, 13): 0.061645184480766106, (6, 14): 0.04319819561854043, (7, 0): 0.04620722733520346, (7, 1): 0.05943137992606253, (7, 2): 0.06165744960905242, (7, 3): 0.0783486751241637, (7, 4): 0.08204305268238592, (7, 5): 0.08423630113687541, (7, 6): 0.08609069593113972, (7, 7): 0.08830716459573178, (7, 8): 0.08944634881123517, (7, 9): 0.09012116522292703, (7, 10): 0.08882249533578467, (7, 11): 0.08484516233254516, (7, 12): 0.0674667780645289, (7, 13): 0.06978454630286318, (7, 14): 0.04999349702387261, (8, 0): 0.04212099086825644, (8, 1): 0.05686401306921776, (8, 2): 0.06473612664197002, (8, 3): 0.06852601832849202, (8, 4): 0.07314355427136815, (8, 5): 0.07761586451555873, (8, 6): 0.08875536042711613, (8, 7): 0.0922734504765594, (8, 8): 0.09330594147744267, (8, 9): 0.09283845445924443, (8, 10): 0.090170278912416, (8, 11): 0.08533492584234334, (8, 12): 0.08037812531230307, (8, 13): 0.07189393572607447, (8, 14): 0.05172000239005532, (9, 0): 0.03577966795955189, (9, 1): 0.057014182631654184, (9, 2): 0.06505830876910881, (9, 3): 0.060425582850574824, (9, 4): 0.07129788188723765, (9, 5): 0.07577507879645852, (9, 6): 0.08889869309903795, (9, 7): 0.09266324999937312, (9, 8): 0.09357394470409078, (9, 9): 0.09214253078483849, (9, 10): 0.08910873362328313, (9, 11): 0.07679621580276692, (9, 12): 0.07406836331937894, (9, 13): 0.07189822001210319, (9, 14): 0.05193671911521314, (10, 0): 0.04222537817422047, (10, 1): 0.0616642351137898, (10, 2): 0.0670888996042075, (10, 3): 0.06943493679997326, (10, 4): 0.06400981517017526, (10, 5): 0.08278044526992431, (10, 6): 0.08717193211929908, (10, 7): 0.09025844366566341, (10, 8): 0.09070162830409527, (10, 9): 0.08986264215326435, (10, 10): 0.08017057849412157, (10, 11): 0.08207860406340965, (10, 12): 0.06513002123410852, (10, 13): 0.07061050071436209, (10, 14): 0.051551426589109724, (11, 0): 0.04253813953656407, (11, 1): 0.06610259031678233, (11, 2): 0.07492174638493418, (11, 3): 0.0715884900864852, (11, 4): 0.0786911203771574, (11, 5): 0.0757547318521637, (11, 6): 0.08451209367728685, (11, 7): 0.07938347911265632, (11, 8): 0.08398630992036824, (11, 9): 0.08345257698027148, (11, 10): 0.08379701300114802, (11, 11): 0.07957057861457398, (11, 12): 0.07045143082428884, (11, 13): 0.06865298741344285, (11, 14): 0.05072273291554918, (12, 0): 0.037058477642225016, (12, 1): 0.05886298657241704, (12, 2): 0.07497293441903873, (12, 3): 0.07780928521622137, (12, 4): 0.07127287234289297, (12, 5): 0.07256752131331104, (12, 6): 0.07885822770133878, (12, 7): 0.07665305001808498, (12, 8): 0.05744981465361157, (12, 9): 0.07040835859560844, (12, 10): 0.0764563189600707, (12, 11): 0.07427736642973304, (12, 12): 0.06165134741843293, (12, 13): 0.06597981786850732, (12, 14): 0.04873949084964323, (13, 0): 0.03407323699957077, (13, 1): 0.06025094084847705, (13, 2): 0.06815040849794755, (13, 3): 0.07034979054669621, (13, 4): 0.06645238378663494, (13, 5): 0.07038981584314423, (13, 6): 0.06932373417495814, (13, 7): 0.05830474530135617, (13, 8): 0.05301898991884724, (13, 9): 0.059751139465339755, (13, 10): 0.057497307254848105, (13, 11): 0.0541157435387575, (13, 12): 0.05754081896478346, (13, 13): 0.05588818731335677, (13, 14): 0.04445807726514952, (14, 0): 0.03407323699957077, (14, 1): 0.04471508642723332, (14, 2): 0.04890993520634052, (14, 3): 0.04394002002262458, (14, 4): 0.05029696025483488, (14, 5): 0.050144486628822156, (14, 6): 0.04328886650822259, (14, 7): 0.04133752271487486, (14, 8): 0.046050530826294074, (14, 9): 0.04639980514209618, (14, 10): 0.04598697823520615, (14, 11): 0.04041268123059353, (14, 12): 0.04479016584676162, (14, 13): 0.03825112169969843, (14, 14): 0.03402904919986313}
;
