9 13 3
4 2 1
0 2 1
3
param Vertices :=
1 0.0
2 0.1
3 0.2
4 1.0
5 1.1
6 1.2
7 2.0
8 2.1
9 2.2
;
param Edges :=
1 4
1 2
2 5
2 4
3 6
3 5
4 7
4 5
4 8
5 6
5 9
5 7
7 8
;
param Grid_Label_Edges :=
0 0 1 0
0 0 0 1
0 1 1 1
0 1 1 0
0 2 1 2
0 2 1 1
1 0 2 0
1 0 1 1
1 0 2 1
1 1 1 2
1 1 2 2
1 1 2 0
2 0 2 1
;
param Centralities :=
degree centrality: {(0, 0): 0.25, (0, 1): 0.375, (0, 2): 0.25, (1, 0): 0.625, (1, 1): 0.75, (1, 2): 0.25, (2, 0): 0.375, (2, 1): 0.25, (2, 2): 0.125}
eigenvector centrality: {(0, 0): 0.246949962979035, (0, 1): 0.36136530395663585, (0, 2): 0.2068043122538295, (1, 0): 0.49724518009531965, (1, 1): 0.5122193908568383, (1, 2): 0.2068043122538295, (2, 0): 0.36136530395663585, (2, 1): 0.246949962979035, (2, 2): 0.14732326744485008}
closeness centrality: {(0, 0): 0.47058823529411764, (0, 1): 0.6153846153846154, (0, 2): 0.5, (1, 0): 0.7272727272727273, (1, 1): 0.8, (1, 2): 0.5, (2, 0): 0.6153846153846154, (2, 1): 0.47058823529411764, (2, 2): 0.47058823529411764}
betweenness centrality: {(0, 0): 0.0, (0, 1): 0.07142857142857142, (0, 2): 0.0, (1, 0): 0.26785714285714285, (1, 1): 0.625, (1, 2): 0.0, (2, 0): 0.07142857142857142, (2, 1): 0.0, (2, 2): 0.0}
katz centrality: {(0, 0): 0.30109208545182875, (0, 1): 0.3394464509264478, (0, 2): 0.2995216885390903, (1, 0): 0.39767722696083657, (1, 1): 0.4218980202208098, (1, 2): 0.2995216885390903, (2, 0): 0.3394464509264479, (2, 1): 0.3010920854518287, (2, 2): 0.26956951968518134}
;
