196 533 3
4 2 1
0 2 1
14
param Vertices :=
1 0.0
2 0.1
3 0.2
4 0.3
5 0.4
6 0.5
7 0.6
8 0.7
9 0.8
10 0.9
11 0.10
12 0.11
13 0.12
14 0.13
15 1.0
16 1.1
17 1.2
18 1.3
19 1.4
20 1.5
21 1.6
22 1.7
23 1.8
24 1.9
25 1.10
26 1.11
27 1.12
28 1.13
29 2.0
30 2.1
31 2.2
32 2.3
33 2.4
34 2.5
35 2.6
36 2.7
37 2.8
38 2.9
39 2.10
40 2.11
41 2.12
42 2.13
43 3.0
44 3.1
45 3.2
46 3.3
47 3.4
48 3.5
49 3.6
50 3.7
51 3.8
52 3.9
53 3.10
54 3.11
55 3.12
56 3.13
57 4.0
58 4.1
59 4.2
60 4.3
61 4.4
62 4.5
63 4.6
64 4.7
65 4.8
66 4.9
67 4.10
68 4.11
69 4.12
70 4.13
71 5.0
72 5.1
73 5.2
74 5.3
75 5.4
76 5.5
77 5.6
78 5.7
79 5.8
80 5.9
81 5.10
82 5.11
83 5.12
84 5.13
85 6.0
86 6.1
87 6.2
88 6.3
89 6.4
90 6.5
91 6.6
92 6.7
93 6.8
94 6.9
95 6.10
96 6.11
97 6.12
98 6.13
99 7.0
100 7.1
101 7.2
102 7.3
103 7.4
104 7.5
105 7.6
106 7.7
107 7.8
108 7.9
109 7.10
110 7.11
111 7.12
112 7.13
113 8.0
114 8.1
115 8.2
116 8.3
117 8.4
118 8.5
119 8.6
120 8.7
121 8.8
122 8.9
123 8.10
124 8.11
125 8.12
126 8.13
127 9.0
128 9.1
129 9.2
130 9.3
131 9.4
132 9.5
133 9.6
134 9.7
135 9.8
136 9.9
137 9.10
138 9.11
139 9.12
140 9.13
141 10.0
142 10.1
143 10.2
144 10.3
145 10.4
146 10.5
147 10.6
148 10.7
149 10.8
150 10.9
151 10.10
152 10.11
153 10.12
154 10.13
155 11.0
156 11.1
157 11.2
158 11.3
159 11.4
160 11.5
161 11.6
162 11.7
163 11.8
164 11.9
165 11.10
166 11.11
167 11.12
168 11.13
169 12.0
170 12.1
171 12.2
172 12.3
173 12.4
174 12.5
175 12.6
176 12.7
177 12.8
178 12.9
179 12.10
180 12.11
181 12.12
182 12.13
183 13.0
184 13.1
185 13.2
186 13.3
187 13.4
188 13.5
189 13.6
190 13.7
191 13.8
192 13.9
193 13.10
194 13.11
195 13.12
196 13.13
;
param Edges :=
1 15
1 2
2 16
2 3
2 17
3 4
3 18
4 18
4 5
4 19
5 18
6 20
6 7
6 21
6 19
7 8
7 22
7 20
8 22
8 9
8 23
9 23
9 22
10 24
10 11
10 25
10 23
11 25
11 12
11 26
11 24
12 26
12 13
12 25
13 27
13 26
14 27
15 16
16 17
16 29
17 31
17 18
17 30
18 32
18 19
18 33
19 34
19 32
20 35
20 33
21 22
22 23
22 35
23 37
23 24
23 38
23 36
24 25
24 37
25 39
25 26
25 40
25 38
26 40
26 27
26 41
26 39
27 28
27 42
27 40
28 42
28 41
29 43
29 44
30 31
30 43
31 45
31 32
31 46
31 44
32 46
32 33
32 45
33 47
33 34
34 48
34 35
34 49
34 47
35 49
35 36
35 48
36 37
36 49
37 51
37 38
37 52
37 50
38 39
38 51
39 53
39 40
39 54
39 52
40 54
40 41
40 55
40 53
41 55
41 56
42 55
43 57
43 44
44 58
44 45
44 59
44 57
45 46
45 60
45 58
46 60
46 61
46 59
47 48
47 62
47 60
48 62
48 49
48 63
48 61
49 63
49 50
49 62
50 64
50 65
50 63
51 65
51 52
51 66
52 66
52 53
52 65
53 54
53 68
53 66
54 69
54 67
55 56
55 70
56 70
56 69
57 71
57 58
57 72
58 72
58 59
58 73
58 71
59 73
59 60
59 74
59 72
60 74
60 61
60 75
60 73
61 75
61 62
61 76
61 74
62 76
62 63
62 77
62 75
63 64
63 78
63 76
64 78
65 79
65 66
65 80
65 78
66 67
66 79
67 68
67 82
67 80
68 82
69 84
69 82
70 84
70 83
71 86
72 73
72 87
72 85
73 88
74 88
74 75
74 89
74 87
75 76
75 90
75 88
76 90
76 77
76 89
77 91
77 78
77 92
77 90
78 79
78 93
78 91
79 93
79 80
79 94
79 92
80 94
80 81
80 95
80 93
81 95
81 82
81 96
81 94
82 97
83 97
83 96
84 98
85 86
85 100
86 101
86 99
87 88
88 102
88 89
88 103
88 101
89 90
89 104
89 102
90 91
90 105
90 103
91 105
91 92
91 106
91 104
92 106
92 107
92 105
93 107
93 94
93 108
93 106
94 108
94 95
94 107
95 109
95 108
96 110
96 111
96 109
97 111
97 98
97 112
97 110
98 112
98 111
99 113
99 100
99 114
100 114
100 115
100 113
101 115
101 102
101 116
101 114
102 116
102 103
102 117
103 117
103 104
103 118
103 116
104 118
104 105
104 117
105 119
105 120
105 118
106 120
106 107
106 121
106 119
107 121
107 108
107 122
107 120
108 109
108 123
108 121
109 124
110 124
110 111
110 125
110 123
111 112
111 126
112 126
112 125
113 127
113 114
113 128
114 115
114 129
115 116
115 130
115 128
116 130
116 117
116 131
116 129
117 131
117 132
118 132
118 119
118 131
119 133
119 120
119 134
119 132
120 121
120 135
120 133
121 135
121 136
121 134
122 136
122 123
122 137
123 137
123 138
123 136
124 138
124 125
124 139
124 137
125 139
125 126
125 140
126 140
126 139
127 141
127 142
128 129
128 141
129 143
129 130
129 144
129 142
130 144
130 145
130 143
131 132
131 144
132 146
132 133
132 147
132 145
133 147
133 134
133 148
133 146
134 135
134 149
134 147
135 149
135 136
135 150
135 148
136 150
136 151
136 149
137 151
137 152
137 150
138 152
138 139
138 151
139 153
139 140
139 154
139 152
140 154
140 153
141 155
141 142
141 156
142 156
142 143
142 157
143 157
143 144
143 158
143 156
144 145
144 157
145 159
145 158
146 147
146 161
146 159
147 161
147 148
147 162
148 162
148 149
148 161
149 163
149 150
149 164
149 162
150 163
151 165
151 152
151 166
151 164
152 166
152 167
152 165
153 167
153 168
153 166
154 168
155 156
155 170
156 170
156 157
156 171
156 169
157 171
157 172
157 170
158 172
158 159
158 173
158 171
159 173
159 160
159 174
159 172
160 173
161 175
161 162
161 176
161 174
162 176
162 163
162 177
163 177
163 164
163 178
163 176
164 178
164 165
164 179
165 179
165 166
165 180
165 178
166 167
166 181
166 179
167 181
167 168
167 182
167 180
168 182
169 183
169 184
170 184
170 171
170 183
171 185
171 172
171 186
171 184
172 186
172 173
172 187
172 185
173 174
173 188
173 186
174 188
174 187
175 189
175 176
175 190
175 188
176 190
176 191
176 189
177 192
177 190
178 192
178 193
178 191
179 193
179 180
179 194
179 192
180 194
180 181
180 195
181 195
181 182
181 196
181 194
182 196
182 195
183 184
184 185
185 186
190 191
191 192
192 193
193 194
194 195
195 196
;
param Grid_Label_Edges :=
0 0 1 0
0 0 0 1
0 1 1 1
0 1 0 2
0 1 1 2
0 2 0 3
0 2 1 3
0 3 1 3
0 3 0 4
0 3 1 4
0 4 1 3
0 5 1 5
0 5 0 6
0 5 1 6
0 5 1 4
0 6 0 7
0 6 1 7
0 6 1 5
0 7 1 7
0 7 0 8
0 7 1 8
0 8 1 8
0 8 1 7
0 9 1 9
0 9 0 10
0 9 1 10
0 9 1 8
0 10 1 10
0 10 0 11
0 10 1 11
0 10 1 9
0 11 1 11
0 11 0 12
0 11 1 10
0 12 1 12
0 12 1 11
0 13 1 12
1 0 1 1
1 1 1 2
1 1 2 0
1 2 2 2
1 2 1 3
1 2 2 1
1 3 2 3
1 3 1 4
1 3 2 4
1 4 2 5
1 4 2 3
1 5 2 6
1 5 2 4
1 6 1 7
1 7 1 8
1 7 2 6
1 8 2 8
1 8 1 9
1 8 2 9
1 8 2 7
1 9 1 10
1 9 2 8
1 10 2 10
1 10 1 11
1 10 2 11
1 10 2 9
1 11 2 11
1 11 1 12
1 11 2 12
1 11 2 10
1 12 1 13
1 12 2 13
1 12 2 11
1 13 2 13
1 13 2 12
2 0 3 0
2 0 3 1
2 1 2 2
2 1 3 0
2 2 3 2
2 2 2 3
2 2 3 3
2 2 3 1
2 3 3 3
2 3 2 4
2 3 3 2
2 4 3 4
2 4 2 5
2 5 3 5
2 5 2 6
2 5 3 6
2 5 3 4
2 6 3 6
2 6 2 7
2 6 3 5
2 7 2 8
2 7 3 6
2 8 3 8
2 8 2 9
2 8 3 9
2 8 3 7
2 9 2 10
2 9 3 8
2 10 3 10
2 10 2 11
2 10 3 11
2 10 3 9
2 11 3 11
2 11 2 12
2 11 3 12
2 11 3 10
2 12 3 12
2 12 3 13
2 13 3 12
3 0 4 0
3 0 3 1
3 1 4 1
3 1 3 2
3 1 4 2
3 1 4 0
3 2 3 3
3 2 4 3
3 2 4 1
3 3 4 3
3 3 4 4
3 3 4 2
3 4 3 5
3 4 4 5
3 4 4 3
3 5 4 5
3 5 3 6
3 5 4 6
3 5 4 4
3 6 4 6
3 6 3 7
3 6 4 5
3 7 4 7
3 7 4 8
3 7 4 6
3 8 4 8
3 8 3 9
3 8 4 9
3 9 4 9
3 9 3 10
3 9 4 8
3 10 3 11
3 10 4 11
3 10 4 9
3 11 4 12
3 11 4 10
3 12 3 13
3 12 4 13
3 13 4 13
3 13 4 12
4 0 5 0
4 0 4 1
4 0 5 1
4 1 5 1
4 1 4 2
4 1 5 2
4 1 5 0
4 2 5 2
4 2 4 3
4 2 5 3
4 2 5 1
4 3 5 3
4 3 4 4
4 3 5 4
4 3 5 2
4 4 5 4
4 4 4 5
4 4 5 5
4 4 5 3
4 5 5 5
4 5 4 6
4 5 5 6
4 5 5 4
4 6 4 7
4 6 5 7
4 6 5 5
4 7 5 7
4 8 5 8
4 8 4 9
4 8 5 9
4 8 5 7
4 9 4 10
4 9 5 8
4 10 4 11
4 10 5 11
4 10 5 9
4 11 5 11
4 12 5 13
4 12 5 11
4 13 5 13
4 13 5 12
5 0 6 1
5 1 5 2
5 1 6 2
5 1 6 0
5 2 6 3
5 3 6 3
5 3 5 4
5 3 6 4
5 3 6 2
5 4 5 5
5 4 6 5
5 4 6 3
5 5 6 5
5 5 5 6
5 5 6 4
5 6 6 6
5 6 5 7
5 6 6 7
5 6 6 5
5 7 5 8
5 7 6 8
5 7 6 6
5 8 6 8
5 8 5 9
5 8 6 9
5 8 6 7
5 9 6 9
5 9 5 10
5 9 6 10
5 9 6 8
5 10 6 10
5 10 5 11
5 10 6 11
5 10 6 9
5 11 6 12
5 12 6 12
5 12 6 11
5 13 6 13
6 0 6 1
6 0 7 1
6 1 7 2
6 1 7 0
6 2 6 3
6 3 7 3
6 3 6 4
6 3 7 4
6 3 7 2
6 4 6 5
6 4 7 5
6 4 7 3
6 5 6 6
6 5 7 6
6 5 7 4
6 6 7 6
6 6 6 7
6 6 7 7
6 6 7 5
6 7 7 7
6 7 7 8
6 7 7 6
6 8 7 8
6 8 6 9
6 8 7 9
6 8 7 7
6 9 7 9
6 9 6 10
6 9 7 8
6 10 7 10
6 10 7 9
6 11 7 11
6 11 7 12
6 11 7 10
6 12 7 12
6 12 6 13
6 12 7 13
6 12 7 11
6 13 7 13
6 13 7 12
7 0 8 0
7 0 7 1
7 0 8 1
7 1 8 1
7 1 8 2
7 1 8 0
7 2 8 2
7 2 7 3
7 2 8 3
7 2 8 1
7 3 8 3
7 3 7 4
7 3 8 4
7 4 8 4
7 4 7 5
7 4 8 5
7 4 8 3
7 5 8 5
7 5 7 6
7 5 8 4
7 6 8 6
7 6 8 7
7 6 8 5
7 7 8 7
7 7 7 8
7 7 8 8
7 7 8 6
7 8 8 8
7 8 7 9
7 8 8 9
7 8 8 7
7 9 7 10
7 9 8 10
7 9 8 8
7 10 8 11
7 11 8 11
7 11 7 12
7 11 8 12
7 11 8 10
7 12 7 13
7 12 8 13
7 13 8 13
7 13 8 12
8 0 9 0
8 0 8 1
8 0 9 1
8 1 8 2
8 1 9 2
8 2 8 3
8 2 9 3
8 2 9 1
8 3 9 3
8 3 8 4
8 3 9 4
8 3 9 2
8 4 9 4
8 4 9 5
8 5 9 5
8 5 8 6
8 5 9 4
8 6 9 6
8 6 8 7
8 6 9 7
8 6 9 5
8 7 8 8
8 7 9 8
8 7 9 6
8 8 9 8
8 8 9 9
8 8 9 7
8 9 9 9
8 9 8 10
8 9 9 10
8 10 9 10
8 10 9 11
8 10 9 9
8 11 9 11
8 11 8 12
8 11 9 12
8 11 9 10
8 12 9 12
8 12 8 13
8 12 9 13
8 13 9 13
8 13 9 12
9 0 10 0
9 0 10 1
9 1 9 2
9 1 10 0
9 2 10 2
9 2 9 3
9 2 10 3
9 2 10 1
9 3 10 3
9 3 10 4
9 3 10 2
9 4 9 5
9 4 10 3
9 5 10 5
9 5 9 6
9 5 10 6
9 5 10 4
9 6 10 6
9 6 9 7
9 6 10 7
9 6 10 5
9 7 9 8
9 7 10 8
9 7 10 6
9 8 10 8
9 8 9 9
9 8 10 9
9 8 10 7
9 9 10 9
9 9 10 10
9 9 10 8
9 10 10 10
9 10 10 11
9 10 10 9
9 11 10 11
9 11 9 12
9 11 10 10
9 12 10 12
9 12 9 13
9 12 10 13
9 12 10 11
9 13 10 13
9 13 10 12
10 0 11 0
10 0 10 1
10 0 11 1
10 1 11 1
10 1 10 2
10 1 11 2
10 2 11 2
10 2 10 3
10 2 11 3
10 2 11 1
10 3 10 4
10 3 11 2
10 4 11 4
10 4 11 3
10 5 10 6
10 5 11 6
10 5 11 4
10 6 11 6
10 6 10 7
10 6 11 7
10 7 11 7
10 7 10 8
10 7 11 6
10 8 11 8
10 8 10 9
10 8 11 9
10 8 11 7
10 9 11 8
10 10 11 10
10 10 10 11
10 10 11 11
10 10 11 9
10 11 11 11
10 11 11 12
10 11 11 10
10 12 11 12
10 12 11 13
10 12 11 11
10 13 11 13
11 0 11 1
11 0 12 1
11 1 12 1
11 1 11 2
11 1 12 2
11 1 12 0
11 2 12 2
11 2 12 3
11 2 12 1
11 3 12 3
11 3 11 4
11 3 12 4
11 3 12 2
11 4 12 4
11 4 11 5
11 4 12 5
11 4 12 3
11 5 12 4
11 6 12 6
11 6 11 7
11 6 12 7
11 6 12 5
11 7 12 7
11 7 11 8
11 7 12 8
11 8 12 8
11 8 11 9
11 8 12 9
11 8 12 7
11 9 12 9
11 9 11 10
11 9 12 10
11 10 12 10
11 10 11 11
11 10 12 11
11 10 12 9
11 11 11 12
11 11 12 12
11 11 12 10
11 12 12 12
11 12 11 13
11 12 12 13
11 12 12 11
11 13 12 13
12 0 13 0
12 0 13 1
12 1 13 1
12 1 12 2
12 1 13 0
12 2 13 2
12 2 12 3
12 2 13 3
12 2 13 1
12 3 13 3
12 3 12 4
12 3 13 4
12 3 13 2
12 4 12 5
12 4 13 5
12 4 13 3
12 5 13 5
12 5 13 4
12 6 13 6
12 6 12 7
12 6 13 7
12 6 13 5
12 7 13 7
12 7 13 8
12 7 13 6
12 8 13 9
12 8 13 7
12 9 13 9
12 9 13 10
12 9 13 8
12 10 13 10
12 10 12 11
12 10 13 11
12 10 13 9
12 11 13 11
12 11 12 12
12 11 13 12
12 12 13 12
12 12 12 13
12 12 13 13
12 12 13 11
12 13 13 13
12 13 13 12
13 0 13 1
13 1 13 2
13 2 13 3
13 7 13 8
13 8 13 9
13 9 13 10
13 10 13 11
13 11 13 12
13 12 13 13
;
param Centralities :=
degree centrality: {(0, 0): 0.010256410256410256, (0, 1): 0.020512820512820513, (0, 2): 0.015384615384615385, (0, 3): 0.020512820512820513, (0, 4): 0.010256410256410256, (0, 5): 0.020512820512820513, (0, 6): 0.020512820512820513, (0, 7): 0.020512820512820513, (0, 8): 0.015384615384615385, (0, 9): 0.020512820512820513, (0, 10): 0.02564102564102564, (0, 11): 0.020512820512820513, (0, 12): 0.015384615384615385, (0, 13): 0.005128205128205128, (1, 0): 0.010256410256410256, (1, 1): 0.020512820512820513, (1, 2): 0.02564102564102564, (1, 3): 0.035897435897435895, (1, 4): 0.02564102564102564, (1, 5): 0.020512820512820513, (1, 6): 0.010256410256410256, (1, 7): 0.03076923076923077, (1, 8): 0.041025641025641026, (1, 9): 0.02564102564102564, (1, 10): 0.041025641025641026, (1, 11): 0.041025641025641026, (1, 12): 0.03076923076923077, (1, 13): 0.015384615384615385, (2, 0): 0.015384615384615385, (2, 1): 0.015384615384615385, (2, 2): 0.03076923076923077, (2, 3): 0.03076923076923077, (2, 4): 0.02564102564102564, (2, 5): 0.03076923076923077, (2, 6): 0.03076923076923077, (2, 7): 0.020512820512820513, (2, 8): 0.035897435897435895, (2, 9): 0.02564102564102564, (2, 10): 0.035897435897435895, (2, 11): 0.041025641025641026, (2, 12): 0.02564102564102564, (2, 13): 0.015384615384615385, (3, 0): 0.020512820512820513, (3, 1): 0.035897435897435895, (3, 2): 0.03076923076923077, (3, 3): 0.03076923076923077, (3, 4): 0.02564102564102564, (3, 5): 0.035897435897435895, (3, 6): 0.035897435897435895, (3, 7): 0.02564102564102564, (3, 8): 0.02564102564102564, (3, 9): 0.03076923076923077, (3, 10): 0.03076923076923077, (3, 11): 0.02564102564102564, (3, 12): 0.02564102564102564, (3, 13): 0.020512820512820513, (4, 0): 0.02564102564102564, (4, 1): 0.035897435897435895, (4, 2): 0.035897435897435895, (4, 3): 0.041025641025641026, (4, 4): 0.035897435897435895, (4, 5): 0.041025641025641026, (4, 6): 0.035897435897435895, (4, 7): 0.015384615384615385, (4, 8): 0.035897435897435895, (4, 9): 0.03076923076923077, (4, 10): 0.02564102564102564, (4, 11): 0.015384615384615385, (4, 12): 0.020512820512820513, (4, 13): 0.020512820512820513, (5, 0): 0.015384615384615385, (5, 1): 0.03076923076923077, (5, 2): 0.02564102564102564, (5, 3): 0.035897435897435895, (5, 4): 0.035897435897435895, (5, 5): 0.035897435897435895, (5, 6): 0.03076923076923077, (5, 7): 0.035897435897435895, (5, 8): 0.035897435897435895, (5, 9): 0.035897435897435895, (5, 10): 0.02564102564102564, (5, 11): 0.02564102564102564, (5, 12): 0.015384615384615385, (5, 13): 0.015384615384615385, (6, 0): 0.015384615384615385, (6, 1): 0.020512820512820513, (6, 2): 0.015384615384615385, (6, 3): 0.041025641025641026, (6, 4): 0.03076923076923077, (6, 5): 0.035897435897435895, (6, 6): 0.035897435897435895, (6, 7): 0.03076923076923077, (6, 8): 0.035897435897435895, (6, 9): 0.035897435897435895, (6, 10): 0.02564102564102564, (6, 11): 0.02564102564102564, (6, 12): 0.03076923076923077, (6, 13): 0.020512820512820513, (7, 0): 0.020512820512820513, (7, 1): 0.02564102564102564, (7, 2): 0.03076923076923077, (7, 3): 0.03076923076923077, (7, 4): 0.035897435897435895, (7, 5): 0.03076923076923077, (7, 6): 0.035897435897435895, (7, 7): 0.035897435897435895, (7, 8): 0.041025641025641026, (7, 9): 0.035897435897435895, (7, 10): 0.020512820512820513, (7, 11): 0.03076923076923077, (7, 12): 0.03076923076923077, (7, 13): 0.02564102564102564, (8, 0): 0.02564102564102564, (8, 1): 0.03076923076923077, (8, 2): 0.03076923076923077, (8, 3): 0.041025641025641026, (8, 4): 0.03076923076923077, (8, 5): 0.03076923076923077, (8, 6): 0.035897435897435895, (8, 7): 0.035897435897435895, (8, 8): 0.035897435897435895, (8, 9): 0.020512820512820513, (8, 10): 0.03076923076923077, (8, 11): 0.03076923076923077, (8, 12): 0.03076923076923077, (8, 13): 0.02564102564102564, (9, 0): 0.015384615384615385, (9, 1): 0.020512820512820513, (9, 2): 0.035897435897435895, (9, 3): 0.03076923076923077, (9, 4): 0.02564102564102564, (9, 5): 0.041025641025641026, (9, 6): 0.035897435897435895, (9, 7): 0.03076923076923077, (9, 8): 0.035897435897435895, (9, 9): 0.035897435897435895, (9, 10): 0.03076923076923077, (9, 11): 0.02564102564102564, (9, 12): 0.041025641025641026, (9, 13): 0.02564102564102564, (10, 0): 0.02564102564102564, (10, 1): 0.03076923076923077, (10, 2): 0.035897435897435895, (10, 3): 0.03076923076923077, (10, 4): 0.02564102564102564, (10, 5): 0.02564102564102564, (10, 6): 0.035897435897435895, (10, 7): 0.03076923076923077, (10, 8): 0.041025641025641026, (10, 9): 0.02564102564102564, (10, 10): 0.035897435897435895, (10, 11): 0.035897435897435895, (10, 12): 0.02564102564102564, (10, 13): 0.015384615384615385, (11, 0): 0.015384615384615385, (11, 1): 0.041025641025641026, (11, 2): 0.035897435897435895, (11, 3): 0.03076923076923077, (11, 4): 0.035897435897435895, (11, 5): 0.010256410256410256, (11, 6): 0.035897435897435895, (11, 7): 0.035897435897435895, (11, 8): 0.035897435897435895, (11, 9): 0.03076923076923077, (11, 10): 0.035897435897435895, (11, 11): 0.035897435897435895, (11, 12): 0.035897435897435895, (11, 13): 0.020512820512820513, (12, 0): 0.015384615384615385, (12, 1): 0.03076923076923077, (12, 2): 0.041025641025641026, (12, 3): 0.041025641025641026, (12, 4): 0.035897435897435895, (12, 5): 0.02564102564102564, (12, 6): 0.02564102564102564, (12, 7): 0.035897435897435895, (12, 8): 0.020512820512820513, (12, 9): 0.03076923076923077, (12, 10): 0.035897435897435895, (12, 11): 0.03076923076923077, (12, 12): 0.035897435897435895, (12, 13): 0.02564102564102564, (13, 0): 0.015384615384615385, (13, 1): 0.02564102564102564, (13, 2): 0.020512820512820513, (13, 3): 0.020512820512820513, (13, 4): 0.010256410256410256, (13, 5): 0.015384615384615385, (13, 6): 0.010256410256410256, (13, 7): 0.020512820512820513, (13, 8): 0.020512820512820513, (13, 9): 0.02564102564102564, (13, 10): 0.020512820512820513, (13, 11): 0.02564102564102564, (13, 12): 0.02564102564102564, (13, 13): 0.015384615384615385}
eigenvector centrality: {(0, 0): 0.0005863127715882505, (0, 1): 0.0030712457460736987, (0, 2): 0.004362213066895039, (0, 3): 0.007120542536355928, (0, 4): 0.003882423428210642, (0, 5): 0.006982659040074818, (0, 6): 0.007011955175574861, (0, 7): 0.008124382601771011, (0, 8): 0.007176969262863291, (0, 9): 0.010891192126689975, (0, 10): 0.011147806402433702, (0, 11): 0.008230889103782967, (0, 12): 0.004991036626139188, (0, 13): 0.0011540083874100955, (1, 0): 0.0006818811331967814, (1, 1): 0.003778566166336827, (1, 2): 0.01093261776816541, (1, 3): 0.017731621233565954, (1, 4): 0.019603693955404514, (1, 5): 0.014623229900345192, (1, 6): 0.00345827646580619, (1, 7): 0.015154275755958355, (1, 8): 0.0226618966405302, (1, 9): 0.015688160384623076, (1, 10): 0.020217344111689323, (1, 11): 0.016330068448750297, (1, 12): 0.007386839712502193, (1, 13): 0.0027005733206514116, (2, 0): 0.00950165438758605, (2, 1): 0.009481775378849937, (2, 2): 0.03591859812300683, (2, 3): 0.036561891383498656, (2, 4): 0.031039917067040783, (2, 5): 0.05708968960162779, (2, 6): 0.048570846191074754, (2, 7): 0.030501398510460517, (2, 8): 0.035502565974499266, (2, 9): 0.022021596564084714, (2, 10): 0.02544106500660441, (2, 11): 0.01966113529044106, (2, 12): 0.007453083619605407, (2, 13): 0.002446510521608384, (3, 0): 0.013843443331632283, (3, 1): 0.04319985116459221, (3, 2): 0.05644612399539673, (3, 3): 0.07329872554932997, (3, 4): 0.07268454125398606, (3, 5): 0.10503186138205423, (3, 6): 0.08850702214784195, (3, 7): 0.05807391893449333, (3, 8): 0.037137963334575946, (3, 9): 0.041168266229210236, (3, 10): 0.02640864348799199, (3, 11): 0.01704126266930735, (3, 12): 0.0055727485212643, (3, 13): 0.003442778926621516, (4, 0): 0.026431147545125124, (4, 1): 0.05232726964775357, (4, 2): 0.08206110837111949, (4, 3): 0.12001388506382943, (4, 4): 0.13819337239569637, (4, 5): 0.15208634920712355, (4, 6): 0.11518728696247883, (4, 7): 0.04746186179231595, (4, 8): 0.08507471497052796, (4, 9): 0.053952093098766134, (4, 10): 0.031226124848652392, (4, 11): 0.011777183304303794, (4, 12): 0.006343637880728318, (4, 13): 0.002667660806221548, (5, 0): 0.01495938652023934, (5, 1): 0.04486016023276097, (5, 2): 0.066996910881427, (5, 3): 0.12458692142344101, (5, 4): 0.15395456898823523, (5, 5): 0.1556161203299353, (5, 6): 0.1443408942915027, (5, 7): 0.13054294797205904, (5, 8): 0.12432856198132555, (5, 9): 0.09935510856107435, (5, 10): 0.051756010098520606, (5, 11): 0.01775013241354415, (5, 12): 0.005688931592401163, (5, 13): 0.002370947072990003, (6, 0): 0.0126223476662061, (6, 1): 0.01699870113625665, (6, 2): 0.04671700852814758, (6, 3): 0.12959209980009445, (6, 4): 0.12695893121604496, (6, 5): 0.16538474024349215, (6, 6): 0.16857627332458042, (6, 7): 0.151718161063071, (6, 8): 0.15063022891911898, (6, 9): 0.1245428418979844, (6, 10): 0.06840298827434525, (6, 11): 0.021232469266828827, (6, 12): 0.012513423215532308, (6, 13): 0.0061646901629142286, (7, 0): 0.013211575591129685, (7, 1): 0.01893756338023184, (7, 2): 0.06801540848797592, (7, 3): 0.10536409337672005, (7, 4): 0.13692960739547957, (7, 5): 0.13212233361733325, (7, 6): 0.17224972619512255, (7, 7): 0.18268690636056434, (7, 8): 0.1789514098242226, (7, 9): 0.12375844546458, (7, 10): 0.038425683384177685, (7, 11): 0.025917376432594584, (7, 12): 0.014116708407402995, (7, 13): 0.010457142253572785, (8, 0): 0.014999233468967045, (8, 1): 0.03363075100214696, (8, 2): 0.04675389478258781, (8, 3): 0.10302506680373151, (8, 4): 0.10991179010216853, (8, 5): 0.13108027004378564, (8, 6): 0.17163362407775093, (8, 7): 0.18203841637518686, (8, 8): 0.16580592193342109, (8, 9): 0.06426055473958779, (8, 10): 0.06539911496332701, (8, 11): 0.03256185048612463, (8, 12): 0.020065966501681506, (8, 13): 0.014071577408414013, (9, 0): 0.0097042197234687, (9, 1): 0.020524113730700212, (9, 2): 0.05334961006406475, (9, 3): 0.05513444461956359, (9, 4): 0.08399630201359616, (9, 5): 0.14209853446462894, (9, 6): 0.14993131516868477, (9, 7): 0.13851452344195891, (9, 8): 0.14393893378455683, (9, 9): 0.11140445257545135, (9, 10): 0.055562672116561074, (9, 11): 0.03770004450330386, (9, 12): 0.03074590253667841, (9, 13): 0.014680656534288239, (10, 0): 0.016268876661896074, (10, 1): 0.030846110574294608, (10, 2): 0.04678756522986867, (10, 3): 0.05153398782660312, (10, 4): 0.05145658952062422, (10, 5): 0.08512681628049384, (10, 6): 0.12641175466847188, (10, 7): 0.11385649907123328, (10, 8): 0.1288802277027326, (10, 9): 0.0808202617315839, (10, 10): 0.0639668030040093, (10, 11): 0.048630749675839406, (10, 12): 0.020216084307058842, (10, 13): 0.008864727106651777, (11, 0): 0.010864777972965435, (11, 1): 0.03219310584478943, (11, 2): 0.03913420586502565, (11, 3): 0.037284077142112876, (11, 4): 0.04331160873011159, (11, 5): 0.011304156643457821, (11, 6): 0.08312441913543575, (11, 7): 0.09648033585356632, (11, 8): 0.07752200878679692, (11, 9): 0.06239058324111748, (11, 10): 0.05063549529656435, (11, 11): 0.04310424434305986, (11, 12): 0.02955012785628293, (11, 13): 0.011312377469020462, (12, 0): 0.008118967654742827, (12, 1): 0.021079601191991506, (12, 2): 0.032957361585665736, (12, 3): 0.0350881851289248, (12, 4): 0.029042621316459048, (12, 5): 0.027922699423561383, (12, 6): 0.02881316331075984, (12, 7): 0.05344581401256337, (12, 8): 0.03430291314421233, (12, 9): 0.03987399211667474, (12, 10): 0.03846131720999052, (12, 11): 0.027668489920406575, (12, 12): 0.024430011573002567, (12, 13): 0.013773581523214121, (13, 0): 0.006617291214261962, (13, 1): 0.013156009698816687, (13, 2): 0.015433111552549608, (13, 3): 0.017579747428012635, (13, 4): 0.009844451678939384, (13, 5): 0.013401495122996418, (13, 6): 0.012851603532496519, (13, 7): 0.02160082743026515, (13, 8): 0.02169775160026008, (13, 9): 0.023958655275423974, (13, 10): 0.019013464413965602, (13, 11): 0.019402569630063028, (13, 12): 0.014612522321279079, (13, 13): 0.00825196996302264}
closeness centrality: {(0, 0): 0.10394456289978678, (0, 1): 0.11579572446555819, (0, 2): 0.12225705329153605, (0, 3): 0.12761780104712042, (0, 4): 0.12172284644194757, (0, 5): 0.13184584178498987, (0, 6): 0.13238289205702647, (0, 7): 0.13448275862068965, (0, 8): 0.1322930800542741, (0, 9): 0.1330150068212824, (0, 10): 0.12862796833773088, (0, 11): 0.12256442489000628, (0, 12): 0.11803874092009685, (0, 13): 0.11200459506031017, (1, 0): 0.10767531750414136, (1, 1): 0.12044471896232242, (1, 2): 0.130173564753004, (1, 3): 0.1383960255500355, (1, 4): 0.14444444444444443, (1, 5): 0.1448736998514116, (1, 6): 0.13184584178498987, (1, 7): 0.14595808383233533, (1, 8): 0.14772727272727273, (1, 9): 0.1429618768328446, (1, 10): 0.13859275053304904, (1, 11): 0.13328776486671223, (1, 12): 0.12605042016806722, (1, 13): 0.11572700296735905, (2, 0): 0.12302839116719243, (2, 1): 0.12828947368421054, (2, 2): 0.1414068165337201, (2, 3): 0.14672686230248308, (2, 4): 0.15500794912559618, (2, 5): 0.16062602965403625, (2, 6): 0.16142384105960264, (2, 7): 0.16075845012366036, (2, 8): 0.16062602965403625, (2, 9): 0.1543942992874109, (2, 10): 0.15057915057915058, (2, 11): 0.1429618768328446, (2, 12): 0.130173564753004, (2, 13): 0.11992619926199262, (3, 0): 0.12596899224806202, (3, 1): 0.13859275053304904, (3, 2): 0.15092879256965944, (3, 3): 0.15944399018806213, (3, 4): 0.16853932584269662, (3, 5): 0.1752021563342318, (3, 6): 0.1790633608815427, (3, 7): 0.17840805123513268, (3, 8): 0.16553480475382004, (3, 9): 0.16781411359724613, (3, 10): 0.1598360655737705, (3, 11): 0.15034695451040864, (3, 12): 0.13513513513513514, (3, 13): 0.12753433616742968, (4, 0): 0.13122476446837147, (4, 1): 0.14508928571428573, (4, 2): 0.15587529976019185, (4, 3): 0.16897746967071056, (4, 4): 0.17873510540788268, (4, 5): 0.18913676042677013, (4, 6): 0.19136408243375858, (4, 7): 0.17955801104972377, (4, 8): 0.18768046198267566, (4, 9): 0.17775752051048313, (4, 10): 0.16738197424892703, (4, 11): 0.1524628616106333, (4, 12): 0.14306676449009537, (4, 13): 0.13157894736842105, (5, 0): 0.13504155124653738, (5, 1): 0.14628657164291073, (5, 2): 0.16129032258064516, (5, 3): 0.1742627345844504, (5, 4): 0.1885880077369439, (5, 5): 0.19637462235649547, (5, 6): 0.20228215767634855, (5, 7): 0.20228215767634855, (5, 8): 0.1942231075697211, (5, 9): 0.1875, (5, 10): 0.17120280948200176, (5, 11): 0.15853658536585366, (5, 12): 0.14391143911439114, (5, 13): 0.1322930800542741, (6, 0): 0.13588850174216027, (6, 1): 0.14772727272727273, (6, 2): 0.1580226904376013, (6, 3): 0.17972350230414746, (6, 4): 0.1904296875, (6, 5): 0.20291363163371487, (6, 6): 0.20788912579957355, (6, 7): 0.20945220193340494, (6, 8): 0.20228215767634855, (6, 9): 0.1880424300867888, (6, 10): 0.17535971223021582, (6, 11): 0.16049382716049382, (6, 12): 0.14874141876430205, (6, 13): 0.13448275862068965, (7, 0): 0.13402061855670103, (7, 1): 0.14519731943410275, (7, 2): 0.16483516483516483, (7, 3): 0.17939282428702852, (7, 4): 0.19230769230769232, (7, 5): 0.20103092783505155, (7, 6): 0.20967741935483872, (7, 7): 0.20788912579957355, (7, 8): 0.203125, (7, 9): 0.1906158357771261, (7, 10): 0.17379679144385027, (7, 11): 0.1597051597051597, (7, 12): 0.1472809667673716, (7, 13): 0.13513513513513514, (8, 0): 0.13310580204778158, (8, 1): 0.14783927217589082, (8, 2): 0.16023007395234182, (8, 3): 0.17551755175517553, (8, 4): 0.1885880077369439, (8, 5): 0.1985743380855397, (8, 6): 0.20270270270270271, (8, 7): 0.20270270270270271, (8, 8): 0.19519519519519518, (8, 9): 0.18448438978240303, (8, 10): 0.17535971223021582, (8, 11): 0.1598360655737705, (8, 12): 0.14401772525849335, (8, 13): 0.1337448559670782, (9, 0): 0.12965425531914893, (9, 1): 0.1422319474835886, (9, 2): 0.1565008025682183, (9, 3): 0.16567544604927784, (9, 4): 0.17955801104972377, (9, 5): 0.18895348837209303, (9, 6): 0.18950437317784258, (9, 7): 0.1902439024390244, (9, 8): 0.1867816091954023, (9, 9): 0.1792279411764706, (9, 10): 0.16956521739130434, (9, 11): 0.15625, (9, 12): 0.14306676449009537, (9, 13): 0.12931034482758622, (10, 0): 0.12803676953381485, (10, 1): 0.1395848246241947, (10, 2): 0.1497695852534562, (10, 3): 0.16009852216748768, (10, 4): 0.16897746967071056, (10, 5): 0.17348754448398576, (10, 6): 0.17840805123513268, (10, 7): 0.1752021563342318, (10, 8): 0.17551755175517553, (10, 9): 0.16810344827586207, (10, 10): 0.1595744680851064, (10, 11): 0.15092879256965944, (10, 12): 0.13504155124653738, (10, 13): 0.12629533678756477, (11, 0): 0.12149532710280374, (11, 1): 0.13256288239293, (11, 2): 0.1429618768328446, (11, 3): 0.15057915057915058, (11, 4): 0.1565008025682183, (11, 5): 0.13598326359832635, (11, 6): 0.1615575807787904, (11, 7): 0.1651143099068586, (11, 8): 0.16049382716049382, (11, 9): 0.15637530072173217, (11, 10): 0.1480637813211845, (11, 11): 0.14161220043572983, (11, 12): 0.13328776486671223, (11, 13): 0.12172284644194757, (12, 0): 0.11746987951807229, (12, 1): 0.12629533678756477, (12, 2): 0.13347022587268995, (12, 3): 0.1395848246241947, (12, 4): 0.1429618768328446, (12, 5): 0.14672686230248308, (12, 6): 0.1455223880597015, (12, 7): 0.1486280487804878, (12, 8): 0.14705882352941177, (12, 9): 0.14327700220426157, (12, 10): 0.1390870185449358, (12, 11): 0.13087248322147652, (12, 12): 0.1252408477842004, (12, 13): 0.1183252427184466, (13, 0): 0.11245674740484429, (13, 1): 0.1183252427184466, (13, 2): 0.12357414448669202, (13, 3): 0.12736773350751143, (13, 4): 0.13122476446837147, (13, 5): 0.13337893296853626, (13, 6): 0.13166779203241052, (13, 7): 0.1337448559670782, (13, 8): 0.13392857142857142, (13, 9): 0.1326530612244898, (13, 10): 0.1270358306188925, (13, 11): 0.12326169405815424, (13, 12): 0.11648745519713262, (13, 13): 0.11161991986262164}
betweenness centrality: {(0, 0): 7.049079214027667e-05, (0, 1): 0.00989977062967611, (0, 2): 0.005111308814086045, (0, 3): 0.003596980410296407, (0, 4): 0.0, (0, 5): 0.006867422875722972, (0, 6): 0.0071738218649929075, (0, 7): 0.003996529959692737, (0, 8): 0.0, (0, 9): 0.006130806754201455, (0, 10): 0.005047747403047119, (0, 11): 0.001303456255720424, (0, 12): 9.692483919288042e-05, (0, 13): 0.0, (1, 0): 0.0007008696616858314, (1, 1): 0.01296736466357945, (1, 2): 0.026254433829297236, (1, 3): 0.0396716852490744, (1, 4): 0.03207844226600362, (1, 5): 0.012671446525404265, (1, 6): 0.0018577840549920523, (1, 7): 0.027266322147012887, (1, 8): 0.04315720996927054, (1, 9): 0.016864580542730555, (1, 10): 0.025501065401345564, (1, 11): 0.02170762698143825, (1, 12): 0.01918931439670459, (1, 13): 8.28266807648251e-05, (2, 0): 0.010850286707680356, (2, 1): 0.0015304495581446127, (2, 2): 0.026880080428210436, (2, 3): 0.02278329938509923, (2, 4): 0.0351173377950148, (2, 5): 0.04396090545366808, (2, 6): 0.04573119888269856, (2, 7): 0.028782799380900212, (2, 8): 0.05052124425639982, (2, 9): 0.026269415731659265, (2, 10): 0.03605388686754939, (2, 11): 0.0515914903885558, (2, 12): 0.009788245363699148, (2, 13): 0.002077099361201637, (3, 0): 0.004462852284258334, (3, 1): 0.02959928604846401, (3, 2): 0.02285219222011279, (3, 3): 0.04025871075373704, (3, 4): 0.0342095524874131, (3, 5): 0.04252330504624229, (3, 6): 0.06924505661804528, (3, 7): 0.05209376825783861, (3, 8): 0.019769445658827028, (3, 9): 0.04046737873187784, (3, 10): 0.03939030902665624, (3, 11): 0.024256415877897813, (3, 12): 0.019096310771457372, (3, 13): 0.004887279893973396, (4, 0): 0.009192942261722806, (4, 1): 0.019050121136746354, (4, 2): 0.0352952827390002, (4, 3): 0.050902311194322626, (4, 4): 0.05442424384884639, (4, 5): 0.0809250628483268, (4, 6): 0.06512186938566589, (4, 7): 0.0017905323732964557, (4, 8): 0.08655103316184243, (4, 9): 0.05265800620325524, (4, 10): 0.033166755468247426, (4, 11): 0.004710278608891963, (4, 12): 0.019153136051743083, (4, 13): 0.0194410550680347, (5, 0): 0.011176349227185672, (5, 1): 0.01786789862227129, (5, 2): 0.026953033746583196, (5, 3): 0.039867321775501834, (5, 4): 0.06911447554810411, (5, 5): 0.049375867861323364, (5, 6): 0.06707607906868568, (5, 7): 0.09757905060112883, (5, 8): 0.0721835109320014, (5, 9): 0.06288996309060774, (5, 10): 0.03276466597552008, (5, 11): 0.037129008199187186, (5, 12): 0.021165147843338974, (5, 13): 0.005948843741917281, (6, 0): 0.010445985785998329, (6, 1): 0.019538408171562983, (6, 2): 0.004928020898572487, (6, 3): 0.08460010892196301, (6, 4): 0.03809848363086193, (6, 5): 0.08332521542855974, (6, 6): 0.061659784493591656, (6, 7): 0.0807197155256696, (6, 8): 0.08154138371338102, (6, 9): 0.03428945300208916, (6, 10): 0.012132173979186195, (6, 11): 0.030642901543658785, (6, 12): 0.03508647203243482, (6, 13): 0.007103143373615803, (7, 0): 0.0037973658164765843, (7, 1): 0.012452379333728836, (7, 2): 0.05503445643947521, (7, 3): 0.032058544216369673, (7, 4): 0.06935847894470755, (7, 5): 0.03894900099923827, (7, 6): 0.0847409270514572, (7, 7): 0.0666222353539886, (7, 8): 0.08522645399243552, (7, 9): 0.06999807056439725, (7, 10): 0.028654936726420985, (7, 11): 0.04353634107556101, (7, 12): 0.014875833064220554, (7, 13): 0.00981310331717036, (8, 0): 0.007263644644286458, (8, 1): 0.019248682092488006, (8, 2): 0.030785921269828757, (8, 3): 0.07966685496254285, (8, 4): 0.045126566902297056, (8, 5): 0.054818668511225535, (8, 6): 0.07475522025709438, (8, 7): 0.07286273994979273, (8, 8): 0.06353758575843996, (8, 9): 0.033157069535097596, (8, 10): 0.06288931902080902, (8, 11): 0.03060435596233969, (8, 12): 0.013984775540509252, (8, 13): 0.010516652404309584, (9, 0): 0.003046742673121443, (9, 1): 0.011397177474626255, (9, 2): 0.04238030621646725, (9, 3): 0.02968081582879963, (9, 4): 0.04262206422357286, (9, 5): 0.11606062293861677, (9, 6): 0.04832630375919671, (9, 7): 0.04723145345483483, (9, 8): 0.04574025310608469, (9, 9): 0.06835475170038399, (9, 10): 0.044261206671244085, (9, 11): 0.018947042409895656, (9, 12): 0.033385286969932225, (9, 13): 0.005450498899048356, (10, 0): 0.00658972936697454, (10, 1): 0.01710594519881974, (10, 2): 0.030137119182842606, (10, 3): 0.03800006307806449, (10, 4): 0.05166073395112344, (10, 5): 0.04536313651628324, (10, 6): 0.054675921296522566, (10, 7): 0.028717848176362203, (10, 8): 0.06697817530861667, (10, 9): 0.021675425997066743, (10, 10): 0.04942453848327505, (10, 11): 0.03846792841715698, (10, 12): 0.011265300803998046, (10, 13): 0.0025070697024023223, (11, 0): 0.0004972802246156359, (11, 1): 0.021587984118889868, (11, 2): 0.03175244280541771, (11, 3): 0.029953450187668384, (11, 4): 0.04611975743459607, (11, 5): 0.0, (11, 6): 0.05344890626492964, (11, 7): 0.041092252651283245, (11, 8): 0.03442214676150459, (11, 9): 0.04188269536340494, (11, 10): 0.025307784163397178, (11, 11): 0.031045504398268076, (11, 12): 0.01994667686144803, (11, 13): 0.002263057348377134, (12, 0): 0.0014790296633912662, (12, 1): 0.011318635309073283, (12, 2): 0.02140110984825851, (12, 3): 0.027166805538884196, (12, 4): 0.020277785641289903, (12, 5): 0.025376236454694646, (12, 6): 0.013801539325253074, (12, 7): 0.028075003446521123, (12, 8): 0.01078302993088585, (12, 9): 0.015967057713611666, (12, 10): 0.0233078419951162, (12, 11): 0.010180901379949, (12, 12): 0.012813926073232082, (12, 13): 0.0026604446286215794, (13, 0): 1.7622698035069167e-05, (13, 1): 0.0033337204455252656, (13, 2): 0.002133906914414792, (13, 3): 0.0024721633862130137, (13, 4): 0.0022919414799746486, (13, 5): 0.007793930640213869, (13, 6): 0.0, (13, 7): 0.002355371835987549, (13, 8): 0.006395551135505657, (13, 9): 0.007128072783348269, (13, 10): 0.002408693340963399, (13, 11): 0.004203473459007233, (13, 12): 0.0018255976706262026, (13, 13): 0.0}
katz centrality: {(0, 0): 0.038062525700917865, (0, 1): 0.048466701951569366, (0, 2): 0.046222815067759465, (0, 3): 0.051107200205206364, (0, 4): 0.04137614487260253, (0, 5): 0.050026171849118034, (0, 6): 0.05150125634181987, (0, 7): 0.05381858306241247, (0, 8): 0.04913665066770157, (0, 9): 0.059148077629183934, (0, 10): 0.0649593097510724, (0, 11): 0.0581240356289994, (0, 12): 0.05020294947011291, (0, 13): 0.03586875951622783, (1, 0): 0.03807069251583852, (1, 1): 0.048556536915696474, (1, 2): 0.057737279289549075, (1, 3): 0.06856638597904816, (1, 4): 0.06081879359088277, (1, 5): 0.053038231090142544, (1, 6): 0.040815574926564374, (1, 7): 0.0640417148747548, (1, 8): 0.07941834619807772, (1, 9): 0.06624288718373196, (1, 10): 0.08677237061718653, (1, 11): 0.08521786390985141, (1, 12): 0.06459973262050753, (1, 13): 0.04675813694823668, (2, 0): 0.04720283285823692, (2, 1): 0.04747821986259212, (2, 2): 0.07021708564481385, (2, 3): 0.07118561906319483, (2, 4): 0.06312814515951554, (2, 5): 0.07321469627048939, (2, 6): 0.0716388750092011, (2, 7): 0.060721615561839484, (2, 8): 0.07804290510002805, (2, 9): 0.06894316535935424, (2, 10): 0.08360065036815105, (2, 11): 0.08739985379975015, (2, 12): 0.062431874300963135, (2, 13): 0.04646190001912534, (3, 0): 0.05273997114978741, (3, 1): 0.0766439579751145, (3, 2): 0.07645688177519502, (3, 3): 0.078581035940722, (3, 4): 0.0711886566505097, (3, 5): 0.08725646298369663, (3, 6): 0.08402816676931726, (3, 7): 0.0680351834919134, (3, 8): 0.06750951876832804, (3, 9): 0.0754704718952651, (3, 10): 0.07291299938751054, (3, 11): 0.06520191617082192, (3, 12): 0.05917326808073856, (3, 13): 0.051681757729283614, (4, 0): 0.06198683826015975, (4, 1): 0.07840892724334331, (4, 2): 0.08533918027783813, (4, 3): 0.09544432934299109, (4, 4): 0.09307940076141638, (4, 5): 0.0987550702066334, (4, 6): 0.08657190162762807, (4, 7): 0.05360957808332703, (4, 8): 0.08401142079706266, (4, 9): 0.07453936198979964, (4, 10): 0.06256265565816593, (4, 11): 0.048829877109546865, (4, 12): 0.0514551399528711, (4, 13): 0.049669432416492555, (5, 0): 0.0486383999133016, (5, 1): 0.06934926377827971, (5, 2): 0.07158688791177342, (5, 3): 0.08928953804438645, (5, 4): 0.09483384952629915, (5, 5): 0.0925458590276641, (5, 6): 0.08395854217803178, (5, 7): 0.08740083317195801, (5, 8): 0.08883869084989332, (5, 9): 0.0842322852616983, (5, 10): 0.06525853487275726, (5, 11): 0.05873525350802153, (5, 12): 0.046906826234319444, (5, 13): 0.04484460957881295, (6, 0): 0.04748634351811698, (6, 1): 0.051900371087742175, (6, 2): 0.0545965980297948, (6, 3): 0.09323931593351095, (6, 4): 0.08227484403024313, (6, 5): 0.09189711940461832, (6, 6): 0.09074409272078751, (6, 7): 0.08415458470688574, (6, 8): 0.09218624292107919, (6, 9): 0.0877743171086789, (6, 10): 0.06760312786757515, (6, 11): 0.06015250243982789, (6, 12): 0.06515846494510329, (6, 13): 0.053233660876995034, (7, 0): 0.05333244332542442, (7, 1): 0.05952593777337709, (7, 2): 0.07545866157880776, (7, 3): 0.08074533359975958, (7, 4): 0.08951958407227459, (7, 5): 0.08094341175072109, (7, 6): 0.09100655994911218, (7, 7): 0.09399201350477701, (7, 8): 0.09891808532448507, (7, 9): 0.08661834144753001, (7, 10): 0.05805993744331602, (7, 11): 0.07037537458566262, (7, 12): 0.06683648872045306, (7, 13): 0.06140918298381038, (8, 0): 0.058220619022506775, (8, 1): 0.06958964282884753, (8, 2): 0.07254246649710444, (8, 3): 0.0924816232993423, (8, 4): 0.08039144454164573, (8, 5): 0.08140972965137706, (8, 6): 0.09240324804730315, (8, 7): 0.09442555066765787, (8, 8): 0.093000468117801, (8, 9): 0.06294147222867008, (8, 10): 0.07455337315059424, (8, 11): 0.07213754013645603, (8, 12): 0.07082751392242095, (8, 13): 0.06394783883136046, (9, 0): 0.048795659743383644, (9, 1): 0.05687464401226428, (9, 2): 0.08272843754948399, (9, 3): 0.07740629293663431, (9, 4): 0.0719361496759418, (9, 5): 0.09420048047664713, (9, 6): 0.09039643303146504, (9, 7): 0.08451385065022451, (9, 8): 0.09045083615986421, (9, 9): 0.0869981408817002, (9, 10): 0.07485726038815035, (9, 11): 0.06965527943245783, (9, 12): 0.08351217305078167, (9, 13): 0.06280516709436777, (10, 0): 0.06116705451177677, (10, 1): 0.07448106135778206, (10, 2): 0.08557289226956374, (10, 3): 0.07679035624863474, (10, 4): 0.06985929096044313, (10, 5): 0.07280027445841193, (10, 6): 0.0887203718581125, (10, 7): 0.08281269161452243, (10, 8): 0.09607928674592835, (10, 9): 0.07259051037903695, (10, 10): 0.08627759949333635, (10, 11): 0.08598424595163916, (10, 12): 0.06611951915611604, (10, 13): 0.0495567634412276, (11, 0): 0.05128524705323513, (11, 1): 0.08614607040933177, (11, 2): 0.08631263655250968, (11, 3): 0.07777620509949007, (11, 4): 0.07833171230125424, (11, 5): 0.044773322813635184, (11, 6): 0.08226588437486955, (11, 7): 0.08612624143321379, (11, 8): 0.0834317170729555, (11, 9): 0.07978101672599522, (11, 10): 0.08582472746101011, (11, 11): 0.0855874615506397, (11, 12): 0.0800400955982448, (11, 13): 0.055162431725355864, (12, 0): 0.048868275594640666, (12, 1): 0.07145148306947187, (12, 2): 0.08823419114256711, (12, 3): 0.08636244848597495, (12, 4): 0.07531365329332673, (12, 5): 0.062344065359489394, (12, 6): 0.059875453254901005, (12, 7): 0.07589188322827364, (12, 8): 0.057972716895704844, (12, 9): 0.07178765277963146, (12, 10): 0.08032132116532012, (12, 11): 0.0744201144017679, (12, 12): 0.07721924413895949, (12, 13): 0.061820076516199106, (13, 0): 0.04753240401828978, (13, 1): 0.060916418977014344, (13, 2): 0.05898997340340316, (13, 3): 0.060298812886704266, (13, 4): 0.0442794376387235, (13, 5): 0.049162103444948806, (13, 6): 0.04298551990249456, (13, 7): 0.054361279056652875, (13, 8): 0.055784874645878425, (13, 9): 0.06172006885245548, (13, 10): 0.05724626049624908, (13, 11): 0.06454569962331284, (13, 12): 0.062162193489060935, (13, 13): 0.04952893766859904}
;
