25 59 3
4 2 1
0 2 1
5
param Vertices :=
1 0.0
2 0.1
3 0.2
4 0.3
5 0.4
6 1.0
7 1.1
8 1.2
9 1.3
10 1.4
11 2.0
12 2.1
13 2.2
14 2.3
15 2.4
16 3.0
17 3.1
18 3.2
19 3.3
20 3.4
21 4.0
22 4.1
23 4.2
24 4.3
25 4.4
;
param Edges :=
1 6
1 2
1 7
2 7
2 3
2 8
2 6
3 8
3 9
3 7
4 9
4 5
5 10
5 9
6 7
6 12
7 12
7 8
7 13
7 11
8 9
8 14
8 12
9 13
10 15
10 14
11 16
11 12
12 17
12 13
12 18
12 16
13 18
13 19
13 17
14 19
14 15
14 20
14 18
15 20
15 19
16 21
16 22
17 22
17 18
17 23
17 21
18 23
18 19
18 24
18 22
19 24
19 25
20 25
20 24
21 22
22 23
23 24
24 25
;
param Grid_Label_Edges :=
0 0 1 0
0 0 0 1
0 0 1 1
0 1 1 1
0 1 0 2
0 1 1 2
0 1 1 0
0 2 1 2
0 2 1 3
0 2 1 1
0 3 1 3
0 3 0 4
0 4 1 4
0 4 1 3
1 0 1 1
1 0 2 1
1 1 2 1
1 1 1 2
1 1 2 2
1 1 2 0
1 2 1 3
1 2 2 3
1 2 2 1
1 3 2 2
1 4 2 4
1 4 2 3
2 0 3 0
2 0 2 1
2 1 3 1
2 1 2 2
2 1 3 2
2 1 3 0
2 2 3 2
2 2 3 3
2 2 3 1
2 3 3 3
2 3 2 4
2 3 3 4
2 3 3 2
2 4 3 4
2 4 3 3
3 0 4 0
3 0 4 1
3 1 4 1
3 1 3 2
3 1 4 2
3 1 4 0
3 2 4 2
3 2 3 3
3 2 4 3
3 2 4 1
3 3 4 3
3 3 4 4
3 4 4 4
3 4 4 3
4 0 4 1
4 1 4 2
4 2 4 3
4 3 4 4
;
param Centralities :=
degree centrality: {(0, 0): 0.125, (0, 1): 0.20833333333333331, (0, 2): 0.16666666666666666, (0, 3): 0.08333333333333333, (0, 4): 0.125, (1, 0): 0.16666666666666666, (1, 1): 0.3333333333333333, (1, 2): 0.25, (1, 3): 0.20833333333333331, (1, 4): 0.125, (2, 0): 0.125, (2, 1): 0.3333333333333333, (2, 2): 0.25, (2, 3): 0.25, (2, 4): 0.16666666666666666, (3, 0): 0.16666666666666666, (3, 1): 0.25, (3, 2): 0.3333333333333333, (3, 3): 0.25, (3, 4): 0.16666666666666666, (4, 0): 0.125, (4, 1): 0.20833333333333331, (4, 2): 0.16666666666666666, (4, 3): 0.20833333333333331, (4, 4): 0.125}
eigenvector centrality: {(0, 0): 0.12474973460553242, (0, 1): 0.18879925919552615, (0, 2): 0.16421917537502875, (0, 3): 0.03476936239890765, (0, 4): 0.04475073552930762, (1, 0): 0.18029401554768548, (1, 1): 0.3144923303310537, (1, 2): 0.2507992037889865, (1, 3): 0.14577269737205234, (1, 4): 0.06467501219495912, (2, 0): 0.15029505263466986, (2, 1): 0.35990604287870054, (2, 2): 0.3042424235322773, (2, 3): 0.20109871786891015, (2, 4): 0.10854243721782772, (3, 0): 0.14916321324635232, (3, 1): 0.27393316146424046, (3, 2): 0.34892947201712127, (3, 3): 0.2240965186018505, (3, 4): 0.1048958339828736, (4, 0): 0.11270021734900519, (4, 1): 0.19445545547467222, (4, 2): 0.18081057204369688, (4, 3): 0.1734488741419967, (4, 4): 0.09169363601632965}
closeness centrality: {(0, 0): 0.3380281690140845, (0, 1): 0.3870967741935484, (0, 2): 0.39344262295081966, (0, 3): 0.32432432432432434, (0, 4): 0.34285714285714286, (1, 0): 0.38095238095238093, (1, 1): 0.48, (1, 2): 0.5106382978723404, (1, 3): 0.4444444444444444, (1, 4): 0.36923076923076925, (2, 0): 0.3870967741935484, (2, 1): 0.5217391304347826, (2, 2): 0.5454545454545454, (2, 3): 0.5, (2, 4): 0.38095238095238093, (3, 0): 0.38095238095238093, (3, 1): 0.47058823529411764, (3, 2): 0.5333333333333333, (3, 3): 0.47058823529411764, (3, 4): 0.36923076923076925, (4, 0): 0.34285714285714286, (4, 1): 0.39344262295081966, (4, 2): 0.39344262295081966, (4, 3): 0.39344262295081966, (4, 4): 0.34285714285714286}
betweenness centrality: {(0, 0): 0.0, (0, 1): 0.023792270531400966, (0, 2): 0.01868530020703934, (0, 3): 0.0, (0, 4): 0.019021739130434784, (1, 0): 0.01670769850117676, (1, 1): 0.13122566845392933, (1, 2): 0.15145701721788676, (1, 3): 0.13353749712445365, (1, 4): 0.03205659075224293, (2, 0): 0.009200089363132841, (2, 1): 0.19154821627647717, (2, 2): 0.17821010511227903, (2, 3): 0.1676599467360337, (2, 4): 0.01601104209799862, (3, 0): 0.02863380580771885, (3, 1): 0.07918878625400363, (3, 2): 0.18769011785316134, (3, 3): 0.09620427881297448, (3, 4): 0.01898004370830458, (4, 0): 0.0012077294685990338, (4, 1): 0.0337991718426501, (4, 2): 0.01462215320910973, (4, 3): 0.03963077984817115, (4, 4): 0.0015096618357487923}
katz centrality: {(0, 0): 0.16207028375960114, (0, 1): 0.19987577957467492, (0, 2): 0.18545998736654384, (0, 3): 0.1306449711799717, (0, 4): 0.14436759960303128, (1, 0): 0.18703288769594437, (1, 1): 0.2622415152948104, (1, 2): 0.2304004665992677, (1, 3): 0.19052945716610398, (1, 4): 0.1509489126536553, (2, 0): 0.1685655577400701, (2, 1): 0.2745886432997755, (2, 2): 0.2428688918816436, (2, 3): 0.21975662826018671, (2, 4): 0.1738122436427531, (3, 0): 0.17727276377553325, (3, 1): 0.23096393078740135, (3, 2): 0.27498776419250254, (3, 3): 0.2238249530452611, (3, 4): 0.17203928743784644, (4, 0): 0.15798273920712919, (4, 1): 0.20003804247777537, (4, 2): 0.18762057178460553, (4, 3): 0.19866332535779457, (4, 4): 0.15660802208714836}
;
